4326;POLYGON((111.5 -43.75,112.0 -43.75,112.0 -44.25,111.5 -44.25,111.5 -43.75))
28348;POLYGON((1023363 5135319,1063630 5132023,1058892 5076475,1018967 5079773,1023363 5135319))
28349;POLYGON((540255 5155772,580510 5155407,579836 5099873,539918 5100238,540255 5155772))
28350;POLYGON((57165 5141172,97427 5143730,100802 5088189,60880 5085629,57165 5141172))
28351;POLYGON((-426110 5091176,-385827 5096718,-378324 5041155,-418256 5035612,-426110 5091176))
28352;POLYGON((-909612 5004612,-869316 5013266,-857513 4957697,-897440 4949044,-909612 5004612))
28353;POLYGON((-1393026 4879468,-1352762 4891434,-1336389 4835925,-1376257 4823969,-1393026 4879468))
28354;POLYGON((-1875442 4712893,-1835315 4728441,-1814009 4673139,-1853705 4657618,-1875442 4712893))
28355;POLYGON((-2355060 4501206,-2315263 4520673,-2288568 4465847,-2327893 4446436,-2355060 4501206))
28356;POLYGON((-2828816 4239959,-2789664 4263743,-2757045 4209833,-2795677 4186151,-2828816 4239959))
28357;POLYGON((-3291901 3924061,-3253874 3952606,-3214736 3900290,-3252191 3871918,-3291901 3924061))
28358;POLYGON((-3737162 3548024,-3700964 3581794,-3654683 3532072,-3690259 3498577,-3737162 3548024))
3113;POLYGON((-3280114 -2563877,-3240947 -2540084,-3208316 -2594015,-3246963 -2617705,-3280114 -2563877))
3111;POLYGON((-161372 1275658,-123266 1289536,-104249 1236889,-142078 1223111,-161372 1275658))
3107;POLYGON((-914955 480431,-874836 489201,-862854 433772,-902717 425058,-914955 480431))
3308;POLYGON((6448572 2839578,6487207 2853134,6505796 2799742,6467416 2786277,6448572 2839578))
3112;POLYGON((-1862375 -5090705,-1821417 -5083377,-1811406 -5139981,-1852138 -5147269,-1862375 -5090705))
3577;POLYGON((-1705109 -4917292,-1663866 -4910699,-1655528 -4963522,-1696565 -4970082,-1705109 -4917292))
