4326;POLYGON((111.0 -25.0,111.5 -25.0,111.5 -25.5,111.0 -25.5,111.0 -25.0))
28348;POLYGON((1106175 7221605,1156824 7219261,1154122 7163666,1103683 7166044,1106175 7221605))
28349;POLYGON((500000 7235052,550455 7234959,550249 7179591,500000 7179686,500000 7235052))
28350;POLYGON((-106175 7221605,-55555 7223760,-53274 7168230,-103683 7166044,-106175 7221605))
28351;POLYGON((-716661 7180674,-665517 7185170,-660649 7129087,-711569 7124527,-716661 7180674))
28352;POLYGON((-1335822 7110424,-1283786 7117467,-1276112 7060434,-1327900 7053294,-1335822 7110424))
28353;POLYGON((-1968107 7007611,-1914805 7017531,-1903967 6959144,-1956984 6949093,-1968107 7007611))
28354;POLYGON((-2618055 6867258,-2563106 6880546,-2548572 6820401,-2603182 6806948,-2618055 6867258))
28355;POLYGON((-3290258 6682172,-3233279 6699528,-3214292 6637233,-3270856 6619681,-3290258 6682172))
28356;POLYGON((-3989253 6442224,-3929873 6464627,-3905373 6399837,-3964235 6377212,-3989253 6442224))
28357;POLYGON((-4719348 6133343,-4657221 6162148,-4625746 6094622,-4687209 6065585,-4719348 6133343))
28358;POLYGON((-5484345 5736138,-5419183 5773204,-5378723 5702915,-5443024 5665628,-5484345 5736138))
3113;POLYGON((-4441005 -360753,-4381601 -338340,-4357092 -403156,-4415976 -425790,-4441005 -360753))
3111;POLYGON((-930370 3220519,-882040 3238409,-862564 3185368,-910616 3167581,-930370 3220519))
3107;POLYGON((-1414714 2506497,-1365212 2517558,-1353206 2463237,-1402456 2452232,-1414714 2506497))
3308;POLYGON((5704652 4790944,5752636 4808037,5771257 4755369,5723525 4738365,5704652 4790944))
3112;POLYGON((-2282163 -3051280,-2233088 -3042298,-2223340 -3096161,-2272201 -3105104,-2282163 -3051280))
3577;POLYGON((-2086303 -2874427,-2037061 -2866358,-2028108 -2921676,-2077133 -2929709,-2086303 -2874427))
