4326;POLYGON((110.75 -37.5,111.25 -37.5,111.25 -38.0,110.75 -38.0,110.75 -37.5))
28348;POLYGON((1008465 5834097,1052723 5831265,1048997 5775708,1005040 5778553,1008465 5834097))
28349;POLYGON((477902 5849629,522097 5849629,521949 5794155,478050 5794155,477902 5849629))
28350;POLYGON((-52723 5831265,-8465 5834097,-5040 5778553,-48997 5775708,-52723 5831265))
28351;POLYGON((-584894 5778438,-540453 5784189,-533352 5728429,-577478 5722654,-584894 5778438))
28352;POLYGON((-1119945 5689512,-1075220 5698361,-1064223 5642262,-1108610 5633381,-1119945 5689512))
28353;POLYGON((-1658884 5561716,-1613808 5573939,-1598576 5517424,-1643280 5505164,-1658884 5561716))
28354;POLYGON((-2202164 5391041,-2156728 5407024,-2136788 5350086,-2181806 5334072,-2202164 5391041))
28355;POLYGON((-2749372 5172107,-2703653 5192353,-2678383 5135106,-2723625 5114845,-2749372 5172107))
28356;POLYGON((-3298796 4898007,-3252998 4923154,-3221615 4865892,-3266862 4840766,-3298796 4898007))
28357;POLYGON((-3846862 4560149,-3801372 4590981,-3762913 4534274,-3807764 4503526,-3846862 4560149))
28358;POLYGON((-4387400 4148101,-4342852 4185561,-4296164 4130390,-4339968 4093119,-4387400 4148101))
3113;POLYGON((-3750278 -1905572,-3704463 -1880415,-3673067 -1937699,-3718332 -1962835,-3750278 -1905572))
3111;POLYGON((-463322 1905636,-421903 1921091,-402640 1869049,-443785 1853696,-463322 1905636))
3107;POLYGON((-1131063 1150207,-1087841 1159971,-1075706 1105666,-1118677 1095960,-1131063 1150207))
3308;POLYGON((6152786 3476887,6194475 3491851,6213139 3439460,6171700 3424586,6152786 3476887))
3112;POLYGON((-2053677 -4407779,-2010001 -4399695,-1999955 -4454585,-2043413 -4462628,-2053677 -4407779))
3577;POLYGON((-1879661 -4255975,-1835828 -4248705,-1826906 -4303150,-1870526 -4310385,-1879661 -4255975))
