4326;POLYGON((111.25 -39.75,111.75 -39.75,111.75 -40.25,111.25 -40.25,111.25 -39.75))
28348;POLYGON((1035633 5581268,1078518 5578143,1074291 5522581,1031722 5525715,1035633 5581268))
28349;POLYGON((521417 5599959,564252 5599720,563785 5544224,521261 5544464,521417 5599959))
28350;POLYGON((7244 5584150,50116 5586789,53396 5531254,10840 5528606,7244 5584150))
28351;POLYGON((-507889 5533392,-464902 5538985,-457783 5483310,-500443 5477702,-507889 5533392))
28352;POLYGON((-1024836 5446251,-981673 5454955,-970515 5399068,-1013330 5390343,-1024836 5446251))
28353;POLYGON((-1544106 5320263,-1500741 5332325,-1485234 5276197,-1528219 5264116,-1544106 5320263))
28354;POLYGON((-2065631 5151872,-2022101 5167631,-2001812 5111313,-2044921 5095544,-2065631 5151872))
28355;POLYGON((-2588456 4936358,-2544882 4956254,-2519255 4899916,-2562355 4880031,-2588456 4936358))
28356;POLYGON((-3110319 4667773,-3066953 4692349,-3035297 4636340,-3078125 4611814,-3110319 4667773))
28357;POLYGON((-3627107 4338907,-3584378 4368813,-3545872 4313745,-3587990 4283956,-3627107 4338907))
28358;POLYGON((-4132161 3941305,-4090741 3977291,-4044441 3924157,-4085165 3888393,-4132161 3941305))
3113;POLYGON((-3561727 -2135896,-3518344 -2111310,-3486676 -2167340,-3529521 -2191876,-3561727 -2135896))
3111;POLYGON((-335172 1686780,-294905 1701565,-275883 1649335,-315876 1634651,-335172 1686780))
3107;POLYGON((-1033131 915133,-990998 924445,-979053 869798,-1020932 860541,-1033131 915133))
3308;POLYGON((6278593 3255721,6319223 3270085,6337716 3217376,6297339 3203100,6278593 3255721))
3112;POLYGON((-1964640 -4647530,-1921918 -4639798,-1912001 -4695224,-1954502 -4702916,-1964640 -4647530))
3577;POLYGON((-1795815 -4492889,-1752910 -4485944,-1744281 -4539931,-1786974 -4546842,-1795815 -4492889))
