4326;POLYGON((111.0 -14.0,111.5 -14.0,111.5 -14.5,111.0 -14.5,111.0 -14.0))
28348;POLYGON((1148999 8444030,1203281 8442592,1201722 8386977,1147561 8388462,1148999 8444030))
28349;POLYGON((500000 8452273,553995 8452216,553877 8396916,500000 8396975,500000 8452273))
28350;POLYGON((-148999 8444030,-94761 8445352,-93445 8389827,-147561 8388462,-148999 8444030))
28351;POLYGON((-804384 8418869,-749365 8421639,-746545 8365342,-801433 8362482,-804384 8418869))
28352;POLYGON((-1472819 8375440,-1416446 8379809,-1411969 8322157,-1468194 8317648,-1472819 8375440))
28353;POLYGON((-2161554 8311301,-2103192 8317520,-2096801 8257871,-2154988 8251454,-2161554 8311301))
28354;POLYGON((-2878770 8222591,-2817692 8231048,-2808993 8168667,-2869855 8159946,-2878770 8222591))
28355;POLYGON((-3633998 8103503,-3569347 8114774,-3557751 8048794,-3622126 8037178,-3633998 8103503))
28356;POLYGON((-4438627 7945468,-4369369 7960399,-4354012 7889769,-4422907 7874396,-4438627 7945468))
28357;POLYGON((-5306524 7735967,-5231390 7755789,-5211017 7679213,-5285660 7658827,-5306524 7735967))
28358;POLYGON((-6254795 7456842,-6172215 7483336,-6145008 7399186,-6226913 7371975,-6254795 7456842))
3113;POLYGON((-4890554 1143078,-4821268 1158014,-4805906 1087357,-4874828 1071978,-4890554 1143078))
3111;POLYGON((-1375803 4414248,-1321197 4434460,-1300676 4378571,-1354989 4358467,-1375803 4414248))
3107;POLYGON((-1688986 3720712,-1633862 3733030,-1621393 3676617,-1676257 3664358,-1688986 3720712))
3308;POLYGON((5281543 5969729,5335173 5988834,5354582 5933937,5301214 5914925,5281543 5969729))
3112;POLYGON((-2503293 -1856557,-2449463 -1846704,-2439491 -1901801,-2493102 -1911614,-2503293 -1856557))
3577;POLYGON((-2286020 -1670386,-2232065 -1661545,-2223325 -1715545,-2277069 -1724351,-2286020 -1670386))
