4326;POLYGON((111.25 -27.0,111.75 -27.0,111.75 -27.5,111.25 -27.5,111.25 -27.0))
28348;POLYGON((1120823 6998152,1170619 6995576,1167606 6939969,1118036 6942577,1120823 6998152))
28349;POLYGON((524803 7013540,574412 7013343,574080 6957959,524693 6958158,524803 7013540))
28350;POLYGON((-71054 7000527,-21311 7002701,-18975 6947184,-68493 6944982,-71054 7000527))
28351;POLYGON((-670619 6958565,-620419 6963202,-615318 6907196,-665279 6902501,-670619 6958565))
28352;POLYGON((-1277771 6885861,-1226791 6893162,-1218705 6836310,-1269423 6828923,-1277771 6885861))
28353;POLYGON((-1896391 6779222,-1844308 6789511,-1832880 6731462,-1884664 6721057,-1896391 6779222))
28354;POLYGON((-2530316 6633772,-2476813 6647530,-2461515 6587942,-2514665 6574042,-2530316 6633772))
28355;POLYGON((-3183230 6442515,-3128010 6460419,-3108097 6398989,-3162889 6380919,-3183230 6442515))
28356;POLYGON((-3858477 6195708,-3801282 6218695,-3775723 6155195,-3832391 6132029,-3858477 6195708))
28357;POLYGON((-4558778 5879985,-4499413 5909333,-4466805 5843688,-4525505 5814164,-4558778 5879985))
28358;POLYGON((-5285819 5477177,-5224195 5514620,-5182638 5447024,-5243411 5409440,-5285819 5477177))
3113;POLYGON((-4310178 -607365,-4252960 -584369,-4227391 -647894,-4284081 -671068,-4310178 -607365))
3111;POLYGON((-827938 3018022,-780673 3035377,-761451 2982596,-808439 2965343,-827938 3018022))
3107;POLYGON((-1341503 2295158,-1292980 2305883,-1281136 2251704,-1329409 2241035,-1341503 2295158))
3308;POLYGON((5803506 4589346,5850523 4605969,5868947 4553458,5822180 4536924,5803506 4589346))
3112;POLYGON((-2218217 -3262100,-2169981 -3253371,-2160343 -3307240,-2208364 -3315931,-2218217 -3262100))
3577;POLYGON((-2025423 -3091667,-1977033 -3083835,-1968179 -3139222,-2016353 -3147019,-2025423 -3091667))
