4326;POLYGON((111.25 -10.0,111.75 -10.0,111.75 -10.5,111.25 -10.5,111.25 -10.0))
28348;POLYGON((1186260 8888068,1241393 8886977,1240221 8831331,1185176 8832474,1186260 8888068))
28349;POLYGON((527398 8894577,582198 8894494,582070 8839207,527356 8839294,527398 8894577))
28350;POLYGON((-131177 8889074,-76139 8889994,-75232 8834492,-130181 8833527,-131177 8889074))
28351;POLYGON((-796367 8871260,-740509 8873234,-738516 8816931,-794279 8814863,-796367 8871260))
28352;POLYGON((-1475406 8840142,-1418103 8843282,-1414912 8785554,-1472108 8782266,-1475406 8840142))
28353;POLYGON((-2176243 8793901,-2116795 8798394,-2112214 8738541,-2171536 8733835,-2176243 8793901))
28354;POLYGON((-2907999 8729627,-2845588 8735767,-2839322 8672970,-2901575 8666542,-2907999 8729627))
28355;POLYGON((-3681529 8642901,-3615167 8651129,-3606769 8584393,-3672926 8575785,-3681529 8642901))
28356;POLYGON((-4510127 8527132,-4438594 8538101,-4427401 8466176,-4498662 8454708,-4510127 8527132))
28357;POLYGON((-5410422 8372585,-5332179 8387257,-5317215 8308527,-5395087 8293200,-5410422 8372585))
28358;POLYGON((-6403478 8164992,-6316569 8184772,-6296409 8097097,-6382802 8076454,-6403478 8164992))
3113;POLYGON((-4962082 1724968,-4890521 1735941,-4879324 1663989,-4950613 1652516,-4962082 1724968))
3111;POLYGON((-1516363 4877847,-1459320 4898791,-1438380 4841296,-1495122 4820462,-1516363 4877847))
3107;POLYGON((-1763459 4183498,-1706192 4196155,-1693576 4138442,-1750576 4125843,-1763459 4183498))
3308;POLYGON((5149996 6423822,5205801 6443552,5225538 6387297,5170002 6367663,5149996 6423822))
3112;POLYGON((-2557775 -1406912,-2502156 -1396847,-2492125 -1452909,-2547521 -1462935,-2557775 -1406912))
3577;POLYGON((-2329204 -1237794,-2273555 -1228787,-2265057 -1281952,-2320498 -1290926,-2329204 -1237794))
