4326;POLYGON((111.25 -22.0,111.75 -22.0,111.75 -22.5,111.25 -22.5,111.25 -22.0))
28348;POLYGON((1146058 7553936,1197909 7551723,1195416 7496102,1143753 7498355,1146058 7553936))
28349;POLYGON((525805 7567151,577417 7566983,577142 7511635,525713 7511806,525805 7567151))
28350;POLYGON((-94242 7555977,-42459 7557845,-40527 7502333,-92124 7500431,-94242 7555977))
28351;POLYGON((-719030 7519890,-666661 7523882,-662434 7467766,-714604 7463704,-719030 7519890))
28352;POLYGON((-1353614 7457177,-1300231 7463485,-1293506 7406311,-1346668 7399894,-1353614 7457177))
28353;POLYGON((-2003268 7364747,-1948421 7373689,-1938862 7314982,-1993453 7305890,-2003268 7364747))
28354;POLYGON((-2673578 7237802,-2616786 7249854,-2603889 7189112,-2660373 7176868,-2673578 7237802))
28355;POLYGON((-3370520 7069301,-3311271 7085152,-3294304 7021850,-3353172 7005762,-3370520 7069301))
28356;POLYGON((-4100512 6849169,-4038252 6869800,-4016177 6803398,-4077952 6782485,-4100512 6849169))
28357;POLYGON((-4870431 6563159,-4804570 6589952,-4775923 6519931,-4841154 6492815,-4870431 6563159))
28358;POLYGON((-5687595 6191281,-5617507 6226169,-5580244 6152090,-5649497 6116849,-5687595 6191281))
3113;POLYGON((-4552307 46351,-4490023 66990,-4467939 562,-4529738 -20359,-4552307 46351))
3111;POLYGON((-1024634 3549408,-974575 3567789,-955026 3514112,-1004804 3495835,-1024634 3549408))
3107;POLYGON((-1463038 2839055,-1411997 2850336,-1400034 2795613,-1450823 2784387,-1463038 2839055))
3308;POLYGON((5615659 5116653,5665203 5134169,5683844 5081038,5634554 5063612,5615659 5116653))
3112;POLYGON((-2316839 -2723273,-2266459 -2714155,-2256793 -2768181,-2306958 -2777259,-2316839 -2723273))
3577;POLYGON((-2115955 -2539182,-2065401 -2531000,-2056587 -2586141,-2106925 -2594288,-2115955 -2539182))
