4326;POLYGON((111.5 -24.0,112.0 -24.0,112.0 -24.5,111.5 -24.5,111.5 -24.0))
28348;POLYGON((1162078 7330453,1213172 7327994,1210366 7272359,1159476 7274857,1162078 7330453))
28349;POLYGON((550855 7345683,601714 7345412,601317 7290048,550657 7290323,550855 7345683))
28350;POLYGON((-59990 7334818,-8990 7336724,-6996 7281225,-57794 7279289,-59990 7334818))
28351;POLYGON((-674985 7297372,-623465 7301541,-618991 7245498,-670296 7241265,-674985 7297372))
28352;POLYGON((-1298720 7231634,-1246294 7238258,-1239134 7181257,-1291323 7174534,-1298720 7231634))
28353;POLYGON((-1935914 7134507,-1882183 7143904,-1871996 7085517,-1925454 7075985,-1935914 7134507))
28354;POLYGON((-2591448 7001191,-2535997 7013837,-2522273 6953627,-2577399 6940810,-2591448 7001191))
28355;POLYGON((-3270365 6824693,-3212770 6841270,-3194774 6778800,-3251972 6762016,-3270365 6824693))
28356;POLYGON((-3977824 6595098,-3917653 6616567,-3894354 6551423,-3954025 6529715,-3977824 6595098))
28357;POLYGON((-4718985 6298537,-4655810 6326236,-4625773 6258080,-4688304 6230119,-4718985 6298537))
28358;POLYGON((-5498822 5915764,-5432243 5951545,-5393481 5880200,-5459221 5844153,-5498822 5915764))
3113;POLYGON((-4429571 -207818,-4369376 -186342,-4346069 -251511,-4405763 -273227,-4429571 -207818))
3111;POLYGON((-921088 3344758,-872105 3362598,-852844 3309275,-901547 3291538,-921088 3344758))
3107;POLYGON((-1389260 2626361,-1339204 2637304,-1327426 2582819,-1377230 2571932,-1389260 2626361))
3308;POLYGON((5715330 4913557,5763901 4930599,5782312 4877718,5733994 4860765,5715330 4913557))
3112;POLYGON((-2252593 -2934526,-2203053 -2925662,-2193514 -2979595,-2242839 -2988420,-2252593 -2934526))
3577;POLYGON((-2054956 -2755795,-2005251 -2747850,-1996522 -2803153,-2046011 -2811063,-2054956 -2755795))
