4326;POLYGON((111.5 -27.25,112.0 -27.25,112.0 -27.75,111.5 -27.75,111.5 -27.25))
28348;POLYGON((1144273 6969094,1193972 6966400,1190818 6910778,1141349 6913504,1144273 6969094))
28349;POLYGON((549497 6985775,598997 6985478,598551 6930090,549274 6930390,549497 6985775))
28350;POLYGON((-44960 6973874,4658 6975961,6900 6920456,-42491 6918343,-44960 6973874))
28351;POLYGON((-642914 6932891,-592857 6937451,-587833 6881477,-637649 6876863,-642914 6932891))
28352;POLYGON((-1248180 6861089,-1197368 6868316,-1189348 6811523,-1239896 6804212,-1248180 6861089))
28353;POLYGON((-1864570 6755338,-1812687 6765551,-1801319 6707593,-1852903 6697267,-1864570 6755338))
28354;POLYGON((-2495840 6610845,-2442577 6624518,-2427341 6565060,-2480252 6551249,-2495840 6610845))
28355;POLYGON((-3145572 6420733,-3090641 6438531,-3070802 6377279,-3125308 6359320,-3145572 6420733))
28356;POLYGON((-3816987 6175428,-3760139 6198271,-3734684 6135006,-3791008 6111990,-3816987 6175428))
28357;POLYGON((-4512646 5861811,-4453703 5890953,-4421253 5825612,-4479536 5796301,-4512646 5861811))
28358;POLYGON((-5234037 5462079,-5172928 5499217,-5131617 5432007,-5191884 5394736,-5234037 5462079))
3113;POLYGON((-4268671 -627653,-4211801 -604801,-4186337 -668090,-4242682 -691115,-4268671 -627653))
3111;POLYGON((-794633 3000357,-747461 3017537,-728390 2964741,-775285 2947662,-794633 3000357))
3107;POLYGON((-1311262 2273469,-1262840 2284054,-1251125 2229864,-1299297 2219334,-1311262 2273469))
3308;POLYGON((5836281 4571447,5883213 4587913,5901503 4535379,5854823 4519001,5836281 4571447))
3112;POLYGON((-2189231 -3284636,-2141085 -3276022,-2131553 -3329913,-2179485 -3338489,-2189231 -3284636))
3577;POLYGON((-1996751 -3115411,-1948453 -3107691,-1939708 -3163098,-1987789 -3170783,-1996751 -3115411))
