4326;POLYGON((111.0 -42.5,111.5 -42.5,111.5 -43.0,111.0 -43.0,111.0 -42.5))
28348;POLYGON((993075 5277231,1034179 5274190,1029883 5218640,989112 5221685,993075 5277231))
28349;POLYGON((500000 5294706,541083 5294585,540754 5239063,500000 5239185,500000 5294706))
28350;POLYGON((6924 5277231,48025 5280027,51655 5224485,10887 5221685,6924 5277231))
28351;POLYGON((-486591 5224367,-445439 5230150,-437760 5174550,-478567 5168760,-486591 5224367))
28352;POLYGON((-980811 5134796,-939598 5143710,-927681 5088040,-968529 5079121,-980811 5134796))
28353;POLYGON((-1475629 5006299,-1434384 5018564,-1417938 4962866,-1458790 4950602,-1475629 5006299))
28354;POLYGON((-1970325 4835734,-1929138 4851648,-1907771 4796048,-1948528 4780152,-1970325 4835734))
28355;POLYGON((-2463255 4619034,-2422307 4638970,-2395525 4583720,-2435996 4563829,-2463255 4619034))
28356;POLYGON((-2951453 4351230,-2911054 4375635,-2878265 4321164,-2918135 4296851,-2951453 4351230))
28357;POLYGON((-3430117 4026546,-3390751 4055928,-3351287 4002920,-3390065 3973700,-3430117 4026546))
28358;POLYGON((-3891962 3638585,-3854350 3673495,-3807490 3622984,-3844452 3588343,-3891962 3638585))
3113;POLYGON((-3402800 -2452562,-3362385 -2428147,-3329583 -2482640,-3369469 -2506962,-3402800 -2452562))
3111;POLYGON((-248231 1392435,-209511 1406767,-190271 1354365,-228716 1340135,-248231 1392435))
3107;POLYGON((-986163 609287,-945447 618385,-933268 563282,-973729 554241,-986163 609287))
3308;POLYGON((6362401 2958455,6401606 2972421,6420368 2919351,6381417 2905475,6362401 2958455))
3112;POLYGON((-1929326 -4957598,-1887838 -4950004,-1877674 -5006167,-1918939 -5013719,-1929326 -4957598))
3577;POLYGON((-1768325 -4791427,-1726588 -4784588,-1717977 -4837791,-1759505 -4844596,-1768325 -4791427))
