4326;POLYGON((111.5 -41.0,112.0 -41.0,112.0 -41.5,111.5 -41.5,111.5 -41.0))
28348;POLYGON((1046823 5440846,1088914 5437577,1084416 5382017,1042650 5385292,1046823 5440846))
28349;POLYGON((542050 5461122,584102 5460761,583463 5405253,541731 5405615,542050 5461122))
28350;POLYGON((37342 5446650,79417 5449186,82621 5393652,40868 5391109,37342 5446650))
28351;POLYGON((-468050 5397042,-425892 5402544,-418761 5346909,-460585 5341396,-468050 5397042))
28352;POLYGON((-974720 5310970,-932440 5319585,-921193 5263803,-963119 5255175,-974720 5310970))
28353;POLYGON((-1482918 5186137,-1440513 5198094,-1424855 5142166,-1466875 5130199,-1482918 5186137))
28354;POLYGON((-1992313 5019232,-1949840 5034847,-1929362 4978853,-1971411 4963239,-1992313 5019232))
28355;POLYGON((-2501684 4805892,-2459288 4825570,-2433467 4769708,-2475390 4750055,-2501684 4805892))
28356;POLYGON((-3008518 4540677,-2966470 4564912,-2934667 4509557,-2976184 4485390,-3008518 4540677))
28357;POLYGON((-3508482 4217094,-3467227 4246465,-3428697 4192248,-3469354 4163011,-3508482 4217094))
28358;POLYGON((-3994755 3827693,-3954977 3862853,-3908881 3810765,-3947988 3775841,-3994755 3827693))
3113;POLYGON((-3459887 -2263041,-3417822 -2238797,-3386007 -2294173,-3427541 -2318350,-3459887 -2263041))
3111;POLYGON((-267129 1563690,-227510 1578119,-208594 1525755,-247939 1511425,-267129 1563690))
3107;POLYGON((-981857 783119,-940336 792195,-928473 737319,-969740 728298,-981857 783119))
3308;POLYGON((6345490 3131145,6385522 3145190,6403948 3092270,6364169 3078313,6345490 3131145))
3112;POLYGON((-1918172 -4782395,-1875987 -4774847,-1866123 -4830616,-1908086 -4838124,-1918172 -4782395))
3577;POLYGON((-1752566 -4624083,-1710175 -4617307,-1701702 -4670986,-1743884 -4677728,-1752566 -4624083))
