4326;POLYGON((110.75 -18.5,111.25 -18.5,111.25 -19.0,110.75 -19.0,110.75 -18.5))
28348;POLYGON((1107791 7944794,1160805 7943026,1158848 7887440,1105994 7889249,1107791 7944794))
28349;POLYGON((473609 7954476,526390 7954476,526312 7899153,473687 7899153,473609 7954476))
28350;POLYGON((-160805 7943026,-107791 7944794,-105994 7889249,-158848 7887440,-160805 7943026))
28351;POLYGON((-801090 7909877,-747368 7913501,-743606 7857240,-797157 7853533,-801090 7909877))
28352;POLYGON((-1453077 7853353,-1398149 7859019,-1392231 7801525,-1446966 7795731,-1453077 7853353))
28353;POLYGON((-2122994 7770470,-2066321 7778484,-2057928 7719200,-2114375 7711010,-2122994 7770470))
28354;POLYGON((-2817666 7656578,-2758650 7667404,-2747302 7605716,-2806043 7594660,-2817666 7656578))
28355;POLYGON((-3544746 7504785,-3482713 7519101,-3467704 7454324,-3529390 7439717,-3544746 7504785))
28356;POLYGON((-4312962 7305087,-4247137 7323874,-4227448 7255234,-4292824 7236088,-4312962 7305087))
28357;POLYGON((-5132394 7043110,-5061878 7067771,-5036051 6994404,-5105973 6969307,-5132394 7043110))
28358;POLYGON((-6014789 6698352,-5938530 6730885,-5904495 6651835,-5979952 6618784,-6014789 6698352))
3113;POLYGON((-4764840 502446,-4698989 521240,-4679292 452574,-4744694 433420,-4764840 502446))
3111;POLYGON((-1216623 3908359,-1164677 3927743,-1144528 3873311,-1196190 3854033,-1216623 3908359))
3107;POLYGON((-1601846 3212172,-1549077 3224092,-1536722 3168805,-1589237 3156943,-1601846 3212172))
3308;POLYGON((5431238 5472093,5482485 5490487,5501617 5436782,5450627 5418479,5431238 5472093))
3112;POLYGON((-2438094 -2353683,-2386243 -2344086,-2376298 -2398421,-2427933 -2407978,-2438094 -2353683))
3577;POLYGON((-2230949 -2163532,-2178924 -2154903,-2169958 -2209619,-2221769 -2218213,-2230949 -2163532))
