4326;POLYGON((110.75 -22.25,111.25 -22.25,111.25 -22.75,110.75 -22.75,110.75 -22.25))
28348;POLYGON((1093188 7528204,1144911 7526145,1142582 7470564,1091048 7472659,1093188 7528204))
28349;POLYGON((474240 7539479,525759 7539479,525667 7484133,474332 7484133,474240 7539479))
28350;POLYGON((-144911 7526145,-93188 7528204,-91048 7472659,-142582 7470564,-144911 7526145))
28351;POLYGON((-769166 7487582,-716828 7491795,-712356 7435615,-764491 7431328,-769166 7487582))
28352;POLYGON((-1403535 7421961,-1350159 7428531,-1343140 7371264,-1396291 7364583,-1403535 7421961))
28353;POLYGON((-2053246 7326054,-1998385 7335311,-1988471 7276486,-2043070 7267077,-2053246 7326054))
28354;POLYGON((-2723827 7194884,-2667007 7207321,-2653674 7146444,-2710179 7133812,-2723827 7194884))
28355;POLYGON((-3421171 7021180,-3361886 7037508,-3344379 6974061,-3403272 6957495,-3421171 7021180))
28356;POLYGON((-4151570 6794561,-4089280 6815791,-4066527 6749252,-4128319 6727742,-4151570 6794561))
28357;POLYGON((-4921716 6500382,-4855849 6527932,-4826346 6457810,-4891565 6429942,-4921716 6500382))
28358;POLYGON((-5738653 6118129,-5668611 6153981,-5630257 6079884,-5699443 6043689,-5738653 6118129))
3113;POLYGON((-4603385 -8278,-4541071 12959,-4518309 -53605,-4580125 -75123,-4603385 -8278))
3111;POLYGON((-1064535 3504018,-1014714 3522608,-994903 3469089,-1044444 3450604,-1064535 3504018))
3107;POLYGON((-1507791 2800223,-1456929 2811712,-1444721 2757081,-1495331 2745649,-1507791 2800223))
3308;POLYGON((5575777 5072415,5625110 5090123,5643991 5037122,5594912 5019506,5575777 5072415))
3112;POLYGON((-2362134 -2759569,-2311898 -2750271,-2302020 -2804239,-2352042 -2813498,-2362134 -2759569))
3577;POLYGON((-2161855 -2575092,-2111441 -2566730,-2102408 -2621857,-2152606 -2630183,-2161855 -2575092))
