4326;POLYGON((111.0 -20.25,111.5 -20.25,111.5 -20.75,111.0 -20.75,111.0 -20.25))
28348;POLYGON((1127512 7749451,1179970 7747463,1177752 7691858,1125467 7693887,1127512 7749451))
28349;POLYGON((500000 7760853,552220 7760774,552050 7705439,500000 7705520,500000 7760853))
28350;POLYGON((-127512 7749451,-75091 7751279,-73218 7695751,-125467 7693887,-127512 7749451))
28351;POLYGON((-760324 7714699,-707256 7718520,-703252 7662333,-756135 7658435,-760324 7714699))
28352;POLYGON((-1403887 7654888,-1349708 7660894,-1343374 7603560,-1397346 7597436,-1403887 7654888))
28353;POLYGON((-2063954 7566965,-2008170 7575469,-1999178 7516473,-2054721 7507806,-2063954 7566965))
28354;POLYGON((-2746735 7446178,-2688807 7457652,-2676662 7396436,-2734297 7384750,-2746735 7446178))
28355;POLYGON((-3459040 7285517,-3398374 7300650,-3382352 7236608,-3442653 7221210,-3459040 7285517))
28356;POLYGON((-4208430 7074875,-4144364 7094655,-4123431 7027132,-4187028 7007032,-4208430 7074875))
28357;POLYGON((-5003359 6799844,-4935152 6825673,-4907838 6753982,-4975430 6727774,-5003359 6799844))
28358;POLYGON((-5853320 6440026,-5780136 6473884,-5744368 6397336,-5816730 6363044,-5853320 6440026))
3113;POLYGON((-4660267 272145,-4596176 291932,-4575235 224383,-4638857 204275,-4660267 272145))
3111;POLYGON((-1119860 3728339,-1068860 3747217,-1049022 3693187,-1099738 3674414,-1119860 3728339))
3107;POLYGON((-1531879 3025190,-1479975 3036788,-1467823 2981807,-1519472 2970266,-1531879 3025190))
3308;POLYGON((5524097 5293971,5574491 5311923,5593368 5258528,5543230 5240667,5524097 5293971))
3112;POLYGON((-2377036 -2538701,-2325921 -2529345,-2316120 -2583501,-2367020 -2592817,-2377036 -2538701))
3577;POLYGON((-2173139 -2350918,-2121848 -2342514,-2112954 -2397463,-2164030 -2405833,-2173139 -2350918))
