4326;POLYGON((111.25 -40.5,111.75 -40.5,111.75 -41.0,111.25 -41.0,111.25 -40.5))
28348;POLYGON((1029751 5497939,1072161 5494801,1067868 5439242,1025780 5442388,1029751 5497939))
28349;POLYGON((521183 5516715,563550 5516475,563076 5460972,521025 5461212,521183 5516715))
28350;POLYGON((12651 5500834,55049 5503485,58380 5447949,16302 5445290,12651 5500834))
28351;POLYGON((-496691 5449863,-454197 5455478,-446970 5399824,-489133 5394196,-496691 5449863))
28352;POLYGON((-1007536 5362406,-964897 5371139,-953579 5315311,-995865 5306562,-1007536 5362406))
28353;POLYGON((-1520222 5236073,-1477429 5248163,-1461715 5192152,-1504124 5180049,-1520222 5236073))
28354;POLYGON((-2034505 5067430,-1991607 5083203,-1971076 5027080,-2013550 5011304,-2034505 5067430))
28355;POLYGON((-2549238 4851943,-2506376 4871820,-2480488 4815776,-2522876 4795919,-2549238 4851943))
28356;POLYGON((-3061966 4583942,-3019406 4608440,-2987499 4552845,-3029525 4528409,-3061966 4583942))
28357;POLYGON((-3568383 4256623,-3526569 4286350,-3487866 4231836,-3529074 4202238,-3568383 4256623))
28358;POLYGON((-4061649 3862117,-4021269 3897767,-3974886 3845337,-4014583 3809921,-4061649 3862117))
3113;POLYGON((-3513356 -2219759,-3470779 -2195252,-3438860 -2250869,-3480902 -2275314,-3513356 -2219759))
3111;POLYGON((-306224 1608575,-266368 1623209,-247329 1570931,-286910 1556398,-306224 1608575))
3107;POLYGON((-1014827 833217,-973073 842446,-961102 787681,-1002602 778509,-1014827 833217))
3308;POLYGON((6306720 3176767,6346971 3190997,6365498 3138191,6325500 3124050,6306720 3176767))
3112;POLYGON((-1949425 -4730656,-1907034 -4722984,-1897083 -4778600,-1939253 -4786232,-1949425 -4730656))
3577;POLYGON((-1782562 -4573771,-1739973 -4566878,-1731374 -4620675,-1773752 -4627534,-1782562 -4573771))
