4326;POLYGON((111.5 -18.25,112.0 -18.25,112.0 -18.75,111.5 -18.75,111.5 -18.25))
28348;POLYGON((1188326 7969890,1241480 7967920,1239311 7912265,1186315 7914282,1188326 7969890))
28349;POLYGON((552856 7982082,605716 7981866,605410 7926538,552703 7926760,552856 7982082))
28350;POLYGON((-82142 7973385,-29105 7974912,-27565 7919421,-80445 7917859,-82142 7973385))
28351;POLYGON((-722340 7943368,-668651 7946713,-665187 7890564,-718710 7887141,-722340 7943368))
28352;POLYGON((-1373588 7890511,-1318746 7895846,-1313183 7838523,-1367837 7833065,-1373588 7890511))
28353;POLYGON((-2042111 7812031,-1985579 7819644,-1977618 7760590,-2033932 7752806,-2042111 7812031))
28354;POLYGON((-2734730 7703544,-2675912 7713873,-2665098 7652475,-2723653 7641921,-2734730 7703544))
28355;POLYGON((-3459092 7558516,-3397312 7572205,-3382977 7507776,-3444426 7493801,-3459092 7558516))
28356;POLYGON((-4223928 7367438,-4158409 7385420,-4139586 7317184,-4204675 7298846,-4223928 7367438))
28357;POLYGON((-5039349 7116621,-4969189 7140235,-4944489 7067313,-5014079 7043266,-5039349 7116621))
28358;POLYGON((-5917177 6786501,-5841317 6817652,-5808764 6739064,-5883856 6707393,-5917177 6786501))
3113;POLYGON((-4675771 564821,-4610227 582811,-4591396 514548,-4656510 496203,-4675771 564821))
3111;POLYGON((-1148687 3964626,-1096445 3983653,-1076701 3928994,-1128656 3910073,-1148687 3964626))
3107;POLYGON((-1528793 3257658,-1475813 3269239,-1463832 3213815,-1516555 3202290,-1528793 3257658))
3308;POLYGON((5498625 5526509,5550132 5544580,5568897 5490684,5517648 5472703,5498625 5526509))
3112;POLYGON((-2365226 -2312163,-2313209 -2302856,-2303583 -2357282,-2355383 -2366550,-2365226 -2312163))
3577;POLYGON((-2157324 -2123323,-2105143 -2114982,-2096503 -2169716,-2148471 -2178023,-2157324 -2123323))
