4326;POLYGON((111.0 -24.25,111.5 -24.25,111.5 -24.75,111.0 -24.75,111.0 -24.25))
28348;POLYGON((1109825 7304947,1160783 7302655,1158156 7247059,1107403 7249386,1109825 7304947))
28349;POLYGON((500000 7318094,550757 7318003,550556 7262641,500000 7262733,500000 7318094))
28350;POLYGON((-109825 7304947,-58897 7307054,-56680 7251524,-107403 7249386,-109825 7304947))
28351;POLYGON((-724124 7264919,-672652 7269317,-667917 7213216,-719172 7208752,-724124 7264919))
28352;POLYGON((-1347439 7196187,-1295039 7203080,-1287572 7145996,-1339730 7139003,-1347439 7196187))
28353;POLYGON((-1984429 7095521,-1930708 7105238,-1920153 7046749,-1973596 7036896,-1984429 7095521))
28354;POLYGON((-2639902 6957954,-2584454 6970986,-2570283 6910663,-2625399 6897459,-2639902 6957954))
28355;POLYGON((-3318797 6776281,-3261206 6793331,-3242663 6730748,-3299846 6713492,-3318797 6776281))
28356;POLYGON((-4026120 6540317,-3965969 6562370,-3941993 6497134,-4001631 6474845,-4026120 6540317))
28357;POLYGON((-4766811 6235846,-4703695 6264273,-4672813 6196078,-4735269 6167395,-4766811 6235846))
28358;POLYGON((-5545527 5843182,-5479077 5879876,-5439256 5808596,-5504847 5771649,-5545527 5843182))
3113;POLYGON((-4477886 -262621,-4417712 -240560,-4393726 -305821,-4453388 -328119,-4477886 -262621))
3111;POLYGON((-960062 3300092,-911313 3318137,-891789 3264962,-940259 3247021,-960062 3300092))
3107;POLYGON((-1433123 2587994,-1383244 2599139,-1371220 2544738,-1420847 2533649,-1433123 2587994))
3308;POLYGON((5676303 4869925,5724665 4887153,5743318 4834394,5695208 4817255,5676303 4869925))
3112;POLYGON((-2297112 -2970517,-2247715 -2961475,-2237963 -3015361,-2287145 -3024363,-2297112 -2970517))
3577;POLYGON((-2100050 -2791548,-2050484 -2783426,-2041537 -2838707,-2090886 -2846794,-2100050 -2791548))
