4326;POLYGON((111.25 -41.25,111.75 -41.25,111.75 -41.75,111.25 -41.75,111.25 -41.25))
28348;POLYGON((1023779 5414613,1065706 5411464,1061348 5355907,1019748 5359064,1023779 5414613))
28349;POLYGON((520945 5433459,562837 5433218,562355 5377708,520785 5377950,520945 5433459))
28350;POLYGON((18141 5417519,60058 5420180,63440 5364642,21847 5361975,18141 5417519))
28351;POLYGON((-485325 5366369,-443330 5372003,-435996 5316370,-477656 5310726,-485325 5366369))
28352;POLYGON((-989988 5278656,-947880 5287412,-936403 5231644,-978155 5222876,-989988 5278656))
28353;POLYGON((-1496023 5152068,-1453806 5164176,-1437888 5108282,-1479718 5096166,-1496023 5152068))
28354;POLYGON((-2003012 4983292,-1960751 4999067,-1939983 4943138,-1981817 4927367,-2003012 4983292))
28355;POLYGON((-2509631 4767982,-2467481 4787827,-2441340 4732074,-2483015 4712259,-2509631 4767982))
28356;POLYGON((-3013244 4500747,-2971486 4525150,-2939339 4469964,-2980565 4445634,-3013244 4500747))
28357;POLYGON((-3509374 4175185,-3468467 4204715,-3429578 4150745,-3469887 4121355,-3509374 4175185))
28358;POLYGON((-3991036 3783998,-3951676 3819295,-3905224 3767550,-3943914 3732499,-3991036 3783998))
3113;POLYGON((-3464615 -2302987,-3422840 -2278574,-3390681 -2333782,-3431923 -2358122,-3464615 -2302987))
3111;POLYGON((-277248 1530295,-237804 1544778,-218744 1492443,-257914 1478061,-277248 1530295))
3107;POLYGON((-996482 751123,-955109 760268,-943110 705375,-984229 696287,-996482 751123))
3308;POLYGON((6334899 3097666,6374771 3111762,6393335 3058849,6353716 3044842,6334899 3097666))
3112;POLYGON((-1934158 -4814069,-1892099 -4806458,-1882112 -4862275,-1923949 -4869847,-1934158 -4814069))
3577;POLYGON((-1769355 -4654365,-1727083 -4647523,-1718516 -4701114,-1760579 -4707923,-1769355 -4654365))
