4326;POLYGON((111.25 -16.5,111.75 -16.5,111.75 -17.0,111.25 -17.0,111.25 -16.5))
28348;POLYGON((1168128 8165376,1221780 8163640,1219882 8108005,1166373 8109788,1168128 8165376))
28349;POLYGON((526680 8175739,580043 8175607,579834 8120292,526610 8120427,526680 8175739))
28350;POLYGON((-114519 8166977,-60950 8168442,-59480 8112935,-112907 8111431,-114519 8166977))
28351;POLYGON((-761453 8138643,-707174 8141781,-703950 8085564,-758077 8082344,-761453 8138643))
28352;POLYGON((-1420323 8089268,-1364803 8094242,-1359657 8036771,-1415006 8031666,-1420323 8089268))
28353;POLYGON((-2097798 8016172,-2040457 8023260,-2033105 7963941,-2090245 7956670,-2097798 8016172))
28354;POLYGON((-2801281 7915134,-2741466 7924759,-2731473 7862925,-2791042 7853058,-2801281 7915134))
28355;POLYGON((-3539219 7779837,-3476178 7792623,-3462901 7727512,-3525630 7714415,-3539219 7779837))
28356;POLYGON((-4321464 7601033,-4254314 7617888,-4236815 7548610,-4303560 7531362,-4321464 7601033))
28357;POLYGON((-5159707 7365318,-5087390 7387558,-5064318 7313060,-5136092 7290331,-5159707 7365318))
28358;POLYGON((-6067978 7053412,-5989221 7082920,-5958637 7001956,-6036655 6971846,-6067978 7053412))
3113;POLYGON((-4773346 798507,-4706169 815370,-4688663 746064,-4755434 728809,-4773346 798507))
3111;POLYGON((-1245800 4146902,-1192599 4166436,-1172525 4111317,-1225436 4091889,-1245800 4146902))
3107;POLYGON((-1598737 3446332,-1544883 3458235,-1532688 3402446,-1586283 3390600,-1598737 3446332))
3308;POLYGON((5405548 5706458,5457917 5724972,5476956 5670707,5424847 5652284,5405548 5706458))
3112;POLYGON((-2426152 -2126043,-2373394 -2116495,-2363614 -2171158,-2416154 -2180667,-2426152 -2126043))
3577;POLYGON((-2214670 -1936759,-2161757 -1928195,-2153053 -1982651,-2205752 -1991180,-2214670 -1936759))
