4326;POLYGON((111.25 -28.0,111.75 -28.0,111.75 -28.5,111.25 -28.5,111.25 -28.0))
28348;POLYGON((1115202 6887004,1164541 6884365,1161426 6828761,1112321 6831431,1115202 6887004))
28349;POLYGON((524580 6902772,573743 6902571,573399 6847178,524466 6847382,524580 6902772))
28350;POLYGON((-65889 6889437,-16600 6891666,-14185 6836147,-63241 6833893,-65889 6889437))
28351;POLYGON((-659850 6846451,-610131 6851201,-604859 6795218,-654332 6790415,-659850 6846451))
28352;POLYGON((-1260939 6772022,-1210487 6779493,-1202139 6722711,-1252320 6715159,-1260939 6772022))
28353;POLYGON((-1872753 6662966,-1821273 6673482,-1809488 6615573,-1860661 6604949,-1872753 6662966))
28354;POLYGON((-2498784 6514438,-2445991 6528476,-2430242 6469133,-2482675 6454963,-2498784 6514438))
28355;POLYGON((-3142273 6319526,-3087910 6337754,-3067456 6276715,-3121385 6258337,-3142273 6319526))
28356;POLYGON((-3805989 6068658,-3749852 6091993,-3723675 6029089,-3779278 6005597,-3805989 6068658))
28357;POLYGON((-4491891 5748799,-4433858 5778483,-4400582 5713718,-4457947 5683887,-4491891 5748799))
28358;POLYGON((-5200663 5342360,-5140740 5380066,-5098516 5313743,-5157592 5275935,-5200663 5342360))
3113;POLYGON((-4257669 -734464,-4201510 -711120,-4175323 -774048,-4230948 -797550,-4257669 -734464))
3111;POLYGON((-788965 2912733,-742253 2929885,-723080 2877238,-769515 2860188,-788965 2912733))
3107;POLYGON((-1317322 2186944,-1269300 2197558,-1257470 2143440,-1305241 2132881,-1317322 2186944))
3308;POLYGON((5840841 4484542,5887356 4500988,5905753 4448554,5859488 4432198,5840841 4484542))
3112;POLYGON((-2198510 -3369769,-2150703 -3361117,-2141061 -3415004,-2188654 -3423618,-2198510 -3369769))
3577;POLYGON((-2007283 -3202374,-1959325 -3194612,-1950471 -3250001,-1998212 -3257728,-2007283 -3202374))
