4326;POLYGON((110.75 -37.25,111.25 -37.25,111.25 -37.75,110.75 -37.75,110.75 -37.25))
28348;POLYGON((1010162 5861868,1054569 5859043,1050865 5803486,1006757 5806325,1010162 5861868))
28349;POLYGON((477829 5877364,522170 5877364,522023 5821892,477976 5821892,477829 5877364))
28350;POLYGON((-54569 5859043,-10162 5861868,-6757 5806325,-50865 5803486,-54569 5859043))
28351;POLYGON((-588572 5806336,-543975 5812074,-536913 5756307,-581196 5750544,-588572 5806336))
28352;POLYGON((-1125568 5717594,-1080675 5726426,-1069736 5670306,-1114293 5661440,-1125568 5717594))
28353;POLYGON((-1666629 5590024,-1621368 5602228,-1606211 5545671,-1651101 5533429,-1666629 5590024))
28354;POLYGON((-2212276 5419579,-2166632 5435543,-2146780 5378538,-2192007 5362539,-2212276 5419579))
28355;POLYGON((-2762173 5200818,-2716215 5221054,-2691042 5163704,-2736523 5143449,-2762173 5200818))
28356;POLYGON((-3314691 4926742,-3268618 4951895,-3237330 4894486,-3282853 4869349,-3314691 4926742))
28357;POLYGON((-3866352 4588614,-3820541 4619484,-3782163 4562578,-3827333 4531786,-3866352 4588614))
28358;POLYGON((-4411085 4175793,-4366162 4213343,-4319518 4157911,-4363693 4120544,-4411085 4175793))
3113;POLYGON((-3766180 -1876826,-3720088 -1851663,-3688789 -1909094,-3734329 -1934241,-3766180 -1876826))
3111;POLYGON((-473088 1931602,-431534 1947108,-412272 1895071,-453554 1879667,-473088 1931602))
3107;POLYGON((-1137251 1177312,-1093904 1187103,-1081775 1132825,-1124871 1123090,-1137251 1177312))
3308;POLYGON((6143334 3503023,6185148 3518031,6203805 3465660,6162241 3450741,6143334 3503023))
3112;POLYGON((-2058803 -4380391,-2015018 -4372287,-2004980 -4427128,-2048547 -4435191,-2058803 -4380391))
3577;POLYGON((-1884234 -4228735,-1840295 -4221447,-1831365 -4275939,-1875092 -4283192,-1884234 -4228735))
