4326;POLYGON((111.5 -17.75,112.0 -17.75,112.0 -18.25,111.5 -18.25,111.5 -17.75))
28348;POLYGON((1190284 8025499,1243592 8023575,1241480 7967920,1188326 7969890,1190284 8025499))
28349;POLYGON((553005 8037402,606015 8037191,605716 7981866,552856 7982082,553005 8037402))
28350;POLYGON((-83794 8028912,-30606 8030402,-29105 7974912,-82142 7973385,-83794 8028912))
28351;POLYGON((-725877 7999603,-672025 8002869,-668651 7946713,-722340 7943368,-725877 7999603))
28352;POLYGON((-1379190 7947983,-1324167 7953194,-1318746 7895846,-1373588 7890511,-1379190 7947983))
28353;POLYGON((-2050084 7871311,-1993339 7878750,-1985579 7819644,-2042111 7812031,-2050084 7871311))
28354;POLYGON((-2745536 7765264,-2686459 7775364,-2675912 7713873,-2734730 7703544,-2745536 7765264))
28355;POLYGON((-3473411 7623392,-3411305 7636789,-3397312 7572205,-3459092 7558516,-3473411 7623392))
28356;POLYGON((-4242745 7436287,-4176805 7453905,-4158409 7385420,-4223928 7367438,-4242745 7436287))
28357;POLYGON((-5064080 7190380,-4993360 7213545,-4969189 7140235,-5039349 7116621,-5064080 7190380))
28358;POLYGON((-5949843 6866234,-5873225 6896844,-5841317 6817652,-5917177 6786501,-5949843 6866234))
3113;POLYGON((-4694596 633698,-4628629 651322,-4610227 582811,-4675771 564821,-4694596 633698))
3111;POLYGON((-1168769 4019321,-1116240 4038452,-1096445 3983653,-1148687 3964626,-1168769 4019321))
3107;POLYGON((-1541054 3313132,-1487818 3324770,-1475813 3269239,-1528793 3257658,-1541054 3313132))
3308;POLYGON((5479562 5580428,5531328 5598590,5550132 5544580,5498625 5526509,5479562 5580428))
3112;POLYGON((-2375081 -2257707,-2322848 -2248361,-2313209 -2302856,-2365226 -2312163,-2375081 -2257707))
3577;POLYGON((-2166166 -2068694,-2113771 -2060318,-2105143 -2114982,-2157324 -2123323,-2166166 -2068694))
