4326;POLYGON((112.0 -8.5,112.5 -8.5,112.5 -9.0,112.0 -9.0,112.0 -8.5))
28348;POLYGON((1272276 9053426,1327734 9052383,1326617 8996647,1271236 8997750,1272276 9053426))
28349;POLYGON((610066 9060283,665109 9060106,664889 9004810,609919 9004997,610066 9060283))
28350;POLYGON((-50977 9056865,4235 9057543,4899 9002101,-50238 9001384,-50977 9056865))
28351;POLYGON((-717890 9042984,-661914 9044555,-660330 8988374,-716226 8986713,-717890 9042984))
28352;POLYGON((-1398016 9017861,-1340644 9020414,-1338049 8962863,-1395331 8960165,-1398016 9017861))
28353;POLYGON((-2099404 8980019,-2039927 8983709,-2036166 8924082,-2095536 8920183,-2099404 8980019))
28354;POLYGON((-2831287 8927072,-2768878 8932140,-2763706 8869609,-2825983 8864257,-2831287 8927072))
28355;POLYGON((-3604674 8855367,-3538330 8862177,-3531378 8795736,-3597552 8788546,-3604674 8855367))
28356;POLYGON((-4433099 8759433,-4361574 8768529,-4352290 8696903,-4423589 8687306,-4433099 8759433))
28357;POLYGON((-5333570 8631158,-5255287 8643343,-5242856 8564870,-5320830 8552023,-5333570 8631158))
28358;POLYGON((-6327757 8458606,-6240698 8475057,-6223925 8387514,-6310554 8370184,-6327757 8458606))
3113;POLYGON((-4885024 1957359,-4813471 1966459,-4804183 1894806,-4875510 1885205,-4885024 1957359))
3111;POLYGON((-1493597 5083115,-1435476 5103937,-1414755 5045616,-1472570 5024903,-1493597 5083115))
3107;POLYGON((-1715222 4376710,-1657061 4389142,-1644728 4330788,-1702619 4318414,-1715222 4376710))
3308;POLYGON((5174540 6623347,5231300 6642957,5250828 6585994,5194340 6566478,5174540 6623347))
3112;POLYGON((-2504238 -1222804,-2447887 -1212953,-2438117 -1269501,-2494244 -1279313,-2504238 -1222804))
3577;POLYGON((-2270786 -1065544,-2214464 -1056767,-2206334 -1109617,-2262449 -1118362,-2270786 -1065544))
