4326;POLYGON((111.75 -14.0,112.25 -14.0,112.25 -14.5,111.75 -14.5,111.75 -14.0))
28348;POLYGON((1230440 8441829,1284796 8440214,1283052 8384522,1228819 8386189,1230440 8441829))
28349;POLYGON((580995 8452145,634997 8451917,634700 8396607,580816 8396842,580995 8452145))
28350;POLYGON((-67657 8445969,-13479 8447115,-12344 8391648,-66402 8390464,-67657 8445969))
28351;POLYGON((-721888 8422976,-666997 8425558,-664372 8369388,-719133 8366723,-721888 8422976))
28352;POLYGON((-1388311 8381940,-1332140 8386097,-1327882 8328648,-1383907 8324357,-1388311 8381940))
28353;POLYGON((-2074083 8320567,-2016008 8326537,-2009874 8267176,-2067779 8261015,-2074083 8320567))
28354;POLYGON((-2787250 8235200,-2726556 8243350,-2718173 8181355,-2778657 8172949,-2787250 8235200))
28355;POLYGON((-3537148 8120311,-3472996 8131191,-3461802 8065713,-3525687 8054500,-3537148 8120311))
28356;POLYGON((-4334901 7967734,-4266282 7982150,-4251455 7912166,-4319723 7897322,-4334901 7967734))
28357;POLYGON((-5194028 7765524,-5119708 7784651,-5100048 7708899,-5173896 7689226,-5194028 7765524))
28358;POLYGON((-6131185 7496341,-6049634 7521879,-6023404 7438779,-6104307 7412545,-6131185 7496341))
3113;POLYGON((-4786787 1165352,-4718142 1179773,-4703309 1109762,-4771603 1094913,-4786787 1165352))
3111;POLYGON((-1293854 4444459,-1239090 4464241,-1219010 4408192,-1273480 4388516,-1293854 4444459))
3107;POLYGON((-1606278 3739093,-1551070 3751028,-1538993 3694530,-1593941 3682652,-1606278 3739093))
3308;POLYGON((5362023 5998291,5415789 6017010,5434803 5961975,5381300 5943347,5362023 5998291))
3112;POLYGON((-2422533 -1841858,-2368645 -1832327,-2359003 -1887483,-2412671 -1896975,-2422533 -1841858))
3577;POLYGON((-2205074 -1657204,-2151068 -1648679,-2142645 -1702729,-2196440 -1711220,-2205074 -1657204))
