4326;POLYGON((111.75 -12.5,112.25 -12.5,112.25 -13.0,111.75 -13.0,111.75 -12.5))
28348;POLYGON((1234969 8608753,1289668 8607300,1288104 8551603,1233515 8553111,1234969 8608753))
28349;POLYGON((581492 8618040,635827 8617835,635561 8562531,581333 8562744,581492 8618040))
28350;POLYGON((-71164 8612480,-16648 8613513,-15631 8558048,-70039 8556977,-71164 8612480))
28351;POLYGON((-729585 8591778,-674333 8594103,-671978 8537916,-727114 8535504,-729585 8591778))
28352;POLYGON((-1400620 8554808,-1344042 8558554,-1340221 8501050,-1396668 8497166,-1400620 8554808))
28353;POLYGON((-2091717 8499471,-2033162 8504856,-2027652 8445378,-2086053 8439796,-2091717 8499471))
28354;POLYGON((-2811311 8422403,-2750027 8429766,-2742484 8367558,-2803579 8359929,-2811311 8422403))
28355;POLYGON((-3569280 8318505,-3504375 8328353,-3494285 8262514,-3558947 8252318,-3569280 8318505))
28356;POLYGON((-4377529 8180210,-4307918 8193291,-4294518 8122718,-4363809 8109184,-4377529 8180210))
28357;POLYGON((-5250693 7996403,-5175033 8013813,-5157209 7937116,-5232436 7919122,-5250693 7996403))
28358;POLYGON((-6207023 7750878,-6123628 7774210,-6099761 7689607,-6182558 7665521,-6207023 7750878))
3113;POLYGON((-4829432 1377911,-4759794 1390997,-4746389 1320396,-4815706 1306857,-4829432 1377911))
3111;POLYGON((-1355372 4613373,-1299720 4633476,-1279444 4576878,-1334798 4556883,-1355372 4613373))
3107;POLYGON((-1643484 3909293,-1587487 3921398,-1575316 3864457,-1631049 3852409,-1643484 3909293))
3308;POLYGON((5303873 6164029,5358433 6183025,5377606 6127531,5323311 6108627,5303873 6164029))
3112;POLYGON((-2452232 -1675870,-2397683 -1666222,-2387985 -1721701,-2442313 -1731310,-2452232 -1675870))
3577;POLYGON((-2230883 -1495745,-2176245 -1487121,-2167868 -1540872,-2222296 -1549463,-2230883 -1495745))
