4326;POLYGON((112.5 -36.5,113.0 -36.5,113.0 -37.0,112.5 -37.0,112.5 -36.5))
28348;POLYGON((1172227 5934334,1217124 5930699,1212447 5875082,1167847 5878735,1172227 5934334))
28349;POLYGON((634337 5959545,679121 5958731,677962 5903257,633468 5904076,634337 5959545))
28350;POLYGON((96879 5951164,141693 5953145,144015 5897642,99493 5895651,96879 5951164))
28351;POLYGON((-441866 5908922,-396881 5913761,-391004 5858059,-435686 5853196,-441866 5908922))
28352;POLYGON((-983520 5831463,-938235 5839317,-928616 5783261,-973576 5775373,-983520 5831463))
28353;POLYGON((-1529449 5716283,-1483766 5727405,-1470095 5670879,-1515423 5659713,-1529449 5716283))
28354;POLYGON((-2080568 5559618,-2034433 5574374,-2016267 5517317,-2062003 5502517,-2080568 5559618))
28355;POLYGON((-2637055 5356294,-2590490 5375173,-2567234 5317628,-2613343 5298713,-2637055 5356294))
28356;POLYGON((-3197967 5099539,-3151105 5123172,-3121994 5065335,-3168327 5041693,-3197967 5099539))
28357;POLYGON((-3760722 4780765,-3713856 4809944,-3677931 4752255,-3724178 4723119,-3760722 4780765))
28358;POLYGON((-4320411 4389334,-4274060 4425028,-4230147 4368295,-4275772 4332732,-4320411 4389334))
3113;POLYGON((-3649410 -1703961,-3602530 -1680319,-3573407 -1738178,-3619759 -1761830,-3649410 -1703961))
3111;POLYGON((-355157 2063333,-312913 2078218,-294613 2025844,-336584 2011056,-355157 2063333))
3107;POLYGON((-1002572 1292235,-958695 1301401,-947462 1247006,-991088 1237892,-1002572 1292235))
3308;POLYGON((6262975 3633494,6305412 3647929,6323171 3595306,6280985 3580957,6262975 3633494))
3112;POLYGON((-1919624 -4270558,-1875403 -4263009,-1866153 -4317844,-1910156 -4325356,-1919624 -4270558))
3577;POLYGON((-1742943 -4121943,-1698587 -4115209,-1690385 -4169953,-1734527 -4176655,-1742943 -4121943))
