4326;POLYGON((112.5 -16.75,113.0 -16.75,113.0 -17.25,112.5 -17.25,112.5 -16.75))
28348;POLYGON((1301297 8132924,1355000 8130817,1352708 8075052,1299152 8077214,1301297 8132924))
28349;POLYGON((659890 8147497,713203 8147028,712638 8091687,659466 8092169,659890 8147497))
28350;POLYGON((19960 8142660,73375 8143804,74508 8088378,21236 8087204,19960 8142660))
28351;POLYGON((-624414 8118166,-570400 8120982,-567511 8064960,-621374 8062071,-624414 8118166))
28352;POLYGON((-1279326 8072757,-1224193 8077391,-1219399 8020238,-1274364 8015485,-1279326 8072757))
28353;POLYGON((-1951269 8004005,-1894454 8010710,-1887495 7951849,-1944114 7944974,-1951269 8004005))
28354;POLYGON((-2647397 7908012,-2588272 7917179,-2578744 7855969,-2637631 7846574,-2647397 7908012))
28355;POLYGON((-3375811 7778907,-3313657 7791119,-3300961 7726827,-3362816 7714323,-3375811 7778907))
28356;POLYGON((-4145899 7608077,-4079876 7624180,-4063139 7555960,-4128774 7539487,-4145899 7608077))
28357;POLYGON((-4968731 7383027,-4897841 7404247,-4875799 7331105,-4946174 7309425,-4968731 7383027))
28358;POLYGON((-5857521 7085775,-5780568 7113869,-5751411 7034636,-5827667 7005975,-5857521 7085775))
3113;POLYGON((-4597712 805555,-4531663 821664,-4514919 753417,-4580580 736937,-4597712 805555))
3111;POLYGON((-1102782 4167555,-1049475 4186337,-1030154 4131036,-1083170 4112356,-1102782 4167555))
3107;POLYGON((-1458094 3447671,-1404235 3458923,-1392699 3403056,-1446299 3391858,-1458094 3447671))
3308;POLYGON((5545965 5725058,5598422 5742901,5616789 5688474,5564593 5670720,5545965 5725058))
3112;POLYGON((-2289459 -2129937,-2236718 -2120933,-2227489 -2175652,-2280012 -2184618,-2289459 -2129937))
3577;POLYGON((-2078136 -1942980,-2025249 -1934950,-2017072 -1989528,-2069746 -1997526,-2078136 -1942980))
