4326;POLYGON((112.25 -35.0,112.75 -35.0,112.75 -35.5,112.25 -35.5,112.25 -35.0))
28348;POLYGON((1162181 6102850,1207941 6099395,1203572 6043775,1158098 6047252,1162181 6102850))
28349;POLYGON((614067 6126243,659698 6125557,658721 6070098,613369 6070788,614067 6126243))
28350;POLYGON((66383 6116633,112057 6118695,114438 6063193,69045 6061119,66383 6116633))
28351;POLYGON((-482924 6073698,-437037 6078576,-431219 6022831,-476812 6017924,-482924 6073698))
28352;POLYGON((-1035817 5995984,-989561 6003845,-980109 5947670,-1026049 5939766,-1035817 5995984))
28353;POLYGON((-1594027 5880831,-1547270 5891945,-1533862 5835187,-1580270 5824019,-1594027 5880831))
28354;POLYGON((-2158866 5724240,-2111522 5738996,-2093694 5681556,-2140644 5666741,-2158866 5724240))
28355;POLYGON((-2730960 5520673,-2683010 5539597,-2660134 5481469,-2707629 5462492,-2730960 5520673))
28356;POLYGON((-3309868 5262804,-3261402 5286582,-3232661 5227915,-3280594 5204106,-3309868 5262804))
28357;POLYGON((-3893571 4941209,-3844832 4970715,-3809185 4911897,-3857294 4882407,-3893571 4941209))
28358;POLYGON((-4477791 4543998,-4429242 4580327,-4385390 4522118,-4433187 4485890,-4477791 4543998))
3113;POLYGON((-3761354 -1540633,-3712869 -1516845,-3684117 -1575535,-3732069 -1599354,-3761354 -1540633))
3111;POLYGON((-432389 2212506,-389359 2227794,-370919 2175458,-413674 2160267,-432389 2212506))
3107;POLYGON((-1059275 1450286,-1014666 1459714,-1003331 1405459,-1047689 1396084,-1059275 1450286))
3308;POLYGON((6187433 3783513,6230589 3798308,6248446 3745808,6205541 3731099,6187433 3783513))
3112;POLYGON((-1970365 -4110563,-1925507 -4102813,-1916190 -4157383,-1960831 -4165096,-1970365 -4110563))
3577;POLYGON((-1790756 -3960814,-1745769 -3953893,-1737424 -4008854,-1782196 -4015742,-1790756 -3960814))
