4326;POLYGON((112.25 -32.25,112.75 -32.25,112.75 -32.75,112.25 -32.75,112.25 -32.25))
28348;POLYGON((1183725 6408694,1230999 6405372,1226930 6349732,1179924 6353080,1183725 6408694))
28349;POLYGON((617751 6431167,664857 6430509,663947 6375072,617101 6375736,617751 6431167))
28350;POLYGON((52336 6421937,99498 6423917,101714 6368427,54814 6366430,52336 6421937))
28351;POLYGON((-515197 6380664,-467757 6385356,-462334 6329555,-509500 6324826,-515197 6380664))
28352;POLYGON((-1087464 6305822,-1039532 6313401,-1030704 6257043,-1078338 6249408,-1087464 6305822))
28353;POLYGON((-1666916 6194599,-1618299 6205351,-1605733 6148214,-1654019 6137388,-1666916 6194599))
28354;POLYGON((-2255695 6042715,-2206230 6057059,-2189441 5998961,-2238527 5984531,-2255695 6042715))
28355;POLYGON((-2855401 5844149,-2804983 5862662,-2783305 5803500,-2833279 5784897,-2855401 5844149))
28356;POLYGON((-3466764 5590771,-3415376 5614222,-3387919 5554022,-3438778 5530492,-3466764 5590771))
28357;POLYGON((-4089180 5271846,-4036936 5301243,-4002538 5240252,-4054140 5210810,-4089180 5271846))
28358;POLYGON((-4720083 4873415,-4667292 4910062,-4624449 4848878,-4676456 4812257,-4720083 4873415))
3113;POLYGON((-3918312 -1212538,-3866903 -1189077,-3839436 -1249301,-3890314 -1272840,-3918312 -1212538))
3111;POLYGON((-535431 2500125,-490889 2515951,-472410 2463504,-516676 2447776,-535431 2500125))
3107;POLYGON((-1122910 1747987,-1076922 1757706,-1065610 1703560,-1111348 1693894,-1122910 1747987))
3308;POLYGON((6087913 4071571,6132449 4086838,6150289 4034389,6106004 4019207,6087913 4071571))
3112;POLYGON((-2022594 -3811802,-1976547 -3803847,-1967289 -3858075,-2013120 -3865993,-2022594 -3811802))
3577;POLYGON((-1838000 -3657650,-1791825 -3650547,-1783434 -3705814,-1829392 -3712884,-1838000 -3657650))
