4326;POLYGON((112.25 -36.5,112.75 -36.5,112.75 -37.0,112.25 -37.0,112.25 -36.5))
28348;POLYGON((1149784 5936062,1194674 5932547,1190145 5876938,1145552 5880472,1149784 5936062))
28349;POLYGON((611946 5959865,656728 5959167,655714 5903696,611222 5904397,611946 5959865))
28350;POLYGON((74468 5950085,119287 5952184,121755 5896676,77229 5894567,74468 5950085))
28351;POLYGON((-464366 5906411,-419371 5911372,-413342 5855658,-458034 5850672,-464366 5906411))
28352;POLYGON((-1006173 5827439,-960874 5835423,-951093 5779350,-996067 5771330,-1006173 5827439))
28353;POLYGON((-1552305 5710615,-1506603 5721880,-1492755 5665332,-1538100 5654023,-1552305 5710615))
28354;POLYGON((-2103650 5552119,-2057496 5567036,-2039131 5509957,-2084884 5494996,-2103650 5552119))
28355;POLYGON((-2660350 5346715,-2613769 5365780,-2590285 5308216,-2636407 5289118,-2660350 5346715))
28356;POLYGON((-3221404 5087561,-3174534 5111409,-3145160 5053567,-3191497 5029712,-3221404 5087561))
28357;POLYGON((-3784147 4765988,-3737291 4795417,-3701058 4737749,-3747292 4708365,-3784147 4765988))
28358;POLYGON((-4343558 4371265,-4297244 4407254,-4252969 4350586,-4298553 4314733,-4343558 4371265))
3113;POLYGON((-3672856 -1715944,-3625968 -1692087,-3596582 -1749951,-3642937 -1773815,-3672856 -1715944))
3111;POLYGON((-376250 2055808,-334045 2070803,-315608 2018478,-357539 2003580,-376250 2055808))
3107;POLYGON((-1024495 1287575,-980639 1296843,-969280 1242474,-1012885 1233259,-1024495 1287575))
3308;POLYGON((6241782 3626201,6284185 3640737,6302069 3588157,6259918 3573707,6241782 3626201))
3112;POLYGON((-1941723 -4274399,-1897517 -4266761,-1888159 -4321578,-1932146 -4329178,-1941723 -4274399))
3577;POLYGON((-1765112 -4125376,-1720768 -4118554,-1712459 -4173283,-1756588 -4180071,-1765112 -4125376))
