4326;POLYGON((112.0 -35.5,112.5 -35.5,112.5 -36.0,112.0 -36.0,112.0 -35.5))
28348;POLYGON((1135368 6048902,1180833 6045543,1176556 5989937,1131380 5993315,1135368 6048902))
28349;POLYGON((590694 6071046,636044 6070472,635196 6015011,590129 6015589,590694 6071046))
28350;POLYGON((46345 6059994,91743 6062185,94295 6006675,49183 6004472,46345 6059994))
28351;POLYGON((-499617 6015379,-454012 6020407,-447975 5964659,-493282 5959603,-499617 6015379))
28352;POLYGON((-1049032 5935716,-1003075 5943750,-993353 5887589,-1038990 5879514,-1049032 5935716))
28353;POLYGON((-1603490 5818327,-1557061 5829639,-1543329 5772925,-1589405 5761563,-1603490 5818327))
28354;POLYGON((-2164136 5659212,-2117163 5674189,-2098956 5616842,-2145530 5601811,-2164136 5659212))
28355;POLYGON((-2731393 5452863,-2683877 5472027,-2660567 5414065,-2707625 5394855,-2731393 5452863))
28356;POLYGON((-3304572 5192037,-3256624 5216065,-3227401 5157662,-3274813 5133613,-3304572 5192037))
28357;POLYGON((-3881347 4867468,-3833240 4897216,-3797078 4838797,-3844553 4809077,-3881347 4867468))
28358;POLYGON((-4457064 4467546,-4409295 4504081,-4364921 4446448,-4411940 4410031,-4457064 4467546))
3113;POLYGON((-3756056 -1611427,-3708090 -1587390,-3678855 -1645815,-3726286 -1669874,-3756056 -1611427))
3111;POLYGON((-435021 2152587,-392306 2167890,-373731 2115610,-416172 2100405,-435021 2152587))
3107;POLYGON((-1069852 1391320,-1025515 1400797,-1014048 1346535,-1058134 1337111,-1069852 1391320))
3308;POLYGON((6184115 3723668,6226985 3738479,6244975 3686000,6202356 3671276,6184115 3723668))
3112;POLYGON((-1983140 -4169019,-1938515 -4161217,-1929076 -4215847,-1973485 -4223610,-1983140 -4169019))
3577;POLYGON((-1804572 -4019251,-1759814 -4012276,-1751372 -4067148,-1795917 -4074090,-1804572 -4019251))
