4326;POLYGON((111.75 -20.25,112.25 -20.25,112.25 -20.75,111.75 -20.75,111.75 -20.25))
28348;POLYGON((1206214 7746408,1258733 7744176,1256253 7688505,1203908 7690782,1206214 7746408))
28349;POLYGON((578331 7760675,630556 7760360,630133 7705017,578077 7705339,578331 7760675))
28350;POLYGON((-48893 7752132,3478 7753718,5093 7698240,-47106 7696622,-48893 7752132))
28351;POLYGON((-680749 7720366,-627786 7723930,-624057 7667851,-676837 7664216,-680749 7720366))
28352;POLYGON((-1322660 7663824,-1268647 7669543,-1262619 7612380,-1316429 7606549,-1322660 7663824))
28353;POLYGON((-1980336 7579636,-1924781 7587806,-1916145 7529047,-1971463 7520721,-1980336 7579636))
28354;POLYGON((-2659919 7463288,-2602290 7474358,-2590573 7413451,-2647917 7402176,-2659919 7463288))
28355;POLYGON((-3368136 7308090,-3307848 7322719,-3292360 7259065,-3352294 7244178,-3368136 7308090))
28356;POLYGON((-4112448 7104382,-4048846 7123514,-4028598 7056463,-4091746 7037017,-4112448 7104382))
28357;POLYGON((-4901189 6838372,-4833543 6863351,-4807126 6792219,-4874178 6766869,-4901189 6838372))
28358;POLYGON((-5743713 6490525,-5671200 6523246,-5636628 6447342,-5708349 6414193,-5743713 6490525))
3113;POLYGON((-4564248 301663,-4500621 320802,-4480365 253726,-4543537 234272,-4564248 301663))
3111;POLYGON((-1043323 3756555,-992176 3775031,-972764 3720846,-1023626 3702473,-1043323 3756555))
3107;POLYGON((-1454003 3042497,-1402020 3053734,-1390250 2998670,-1441978 2987488,-1454003 3042497))
3308;POLYGON((5599720 5320808,5650241 5338398,5668734 5284870,5618469 5267369,5599720 5320808))
3112;POLYGON((-2300349 -2524743,-2249179 -2515693,-2239702 -2569906,-2290656 -2578919,-2300349 -2524743))
3577;POLYGON((-2096190 -2338387,-2044850 -2330283,-2036279 -2385284,-2087403 -2393354,-2096190 -2338387))
