4326;POLYGON((112.5 -30.0,113.0 -30.0,113.0 -30.5,112.5 -30.5,112.5 -30.0))
28348;POLYGON((1224397 6657422,1272843 6654126,1268901 6598452,1220706 6601781,1224397 6657422))
28349;POLYGON((644679 6680267,692915 6679530,691940 6624107,643948 6624851,644679 6680267))
28350;POLYGON((65760 6672677,114051 6674471,116005 6618998,67960 6617186,65760 6672677))
28351;POLYGON((-515551 6634355,-466939 6638751,-461980 6582927,-510334 6578489,-515551 6634355))
28352;POLYGON((-1102415 6563791,-1053222 6570963,-1045062 6514494,-1093976 6507256,-1102415 6563791))
28353;POLYGON((-1697898 6458148,-1647873 6468387,-1636184 6410992,-1685895 6400664,-1697898 6458148))
28354;POLYGON((-2304867 6313048,-2253783 6326785,-2238078 6268213,-2288800 6254368,-2304867 6313048))
28355;POLYGON((-2925819 6122246,-2873488 6140083,-2853086 6080139,-2904988 6062182,-2925819 6122246))
28356;POLYGON((-3562604 5877165,-3508905 5899921,-3482882 5838516,-3536062 5815640,-3562604 5877165))
28357;POLYGON((-4216040 5566263,-4160956 5595031,-4128078 5532263,-4182523 5503395,-4216040 5566263))
28358;POLYGON((-4885372 5174200,-4829042 5210428,-4787678 5146706,-4843212 5110431,-4885372 5174200))
3113;POLYGON((-4014189 -926032,-3960470 -903267,-3934436 -964696,-3987637 -987581,-4014189 -926032))
3111;POLYGON((-597109 2744317,-551285 2760463,-532881 2707791,-578430 2691742,-597109 2744317))
3107;POLYGON((-1151387 1996398,-1104249 2006246,-1093061 1952068,-1139949 1942273,-1151387 1996398))
3308;POLYGON((6029291 4315165,6074994 4330710,6092725 4278170,6047273 4262710,6029291 4315165))
3112;POLYGON((-2041630 -3564381,-1994598 -3556352,-1985479 -3610419,-2032295 -3618412,-2041630 -3564381))
3577;POLYGON((-1853227 -3405029,-1806064 -3397868,-1797760 -3453293,-1844706 -3460420,-1853227 -3405029))
