4326;POLYGON((112.5 -29.0,113.0 -29.0,113.0 -29.5,112.5 -29.5,112.5 -29.0))
28348;POLYGON((1231612 6768714,1280550 6765485,1276726 6709803,1228032 6713067,1231612 6768714))
28349;POLYGON((646108 6791087,694820 6790365,693875 6734949,645399 6735679,646108 6791087))
28350;POLYGON((61459 6783654,110231 6785411,112126 6729942,63593 6728166,61459 6783654))
28351;POLYGON((-525752 6746118,-476637 6750424,-471825 6694583,-520690 6690231,-525752 6746118))
28352;POLYGON((-1118927 6676959,-1069186 6683991,-1061263 6627462,-1110732 6620359,-1118927 6676959))
28353;POLYGON((-1721403 6573317,-1670762 6583368,-1659399 6525845,-1709734 6515699,-1721403 6573317))
28354;POLYGON((-2336373 6430761,-2284575 6444268,-2269283 6385470,-2320726 6371846,-2336373 6430761))
28355;POLYGON((-2966734 6242940,-2913554 6260517,-2893645 6200209,-2946402 6182499,-2966734 6242940))
28356;POLYGON((-3614849 6001072,-3560118 6023559,-3534652 5961601,-3588869 5938976,-3614849 6001072))
28357;POLYGON((-4282192 5693251,-4225832 5721780,-4193544 5658203,-4249266 5629548,-4282192 5693251))
28358;POLYGON((-4968858 5303517,-4910929 5339601,-4870130 5274725,-4927258 5238561,-4968858 5303517))
3113;POLYGON((-4066455 -802077,-4011702 -779581,-3986227 -841562,-4040464 -864197,-4066455 -802077))
3111;POLYGON((-634523 2849619,-588145 2865961,-569705 2813185,-615807 2796942,-634523 2849619))
3107;POLYGON((-1174273 2104689,-1126633 2114642,-1115440 2060435,-1162829 2050535,-1174273 2104689))
3308;POLYGON((5993304 4420143,6039510 4435859,6057256 4383272,6011302 4367641,5993304 4420143))
3112;POLYGON((-2060286 -3456399,-2012825 -3448297,-2003714 -3502312,-2050960 -3510378,-2060286 -3456399))
3577;POLYGON((-1870277 -3294195,-1822680 -3286968,-1814371 -3342426,-1861751 -3349619,-1870277 -3294195))
