4326;POLYGON((112.0 -16.75,112.5 -16.75,112.5 -17.25,112.0 -17.25,112.0 -16.75))
28348;POLYGON((1247645 8134891,1301297 8132924,1299152 8077214,1245647 8079232,1247645 8134891))
28349;POLYGON((606587 8147832,659890 8147497,659466 8092169,606305 8092513,606587 8147832))
28350;POLYGON((-33485 8141380,19960 8142660,21236 8087204,-32065 8085891,-33485 8141380))
28351;POLYGON((-678502 8115206,-624414 8118166,-621374 8062071,-675309 8059034,-678502 8115206))
28352;POLYGON((-1334577 8067962,-1279326 8072757,-1274364 8015485,-1329444 8010566,-1334577 8067962))
28353;POLYGON((-2008252 7997112,-1951269 8004005,-1944114 7944974,-2000897 7937906,-2008252 7997112))
28354;POLYGON((-2706745 7898616,-2647397 7908012,-2637631 7846574,-2696737 7836945,-2706745 7898616))
28355;POLYGON((-3438253 7766408,-3375811 7778907,-3362816 7714323,-3424953 7701524,-3438253 7766408))
28356;POLYGON((-4212287 7591600,-4145899 7608077,-4128774 7539487,-4194766 7522633,-4212287 7591600))
28357;POLYGON((-5040077 7361310,-4968731 7383027,-4946174 7309425,-5016993 7287239,-5040077 7361310))
28358;POLYGON((-5935041 7057007,-5857521 7085775,-5827667 7005975,-5904472 6976631,-5935041 7057007))
3113;POLYGON((-4664126 789071,-4597712 805555,-4580580 736937,-4646598 720077,-4664126 789071))
3111;POLYGON((-1155989 4148493,-1102782 4167555,-1083170 4112356,-1136088 4093398,-1155989 4148493))
3107;POLYGON((-1511899 3436170,-1458094 3447671,-1446299 3391858,-1499846 3380412,-1511899 3436170))
3308;POLYGON((5493595 5706965,5545965 5725058,5564593 5670720,5512482 5652717,5493595 5706965))
3112;POLYGON((-2342164 -2139151,-2289459 -2129937,-2280012 -2184618,-2332499 -2193794,-2342164 -2139151))
3577;POLYGON((-2130991 -1951217,-2078136 -1942980,-2069746 -1997526,-2122387 -2005729,-2130991 -1951217))
