4326;POLYGON((112.0 -30.5,112.5 -30.5,112.5 -31.0,112.0 -31.0,112.0 -30.5))
28348;POLYGON((1172539 6604891,1220706 6601781,1216961 6546143,1169047 6549282,1172539 6604891))
28349;POLYGON((595962 6625383,643948 6624851,643206 6569432,595468 6569968,595962 6625383))
28350;POLYGON((19900 6615159,67960 6617186,70193 6561693,22383 6559647,19900 6615159))
28351;POLYGON((-558725 6573825,-510334 6578489,-505040 6522633,-553169 6517926,-558725 6573825))
28352;POLYGON((-1142947 6499773,-1093976 6507256,-1085416 6450753,-1134101 6443204,-1142947 6499773))
28353;POLYGON((-1735682 6390061,-1685895 6400664,-1673728 6343249,-1723195 6332559,-1735682 6390061))
28354;POLYGON((-2339614 6240205,-2288800 6254368,-2272526 6195806,-2322969 6181540,-2339614 6240205))
28355;POLYGON((-2956993 6043848,-2904988 6062182,-2883913 6002307,-2935479 5983860,-2956993 6043848))
28356;POLYGON((-3589349 5792309,-3536062 5815640,-3509248 5754401,-3562005 5730960,-3589349 5792309))
28357;POLYGON((-4237068 5473968,-4182523 5503395,-4148724 5440941,-4202619 5411430,-4237068 5473968))
28358;POLYGON((-4898821 5073461,-4843212 5110431,-4800791 5047248,-4855593 5010255,-4898821 5073461))
3113;POLYGON((-4040945 -1010921,-3987637 -987581,-3960812 -1048844,-4013590 -1072294,-4040945 -1010921))
3111;POLYGON((-623893 2675455,-578430 2691742,-559766 2639214,-604954 2623025,-623893 2675455))
3107;POLYGON((-1186791 1932260,-1139949 1942273,-1128512 1888156,-1175103 1878197,-1186791 1932260))
3308;POLYGON((6001896 4247033,6047273 4262710,6065249 4210273,6020123 4194682,6001896 4247033))
3112;POLYGON((-2079080 -3626590,-2032295 -3618412,-2022955 -3672475,-2069524 -3680616,-2079080 -3626590))
3577;POLYGON((-1891624 -3467732,-1844706 -3460420,-1836189 -3515788,-1882890 -3523066,-1891624 -3467732))
