4326;POLYGON((111.75 -23.5,112.25 -23.5,112.25 -24.0,111.75 -24.0,111.75 -23.5))
28348;POLYGON((1190272 7384864,1241584 7382351,1238732 7326694,1187620 7329247,1190272 7384864))
28349;POLYGON((576576 7400928,627632 7400573,627145 7345209,576284 7345570,576576 7400928))
28350;POLYGON((-36541 7391308,14642 7393093,16499 7337609,-34486 7335794,-36541 7391308))
28351;POLYGON((-653712 7355565,-602012 7359573,-597728 7303552,-649218 7299480,-653712 7355565))
28352;POLYGON((-1279638 7292055,-1227026 7298472,-1220116 7241489,-1272496 7234973,-1279638 7292055))
28353;POLYGON((-1919167 7197755,-1865231 7206891,-1855364 7148510,-1909033 7139237,-1919167 7197755))
28354;POLYGON((-2577345 7067960,-2521657 7080283,-2508332 7020049,-2563702 7007551,-2577345 7067960))
28355;POLYGON((-3259436 6895785,-3201550 6911968,-3184046 6849423,-3241543 6833027,-3259436 6895785))
28356;POLYGON((-3970899 6671441,-3910353 6692433,-3887654 6627130,-3947709 6605890,-3970899 6671441))
28357;POLYGON((-4717310 6381183,-4653637 6408313,-4624323 6339866,-4687364 6312460,-4717310 6381183))
28358;POLYGON((-5504221 6005880,-5436966 6040991,-5399066 5969150,-5465495 5933751,-5504221 6005880))
3113;POLYGON((-4422643 -131446,-4362073 -110446,-4339366 -175774,-4399445 -197023,-4422643 -131446))
3111;POLYGON((-916045 3407077,-866735 3424889,-847579 3371421,-896609 3353710,-916045 3407077))
3107;POLYGON((-1376156 2686380,-1325822 2697261,-1314157 2642688,-1364238 2631862,-1376156 2686380))
3308;POLYGON((5721044 4975011,5769908 4992024,5788216 4939032,5739605 4922107,5721044 4975011))
3112;POLYGON((-2237478 -2876133,-2187706 -2867330,-2178270 -2921304,-2227827 -2930069,-2237478 -2876133))
3577;POLYGON((-2038940 -2696543,-1989002 -2688661,-1980386 -2743950,-2030107 -2751798,-2038940 -2696543))
