4326;POLYGON((112.25 -21.25,112.75 -21.25,112.75 -21.75,112.25 -21.75,112.25 -21.25))
28348;POLYGON((1253715 7632836,1305923 7630344,1303144 7574631,1251119 7577169,1253715 7632836))
28349;POLYGON((629701 7649670,681591 7649178,680971 7593819,629258 7594321,629701 7649670))
28350;POLYGON((6745 7642761,58741 7644244,60252 7588792,8435 7587281,6745 7642761))
28351;POLYGON((-620241 7611781,-567713 7615310,-564001 7559314,-616340 7555719,-620241 7611781))
28352;POLYGON((-1256454 7555244,-1202953 7560990,-1196861 7503987,-1250152 7498135,-1256454 7555244))
28353;POLYGON((-1907316 7470344,-1852379 7478598,-1843601 7420099,-1898295 7411697,-1907316 7470344))
28354;POLYGON((-2578603 7352644,-2521733 7363849,-2509802 7303335,-2566381 7291938,-2578603 7352644))
28355;POLYGON((-3276552 7195575,-3217209 7210376,-3201443 7147293,-3260427 7132252,-3276552 7195575))
28356;POLYGON((-4007955 6989674,-3945550 7008994,-3924976 6942759,-3986924 6923149,-4007955 6989674))
28357;POLYGON((-4780235 6721491,-4714124 6746638,-4687364 6676657,-4752881 6651172,-4780235 6721491))
28358;POLYGON((-5601499 6372055,-5530979 6404867,-5496096 6330583,-5565830 6297390,-5601499 6372055))
3113;POLYGON((-4459714 186910,-4397285 206238,-4376702 139977,-4438675 120359,-4459714 186910))
3111;POLYGON((-953395 3666783,-902720 3684787,-883677 3630740,-934068 3612836,-953395 3666783))
3107;POLYGON((-1378498 2943693,-1326973 2954582,-1315493 2899634,-1366764 2888799,-1378498 2943693))
3308;POLYGON((5687195 5231434,5737288 5248606,5755462 5195173,5705626 5178088,5687195 5231434))
3112;POLYGON((-2230233 -2624071,-2179458 -2615299,-2170212 -2669458,-2220771 -2678193,-2230233 -2624071))
3577;POLYGON((-2027700 -2440339,-1976760 -2432503,-1968388 -2487642,-2019112 -2495445,-2027700 -2440339))
