4326;POLYGON((112.0 -29.5,112.5 -29.5,112.5 -30.0,112.0 -30.0,112.0 -29.5))
28348;POLYGON((1179367 6716116,1228032 6713067,1224397 6657422,1175979 6660502,1179367 6716116))
28349;POLYGON((596930 6736200,645399 6735679,644679 6680267,596450 6680793,596930 6736200))
28350;POLYGON((15043 6726179,63593 6728166,65760 6672677,17453 6670670,15043 6726179))
28351;POLYGON((-569596 6685659,-520690 6690231,-515551 6634355,-564201 6629736,-569596 6685659))
28352;POLYGON((-1160264 6613016,-1110732 6620359,-1102415 6563791,-1151668 6556377,-1160264 6613016))
28353;POLYGON((-1760152 6505281,-1709734 6515699,-1697898 6458148,-1748002 6447636,-1760152 6505281))
28354;POLYGON((-2372271 6357907,-2320726 6371846,-2304867 6313048,-2356048 6298994,-2372271 6357907))
28355;POLYGON((-2999277 6164414,-2946402 6182499,-2925819 6122246,-2978260 6104033,-2999277 6164414))
28356;POLYGON((-3643210 5915894,-3588869 5938976,-3562604 5877165,-3616420 5853954,-3643210 5915894))
28357;POLYGON((-4305111 5600330,-4249266 5629548,-4216040 5566263,-4271235 5536934,-4305111 5600330))
28358;POLYGON((-4984493 5201689,-4927258 5238561,-4885372 5174200,-4941792 5137271,-4984493 5201689))
3113;POLYGON((-4094827 -887287,-4040464 -864197,-4014189 -926032,-4068026 -949252,-4094827 -887287))
3111;POLYGON((-661822 2780456,-615807 2796942,-597109 2744317,-642849 2727931,-661822 2780456))
3107;POLYGON((-1210171 2040415,-1162829 2050535,-1151387 1996398,-1198479 1986331,-1210171 2040415))
3308;POLYGON((5965423 4351790,6011302 4367641,6029291 4315165,5983663 4299401,5965423 4351790))
3112;POLYGON((-2098174 -3518632,-2050960 -3510378,-2041630 -3564381,-2088630 -3572597,-2098174 -3518632))
3577;POLYGON((-1909103 -3356998,-1861751 -3349619,-1853227 -3405029,-1900362 -3412374,-1909103 -3356998))
