4326;POLYGON((111.75 -38.25,112.25 -38.25,112.25 -38.75,111.75 -38.75,111.75 -38.25))
28348;POLYGON((1090934 5744840,1134760 5741508,1130358 5685928,1086840 5689272,1090934 5744840))
28349;POLYGON((565624 5766180,609375 5765707,608621 5710223,565172 5710698,565624 5766180))
28350;POLYGON((40482 5753392,84270 5755763,87142 5700240,43658 5697858,40482 5753392))
28351;POLYGON((-485822 5706091,-441888 5711379,-435305 5655683,-478922 5650375,-485822 5706091))
28352;POLYGON((-1014489 5622857,-970318 5631220,-959828 5575240,-1003660 5566850,-1014489 5622857))
28353;POLYGON((-1546414 5501178,-1501949 5512868,-1487237 5456537,-1531333 5444816,-1546414 5501178))
28354;POLYGON((-2081965 5337367,-2037202 5352739,-2017829 5296057,-2062179 5280658,-2081965 5337367))
28355;POLYGON((-2620682 5126452,-2575699 5145973,-2551084 5089052,-2595599 5069521,-2620682 5126452))
28356;POLYGON((-3160864 4862055,-3115863 4886313,-3085276 4829439,-3129741 4805205,-3160864 4862055))
28357;POLYGON((-3699032 4536276,-3654388 4565990,-3616936 4509704,-3660964 4480074,-3699032 4536276))
28358;POLYGON((-4229229 4139595,-4185551 4175622,-4140178 4120845,-4183142 4085002,-4229229 4139595))
3113;POLYGON((-3612292 -1941538,-3567274 -1917270,-3536675 -1974167,-3581157 -1998410,-3612292 -1941538))
3111;POLYGON((-351918 1858110,-310751 1872981,-292028 1820720,-332921 1805948,-351918 1858110))
3107;POLYGON((-1026746 1087973,-983813 1097254,-972163 1042755,-1014844 1033528,-1026746 1087973))
3308;POLYGON((6263860 3427879,6305313 3442312,6323498 3389677,6282296 3375332,6263860 3427879))
3112;POLYGON((-1951544 -4474216,-1908133 -4466538,-1898497 -4521660,-1941689 -4529299,-1951544 -4474216))
3577;POLYGON((-1778910 -4323288,-1735341 -4316411,-1726870 -4370773,-1770226 -4377617,-1778910 -4323288))
