4326;POLYGON((112.25 -32.5,112.75 -32.5,112.75 -33.0,112.25 -33.0,112.25 -32.5))
28348;POLYGON((1181831 6380886,1228972 6377551,1224875 6321913,1178004 6325274,1181831 6380886))
28349;POLYGON((617427 6403452,664404 6402791,663488 6347352,616773 6348019,617427 6403452))
28350;POLYGON((53571 6394184,100602 6396172,102833 6340681,56066 6338676,53571 6394184))
28351;POLYGON((-512358 6352743,-465055 6357454,-459596 6301659,-506623 6296911,-512358 6352743))
28352;POLYGON((-1082916 6277611,-1035133 6285218,-1026246 6228877,-1073731 6221214,-1082916 6277611))
28353;POLYGON((-1660488 6165985,-1612036 6176774,-1599391 6119671,-1647510 6108810,-1660488 6165985))
28354;POLYGON((-2247136 6013608,-2197860 6027995,-2180974 5969957,-2229869 5955485,-2247136 6013608))
28355;POLYGON((-2844369 5814499,-2794172 5833057,-2772381 5773989,-2822132 5755344,-2844369 5814499))
28356;POLYGON((-3452802 5560595,-3401678 5584087,-3374098 5524027,-3424691 5500461,-3452802 5560595))
28357;POLYGON((-4071691 5241276,-4019768 5270697,-3985246 5209907,-4036528 5180446,-4071691 5241276))
28358;POLYGON((-4698296 4842764,-4645897 4879401,-4602949 4818495,-4654566 4781892,-4698296 4842764))
3113;POLYGON((-3904344 -1242725,-3853201 -1219224,-3825610 -1279308,-3876223 -1302883,-3904344 -1242725))
3111;POLYGON((-526052 2473947,-481648 2489724,-463174 2437292,-507303 2421613,-526052 2473947))
3107;POLYGON((-1117129 1720942,-1071266 1730634,-1059953 1676483,-1105566 1666844,-1117129 1720942))
3308;POLYGON((6096958 4045389,6141369 4060613,6159209 4008165,6115049 3993026,6096958 4045389))
3112;POLYGON((-2017858 -3838892,-1971919 -3830955,-1962656 -3885209,-2008380 -3893108,-2017858 -3838892))
3577;POLYGON((-1833695 -3685272,-1787629 -3678186,-1779241 -3733431,-1825091 -3740484,-1833695 -3685272))
