4326;POLYGON((113.0 -17.75,113.5 -17.75,113.5 -18.25,113.0 -18.25,113.0 -17.75))
28348;POLYGON((1350352 8019290,1403810 8016926,1401232 7961110,1347930 7963530,1350352 8019290))
28349;POLYGON((712056 8036344,765095 8035709,764348 7980348,711459 7980998,712056 8036344))
28350;POLYGON((75674 8032952,128772 8034013,129820 7978611,76872 7977524,75674 8032952))
28351;POLYGON((-564541 8008944,-510901 8011754,-508008 7955813,-561488 7952934,-564541 8008944))
28352;POLYGON((-1214471 7963106,-1159790 7967809,-1154903 7910810,-1209408 7905994,-1214471 7963106))
28353;POLYGON((-1880344 7893032,-1824084 7899881,-1816944 7841271,-1873000 7834261,-1880344 7893032))
28354;POLYGON((-2568958 7794839,-2510525 7804223,-2500728 7743392,-2558915 7733793,-2568958 7794839))
28355;POLYGON((-3287931 7662673,-3226653 7675172,-3213598 7611433,-3274570 7598658,-3287931 7662673))
28356;POLYGON((-4045977 7487961,-3981078 7504417,-3963893 7436990,-4028398 7420188,-4045977 7487961))
28357;POLYGON((-4853228 7258313,-4783800 7279939,-4761231 7207928,-4830137 7185876,-4853228 7258313))
28358;POLYGON((-5721599 6955950,-5646572 6984482,-5616822 6906867,-5691148 6877817,-5721599 6955950))
3113;POLYGON((-4497751 685392,-4432826 701854,-4415635 634401,-4480165 617592,-4497751 685392))
3111;POLYGON((-1010884 4075885,-958060 4094186,-939131 4039081,-991666 4020880,-1010884 4075885))
3107;POLYGON((-1381186 3347305,-1327793 3358202,-1316560 3302510,-1369696 3291665,-1381186 3347305))
3308;POLYGON((5635116 5634170,5687136 5651586,5705163 5597312,5653402 5579982,5635116 5634170))
3112;POLYGON((-2218272 -2230293,-2165931 -2221572,-2156944 -2276178,-2209068 -2284863,-2218272 -2230293))
3577;POLYGON((-2008883 -2044183,-1956393 -2036424,-1948407 -2091185,-2000683 -2098913,-2008883 -2044183))
