4326;POLYGON((112.75 -18.75,113.25 -18.75,113.25 -19.25,112.75 -19.25,112.75 -18.75))
28348;POLYGON((1318892 7908954,1372007 7906554,1369374 7850773,1316422 7853227,1318892 7908954))
28349;POLYGON((684483 7925928,737212 7925336,736504 7869978,683933 7870583,684483 7925928))
28350;POLYGON((51695 7921482,104501 7922669,105684 7867251,53037 7866037,51695 7921482))
28351;POLYGON((-585037 7895399,-531688 7898423,-528557 7842459,-581738 7839367,-585037 7895399))
28352;POLYGON((-1231413 7846375,-1177036 7851389,-1171799 7794376,-1225990 7789251,-1231413 7846375))
28353;POLYGON((-1893445 7771877,-1837523 7779145,-1829905 7720546,-1885613 7713120,-1893445 7771877))
28354;POLYGON((-2577660 7667835,-2519624 7677766,-2509201 7616995,-2566979 7606854,-2577660 7667835))
28355;POLYGON((-3291306 7528149,-3230518 7541346,-3216664 7477751,-3277129 7464288,-3291306 7528149))
28356;POLYGON((-4042578 7343928,-3978315 7361262,-3960122 7294117,-4023971 7276451,-4042578 7343928))
28357;POLYGON((-4840873 7102375,-4772298 7125097,-4748466 7053588,-4816496 7030463,-4840873 7102375))
28358;POLYGON((-5697061 6785215,-5623205 6815104,-5591883 6738339,-5665009 6707969,-5697061 6785215))
3113;POLYGON((-4494351 541303,-4430062 558643,-4411862 491472,-4475736 473799,-4494351 541303))
3111;POLYGON((-998585 3956865,-946386 3975102,-927409 3920328,-979321 3902190,-998585 3956865))
3107;POLYGON((-1384648 3230645,-1331795 3241560,-1320477 3186104,-1373074 3175243,-1384648 3230645))
3308;POLYGON((5645930 5517195,5697391 5534561,5715473 5480554,5664271 5463275,5645930 5517195))
3112;POLYGON((-2225815 -2343766,-2173925 -2335014,-2164851 -2389469,-2216524 -2398185,-2225815 -2343766))
3577;POLYGON((-2018492 -2157637,-1966446 -2149839,-1958333 -2204723,-2010164 -2212488,-2018492 -2157637))
