4326;POLYGON((113.25 -36.5,113.75 -36.5,113.75 -37.0,113.25 -37.0,113.25 -36.5))
28348;POLYGON((1239579 5928792,1284500 5924799,1279375 5869152,1234753 5873165,1239579 5928792))
28349;POLYGON((701514 5958237,746304 5957074,744710 5901591,700210 5902761,701514 5958237))
28350;POLYGON((164097 5954047,208899 5955677,210784 5900188,166273 5898549,164097 5954047))
28351;POLYGON((-374395 5916089,-329439 5920565,-324014 5864896,-368669 5860399,-374395 5916089))
28352;POLYGON((-915604 5843146,-870363 5850610,-861226 5794607,-906146 5787108,-915604 5843146))
28353;POLYGON((-1460937 5732860,-1415308 5743555,-1402165 5687092,-1447443 5676354,-1460937 5732860))
28354;POLYGON((-2011380 5581632,-1965301 5595910,-1947727 5538920,-1993412 5524598,-2011380 5581632))
28355;POLYGON((-2567220 5384476,-2520704 5402809,-2498122 5345317,-2544190 5326948,-2567220 5384476))
28356;POLYGON((-3127680 5134830,-3080843 5157830,-3052512 5100011,-3098831 5076998,-3127680 5134830))
28357;POLYGON((-3690418 4824346,-3643530 4852782,-3608515 4795040,-3654798 4766638,-3690418 4824346))
28358;POLYGON((-4250858 4442655,-4204405 4477475,-4161562 4420561,-4207304 4385859,-4250858 4442655))
3113;POLYGON((-3579096 -1668657,-3532240 -1645648,-3503898 -1703489,-3550235 -1726511,-3579096 -1668657))
3111;POLYGON((-291761 2085577,-249400 2100128,-231514 2047612,-273599 2033155,-291761 2085577))
3107;POLYGON((-936740 1305909,-892800 1314771,-881945 1260299,-925633 1251488,-936740 1305909))
3308;POLYGON((6326657 3655070,6369197 3669199,6386577 3616451,6344289 3602405,6326657 3655070))
3112;POLYGON((-1853281 -4259300,-1809016 -4252014,-1800094 -4306904,-1844141 -4314154,-1853281 -4259300))
3577;POLYGON((-1676399 -4111906,-1632003 -4105432,-1624123 -4160224,-1668304 -4166667,-1676399 -4111906))
