4326;POLYGON((113.0 -26.25,113.5 -26.25,113.5 -26.75,113.0 -26.75,113.0 -26.25))
28348;POLYGON((1300511 7071805,1350762 7068582,1347044 7012837,1297018 7016102,1300511 7071805))
28349;POLYGON((699754 7095087,749710 7094219,748631 7038811,698891 7039691,699754 7095087))
28350;POLYGON((100341 7090452,150339 7091902,151852 7036464,102071 7034995,100341 7090452))
28351;POLYGON((-501760 7057703,-451384 7061532,-447214 7005695,-497363 7001815,-501760 7057703))
28352;POLYGON((-1110603 6995423,-1059509 7001799,-1052502 6945191,-1103347 6938734,-1110603 6995423))
28353;POLYGON((-1730270 6900852,-1678118 6910061,-1667961 6852311,-1719832 6842990,-1730270 6900852))
28354;POLYGON((-2364865 6769633,-2311312 6782108,-2297533 6722847,-2350756 6710230,-2364865 6769633))
28355;POLYGON((-3018444 6595410,-2963158 6611769,-2945078 6550650,-2999968 6534121,-3018444 6595410))
28356;POLYGON((-3694884 6369233,-3637553 6390341,-3614230 6327066,-3671072 6305768,-3694884 6369233))
28357;POLYGON((-4397665 6078721,-4338020 6105766,-4308157 6040150,-4367184 6012907,-4397665 6078721))
28358;POLYGON((-5129545 5706914,-5067395 5741519,-5029221 5673584,-5090580 5638797,-5129545 5706914))
3113;POLYGON((-4146521 -433772,-4089167 -412656,-4065835 -475955,-4122699 -497261,-4146521 -433772))
3111;POLYGON((-689956 3157354,-641960 3173982,-623673 3120747,-671389 3104216,-689956 3157354))
3107;POLYGON((-1188298 2413250,-1139230 2423264,-1128254 2368844,-1177070 2358881,-1188298 2413250))
3308;POLYGON((5941691 4725717,5989360 4741676,6006924 4688795,5959508 4672920,5941691 4725717))
3112;POLYGON((-2062896 -3151447,-2014221 -3143336,-2005334 -3197332,-2053794 -3205407,-2062896 -3151447))
3577;POLYGON((-1868389 -2981891,-1819570 -2974674,-1811478 -3030165,-1860080 -3037350,-1868389 -2981891))
