4326;POLYGON((113.25 -11.0,113.75 -11.0,113.75 -11.5,113.25 -11.5,113.25 -11.0))
28348;POLYGON((1404181 8771535,1459369 8769961,1457691 8714070,1402602 8715712,1404181 8771535))
28349;POLYGON((745857 8783099,800528 8782643,800009 8727298,745433 8727773,745857 8783099))
28350;POLYGON((90062 8781458,144779 8782096,145393 8726727,90770 8726061,90062 8781458))
28351;POLYGON((-569956 8766524,-514626 8768291,-512848 8712328,-568077 8710485,-569956 8766524))
28352;POLYGON((-1241157 8737480,-1184618 8740474,-1181577 8683318,-1238004 8680197,-1241157 8737480))
28353;POLYGON((-1931054 8692675,-1872650 8697069,-1868170 8638062,-1926443 8633482,-1931054 8692675))
28354;POLYGON((-2648123 8629391,-2587099 8635460,-2580900 8573846,-2641765 8567520,-2648123 8629391))
28355;POLYGON((-3402290 8543456,-3337750 8551617,-3329410 8486493,-3393747 8477992,-3402290 8543456))
28356;POLYGON((-4205547 8428635,-4136394 8439507,-4125287 8369760,-4194172 8358443,-4205547 8428635))
28357;POLYGON((-5072716 8275714,-4997586 8290208,-4982786 8214423,-5057555 8199350,-5072716 8275714))
28358;POLYGON((-6022410 8071185,-5939579 8090630,-5919736 8006968,-6002068 7986766,-6022410 8071185))
3113;POLYGON((-4657383 1626432,-4588203 1637309,-4577091 1567534,-4646003 1556213,-4657383 1626432))
3111;POLYGON((-1247553 4844399,-1190690 4863933,-1171106 4806430,-1227667 4787000,-1247553 4844399))
3107;POLYGON((-1510456 4116945,-1453500 4128432,-1442023 4070842,-1498713 4059409,-1510456 4116945))
3308;POLYGON((5411570 6388251,5467202 6406729,5485741 6350464,5430378 6332075,5411570 6388251))
3112;POLYGON((-2316363 -1480201,-2261037 -1471095,-2251942 -1527048,-2307046 -1536117,-2316363 -1480201))
3577;POLYGON((-2090640 -1309712,-2035274 -1301639,-2027576 -1355160,-2082732 -1363203,-2090640 -1309712))
