4326;POLYGON((112.75 -17.25,113.25 -17.25,113.25 -17.75,112.75 -17.75,112.75 -17.25))
28348;POLYGON((1325924 8076151,1379507 8073917,1377074 8018127,1323643 8020416,1325924 8076151))
28349;POLYGON((686050 8091945,739228 8091394,738574 8036044,685542 8036609,686050 8091945))
28350;POLYGON((47876 8087809,101134 8088913,102226 8033500,49115 8032368,47876 8087809))
28351;POLYGON((-594434 8063534,-540606 8066349,-537713 8010368,-591385 8007482,-594434 8063534))
28352;POLYGON((-1246867 8017882,-1191959 8022553,-1187117 7965478,-1241852 7960691,-1246867 8017882))
28353;POLYGON((-1915784 7948435,-1859247 7955215,-1852194 7896481,-1908532 7889536,-1915784 7948435))
28354;POLYGON((-2608161 7851300,-2549382 7860580,-2539716 7799560,-2598253 7790060,-2608161 7851300))
28355;POLYGON((-3331854 7720611,-3270138 7732972,-3257259 7668958,-3318671 7656314,-3331854 7720611))
28356;POLYGON((-4095912 7547770,-4030452 7564057,-4013486 7496236,-4078555 7479592,-4095912 7547770))
28357;POLYGON((-4910932 7320327,-4840775 7341759,-4818462 7269188,-4888100 7247312,-4910932 7320327))
28358;POLYGON((-5789471 7020390,-5713485 7048716,-5684021 6970299,-5759308 6941432,-5789471 7020390))
3113;POLYGON((-4547705 745224,-4482220 761517,-4465247 693670,-4530341 677019,-4547705 745224))
3111;POLYGON((-1056674 4121731,-1003609 4140271,-984484 4085070,-1037260 4066631,-1056674 4121731))
3107;POLYGON((-1419505 3397488,-1365879 3408562,-1354495 3352785,-1407863 3341764,-1419505 3397488))
3308;POLYGON((5590681 5679629,5642919 5697258,5661115 5642909,5609137 5625368,5590681 5679629))
3112;POLYGON((-2253755 -2180109,-2201214 -2171247,-2192106 -2225907,-2244429 -2234732,-2253755 -2180109))
3577;POLYGON((-2043413 -1993501,-1990724 -1985607,-1982642 -2040278,-2035117 -2048140,-2043413 -1993501))
