4326;POLYGON((113.25 -28.75,113.75 -28.75,113.75 -29.25,113.25 -29.25,113.25 -28.75))
28348;POLYGON((1306981 6791642,1356088 6788112,1351928 6732371,1303065 6735940,1306981 6791642))
28349;POLYGON((719705 6817636,768547 6816610,767256 6761180,718650 6762217,719705 6817636))
28350;POLYGON((133733 6813941,182599 6815378,184125 6759935,135495 6758482,133733 6813941))
28351;POLYGON((-454410 6780409,-405231 6784367,-400826 6728587,-449759 6724585,-454410 6780409))
28352;POLYGON((-1048189 6715675,-998408 6722317,-990946 6665878,-1040460 6659167,-1048189 6715675))
28353;POLYGON((-1651018 6617053,-1600355 6626658,-1589525 6569247,-1639889 6559548,-1651018 6617053))
28354;POLYGON((-2266195 6480316,-2214382 6493302,-2199717 6434625,-2251183 6421522,-2266195 6480316))
28355;POLYGON((-2896766 6299353,-2843563 6316312,-2824401 6256118,-2877191 6239024,-2896766 6299353))
28356;POLYGON((-3545301 6065679,-3490520 6087423,-3465952 6025544,-3520232 6003656,-3545301 6065679))
28357;POLYGON((-4213575 5767742,-4157108 5795373,-4125908 5731795,-4181754 5704029,-4213575 5767742))
28358;POLYGON((-4902099 5390012,-4843967 5425003,-4804493 5359980,-4861846 5324892,-4902099 5390012))
3113;POLYGON((-3996879 -737444,-3942077 -715691,-3917500 -777595,-3971801 -799492,-3996879 -737444))
3111;POLYGON((-574081 2900473,-527437 2916496,-509404 2863548,-555771 2847621,-574081 2900473))
3107;POLYGON((-1108332 2146659,-1060499 2156306,-1049680 2102014,-1097262 2092417,-1108332 2146659))
3308;POLYGON((6053827 4469960,6100270 4485386,6117643 4432658,6071452 4417316,6053827 4469960))
3112;POLYGON((-1993583 -3417307,-1945966 -3409470,-1937179 -3463528,-1984581 -3471330,-1993583 -3417307))
3577;POLYGON((-1802972 -3255684,-1755225 -3248721,-1747240 -3304232,-1794770 -3311163,-1802972 -3255684))
