4326;POLYGON((113.25 -20.0,113.75 -20.0,113.75 -20.5,113.25 -20.5,113.25 -20.0))
28348;POLYGON((1365299 7767107,1418048 7764411,1415074 7708583,1362500 7711335,1365299 7767107))
28349;POLYGON((735408 7786937,787749 7786155,786828 7730775,734655 7731572,735408 7786937))
28350;POLYGON((107514 7784121,159892 7785217,160981 7729817,108771 7728698,107514 7784121))
28351;POLYGON((-523712 7758524,-470851 7761550,-467701 7705663,-520384 7702575,-523712 7758524))
28352;POLYGON((-1163699 7708897,-1109896 7714002,-1104529 7657147,-1158137 7651938,-1163699 7708897))
28353;POLYGON((-1818130 7632736,-1762897 7640183,-1755039 7581850,-1810048 7574256,-1818130 7632736))
28354;POLYGON((-2493102 7526000,-2435912 7536194,-2425139 7475836,-2482062 7465447,-2493102 7526000))
28355;POLYGON((-3195287 7382632,-3135557 7396172,-3121244 7333191,-3180642 7319404,-3195287 7382632))
28356;POLYGON((-3932087 7193836,-3869169 7211581,-3850413 7145327,-3912910 7127278,-3932087 7193836))
28357;POLYGON((-4711805 6947009,-4644968 6970189,-4620484 6899962,-4686769 6876419,-4711805 6947009))
28358;POLYGON((-5543799 6624248,-5472220 6654603,-5440186 6579678,-5511033 6548899,-5543799 6624248))
3113;POLYGON((-4383817 391151,-4320874 408904,-4302111 342624,-4364631 324568,-4383817 391151))
3111;POLYGON((-899031 3838415,-847455 3856131,-828878 3801585,-880167 3783967,-899031 3838415))
3107;POLYGON((-1303537 3103106,-1251276 3113646,-1240262 3058379,-1292268 3047890,-1303537 3103106))
3308;POLYGON((5742530 5399739,5793428 5416644,5811166 5362808,5760527 5345988,5742530 5399739))
3112;POLYGON((-2151259 -2471040,-2099877 -2462584,-2091043 -2516932,-2142209 -2525353,-2151259 -2471040))
3577;POLYGON((-1946145 -2287168,-1894606 -2279652,-1886686 -2334721,-1938009 -2342206,-1946145 -2287168))
