4326;POLYGON((113.0 -13.75,113.5 -13.75,113.5 -14.25,113.0 -14.25,113.0 -13.75))
28348;POLYGON((1367371 8465460,1421928 8463579,1419909 8407737,1365474 8409680,1367371 8465460))
28349;POLYGON((716252 8479024,770342 8478519,769758 8423175,715784 8423697,716252 8479024))
28350;POLYGON((67260 8476327,121416 8477171,122236 8421781,68197 8420910,67260 8476327))
28351;POLYGON((-585996 8457227,-531237 8459464,-528970 8403484,-583604 8401173,-585996 8457227))
28352;POLYGON((-1250095 8420706,-1194171 8424457,-1190336 8367317,-1246121 8363442,-1250095 8420706))
28353;POLYGON((-1932105 8364743,-1874401 8370219,-1868781 8311295,-1926323 8305639,-1932105 8364743))
28354;POLYGON((-2639915 8286039,-2579733 8293575,-2571989 8232161,-2631974 8224382,-2639915 8286039))
28355;POLYGON((-3382643 8179575,-3319164 8189669,-3308787 8124939,-3372016 8114526,-3382643 8179575))
28356;POLYGON((-4171119 8037900,-4103362 8051289,-4089599 7982247,-4157030 7968447,-4171119 8037900))
28357;POLYGON((-5018484 7850092,-4945249 7867853,-4927004 7793274,-4999801 7774987,-5018484 7850092))
28358;POLYGON((-5940924 7600261,-5860725 7623953,-5836406 7542299,-5916007 7517936,-5940924 7600261))
3113;POLYGON((-4622941 1235545,-4555158 1248940,-4541390 1179871,-4608847 1166065,-4622941 1235545))
3111;POLYGON((-1166594 4521543,-1111428 4540656,-1092055 4484259,-1146925 4465249,-1166594 4521543))
3107;POLYGON((-1474008 3796794,-1418533 3808116,-1407097 3751411,-1462309 3740143,-1474008 3796794))
3308;POLYGON((5487277 6072248,5541396 6090367,5559775 6035034,5505921 6017003,5487277 6072248))
3112;POLYGON((-2292406 -1790788,-2238316 -1781775,-2229214 -1837075,-2283084 -1846051,-2292406 -1790788))
3577;POLYGON((-2074044 -1609276,-2019852 -1601265,-2011965 -1655347,-2065946 -1663327,-2074044 -1609276))
