4326;POLYGON((113.0 -8.25,113.5 -8.25,113.5 -8.75,113.0 -8.75,113.0 -8.25))
28348;POLYGON((1383824 9079166,1439445 9078009,1438211 9022141,1382664 9023366,1383824 9079166))
28349;POLYGON((720305 9087512,775411 9087201,775054 9031873,720019 9032202,720305 9087512))
28350;POLYGON((59130 9085853,114309 9086372,114810 9030995,59702 9030446,59130 9085853))
28351;POLYGON((-606746 9074098,-550901 9075475,-549516 9019459,-605283 9018001,-606746 9074098))
28352;POLYGON((-1284614 9051591,-1227479 9053904,-1225130 8996623,-1282179 8994174,-1284614 9051591))
28353;POLYGON((-1982406 9017019,-1923285 9020407,-1919832 8961167,-1978853 8957582,-1982406 9017019))
28354;POLYGON((-2709163 8968225,-2647246 8972906,-2642469 8910902,-2704262 8905949,-2709163 8968225))
28355;POLYGON((-3475608 8901889,-3409921 8908195,-3403482 8842449,-3469011 8835780,-3475608 8901889))
28356;POLYGON((-4294879 8813024,-4224213 8821451,-4215610 8750732,-4286066 8741824,-4294879 8813024))
28357;POLYGON((-5183453 8694222,-5106281 8705504,-5094769 8628210,-5171654 8616293,-5183453 8694222))
28358;POLYGON((-6162306 8534563,-6076676 8549777,-6061159 8463771,-6146392 8447712,-6162306 8534563))
3113;POLYGON((-4746750 2010972,-4676056 2019402,-4667450 1948655,-4737934 1939744,-4746750 2010972))
3111;POLYGON((-1387485 5153755,-1328995 5174019,-1308847 5115368,-1367030 5095210,-1387485 5153755))
3107;POLYGON((-1604889 4430583,-1546480 4442504,-1534669 4383941,-1592807 4372076,-1604889 4430583))
3308;POLYGON((5278501 6690897,5335584 6710009,5354598 6652762,5297790 6633742,5278501 6690897))
3112;POLYGON((-2396279 -1174975,-2339737 -1165554,-2330405 -1222254,-2386721 -1231638,-2396279 -1174975))
3577;POLYGON((-2162062 -1021818,-2105569 -1013466,-2097862 -1066315,-2154148 -1074636,-2162062 -1021818))
