4326;POLYGON((112.75 -11.0,113.25 -11.0,113.25 -11.5,112.75 -11.5,112.75 -11.0))
28348;POLYGON((1349059 8773013,1404181 8771535,1402602 8715712,1347578 8717254,1349059 8773013))
28349;POLYGON((691204 8783463,745857 8783099,745433 8727773,690874 8728153,691204 8783463))
28350;POLYGON((35315 8780727,90062 8781458,90770 8726061,36119 8725299,35315 8780727))
28351;POLYGON((-625363 8764659,-569956 8766524,-568077 8710485,-623383 8708540,-625363 8764659))
28352;POLYGON((-1297825 8734378,-1241157 8737480,-1238004 8680197,-1294558 8676962,-1297825 8734378))
28353;POLYGON((-1989647 8688154,-1931054 8692675,-1926443 8633482,-1984902 8628768,-1989647 8688154))
28354;POLYGON((-2709404 8623165,-2648123 8629391,-2641765 8567520,-2702882 8561033,-2709404 8623165))
28355;POLYGON((-3467170 8535095,-3402290 8543456,-3393747 8477992,-3458419 8469284,-3467170 8535095))
28356;POLYGON((-4275141 8417500,-4205547 8428635,-4194172 8358443,-4263492 8346855,-4275141 8417500))
28357;POLYGON((-5148417 8260866,-5072716 8275714,-5057555 8199350,-5132884 8183910,-5148417 8260866))
28358;POLYGON((-6105973 8051250,-6022410 8071185,-6002068 7986766,-6085119 7966056,-6105973 8051250))
3113;POLYGON((-4727004 1615294,-4657383 1626432,-4646003 1556213,-4715350 1544620,-4727004 1615294))
3111;POLYGON((-1304314 4824568,-1247553 4844399,-1227667 4787000,-1284126 4767274,-1304314 4824568))
3107;POLYGON((-1567359 4105194,-1510456 4116945,-1498713 4059409,-1555350 4047713,-1567359 4105194))
3308;POLYGON((5356027 6369507,5411570 6388251,5430378 6332075,5375103 6313422,5356027 6369507))
3112;POLYGON((-2371652 -1489527,-2316363 -1480201,-2307046 -1536117,-2362113 -1545405,-2371652 -1489527))
3577;POLYGON((-2145973 -1318003,-2090640 -1309712,-2082732 -1363203,-2137856 -1371462,-2145973 -1318003))
