4326;POLYGON((113.0 -26.0,113.5 -26.0,113.5 -26.5,113.0 -26.5,113.0 -26.0))
28348;POLYGON((1302235 7099658,1352596 7096457,1348911 7040709,1298772 7043953,1302235 7099658))
28349;POLYGON((700180 7122784,750243 7121921,749173 7066515,699324 7067389,700180 7122784))
28350;POLYGON((99487 7118180,149593 7119620,151092 7064183,101202 7062724,99487 7118180))
28351;POLYGON((-503930 7085650,-453441 7089454,-449308 7033612,-499571 7029758,-503930 7085650))
28352;POLYGON((-1114184 7023778,-1062968 7030112,-1056020 6973492,-1106990 6967075,-1114184 7023778))
28353;POLYGON((-1735425 6929806,-1683133 6938957,-1673060 6881179,-1725072 6871914,-1735425 6929806))
28354;POLYGON((-2371836 6799374,-2318121 6811776,-2304450 6752464,-2357838 6739918,-2371836 6799374))
28355;POLYGON((-3027580 6626120,-2972097 6642392,-2954151 6581189,-3009240 6564744,-3027580 6626120))
28356;POLYGON((-3706671 6401067,-3649096 6422076,-3625930 6358671,-3683018 6337467,-3706671 6401067))
28357;POLYGON((-4412772 6111780,-4352819 6138721,-4323133 6072909,-4382469 6045763,-4412772 6111780))
28358;POLYGON((-5148885 5741196,-5086340 5775703,-5048354 5707479,-5110109 5672781,-5148885 5741196))
3113;POLYGON((-4158313 -401925,-4100715 -380908,-4077540 -444338,-4134650 -465550,-4158313 -401925))
3111;POLYGON((-699249 3183953,-651114 3200629,-632814 3147355,-680669 3130776,-699249 3183953))
3107;POLYGON((-1193915 2440450,-1144721 2450490,-1133741 2396049,-1182683 2386060,-1193915 2440450))
3308;POLYGON((5932776 4752133,5980572 4768136,5998144 4715230,5950602 4699312,5932776 4752133))
3112;POLYGON((-2067447 -3124466,-2018665 -3116337,-2009778 -3170334,-2058345 -3178427,-2067447 -3124466))
3577;POLYGON((-1872543 -2954166,-1823615 -2946933,-1815524 -3002418,-1864235 -3009619,-1872543 -2954166))
