4326;POLYGON((113.25 -15.25,113.75 -15.25,113.75 -15.75,113.25 -15.75,113.25 -15.25))
28348;POLYGON((1388563 8297111,1442770 8294979,1440472 8239114,1386401 8241308,1388563 8297111))
28349;POLYGON((741662 8312774,795397 8312156,794687 8256797,741081 8257432,741662 8312774))
28350;POLYGON((97069 8310550,150847 8311415,151687 8256034,98040 8255143,97069 8310550))
28351;POLYGON((-551377 8290326,-497040 8292718,-494605 8236786,-548805 8234324,-551377 8290326))
28352;POLYGON((-1209999 8251044,-1154564 8255089,-1150407 8198057,-1205689 8193893,-1209999 8251044))
28353;POLYGON((-1885542 8190572,-1828425 8196495,-1822316 8137765,-1879257 8131672,-1885542 8190572))
28354;POLYGON((-2585473 8105432,-2526014 8113584,-2517595 8052489,-2576839 8044107,-2585473 8105432))
28355;POLYGON((-3318317 7990336,-3255757 8001242,-3244488 7937010,-3306779 7925804,-3318317 7990336))
28356;POLYGON((-4094073 7837468,-4027511 7851899,-4012602 7783620,-4078815 7768805,-4094073 7837468))
28357;POLYGON((-4924697 7635420,-4853048 7654498,-4833350 7581075,-4904534 7561511,-4924697 7635420))
28358;POLYGON((-5824703 7367668,-5746644 7393012,-5720497 7313108,-5797924 7287154,-5824703 7367668))
3113;POLYGON((-4545865 1035035,-4479277 1049472,-4464363 981166,-4530601 966345,-4545865 1035035))
3111;POLYGON((-1080643 4362624,-1026312 4381288,-1007263 4325358,-1061301 4306795,-1080643 4362624))
3107;POLYGON((-1411660 3632873,-1356945 3643908,-1345722 3587590,-1400176 3576607,-1411660 3632873))
3308;POLYGON((5569713 5915910,5623082 5933637,5641187 5878689,5588080 5861050,5569713 5915910))
3112;POLYGON((-2237780 -1951801,-2184331 -1943004,-2175387 -1998030,-2228617 -2006791,-2237780 -1951801))
3577;POLYGON((-2022933 -1767726,-1969360 -1759914,-1961540 -1814288,-2014899 -1822070,-2022933 -1767726))
