4326;POLYGON((114.25 -20.5,114.75 -20.5,114.75 -21.0,114.25 -21.0,114.25 -20.5))
28348;POLYGON((1467701 7705663,1520384 7702575,1516978 7646633,1464476 7649782,1467701 7705663))
28349;POLYGON((839018 7729817,891228 7728698,889941 7673274,837904 7674415,839018 7729817))
28350;POLYGON((213171 7730775,265344 7731572,266115 7676206,214113 7675392,213171 7730775))
28351;POLYGON((-415074 7708583,-362500 7711335,-359635 7655566,-412029 7652759,-415074 7708583))
28352;POLYGON((-1051015 7662170,-997594 7667010,-992496 7610368,-1045721 7605434,-1051015 7662170))
28353;POLYGON((-1700166 7589232,-1645426 7596405,-1637839 7538397,-1692356 7531087,-1700166 7589232))
28354;POLYGON((-2368397 7485973,-2311831 7495861,-2301353 7435958,-2357655 7425888,-2368397 7485973))
28355;POLYGON((-3062074 7346666,-3003130 7359834,-2989167 7297468,-3047787 7284067,-3062074 7346666))
28356;POLYGON((-3788201 7162980,-3726267 7180244,-3707964 7114798,-3769487 7097248,-3788201 7162980))
28357;POLYGON((-4554543 6922990,-4488940 6945513,-4465076 6876335,-4530146 6853471,-4554543 6922990))
28358;POLYGON((-5369752 6609773,-5299723 6639198,-5268573 6565624,-5337897 6535802,-5369752 6609773))
3113;POLYGON((-4239874 360284,-4177916 377555,-4159606 312083,-4221153 294526,-4239874 360284))
3111;POLYGON((-777497 3818934,-726026 3836012,-708064 3781398,-759248 3764415,-777497 3818934))
3107;POLYGON((-1188208 3068627,-1136107 3078634,-1125622 3023357,-1177468 3013399,-1188208 3068627))
3308;POLYGON((5861886 5379385,5912684 5395719,5929876 5341811,5879336 5325560,5861886 5379385))
3112;POLYGON((-2039843 -2508714,-1988611 -2500700,-1980218 -2555066,-2031234 -2563047,-2039843 -2508714))
3577;POLYGON((-1835333 -2327438,-1783953 -2320355,-1776456 -2375541,-1827620 -2382594,-1835333 -2327438))
