4326;POLYGON((114.0 -25.0,114.5 -25.0,114.5 -25.5,114.0 -25.5,114.0 -25.0))
28348;POLYGON((1410608 7204659,1461490 7201157,1457502 7145302,1406837 7148854,1410608 7204659))
28349;POLYGON((802818 7231699,853326 7230487,851879 7175055,801579 7176284,802818 7231699))
28350;POLYGON((197181 7231699,247673 7232724,248705 7177324,198420 7176284,197181 7231699))
28351;POLYGON((-410608 7204659,-359771 7207966,-356216 7152209,-406837 7148854,-410608 7204659))
28352;POLYGON((-1024882 7149380,-973338 7155117,-967102 7098609,-1018412 7092792,-1024882 7149380))
28353;POLYGON((-1650042 7063354,-1597421 7071785,-1588219 7014125,-1640576 7005580,-1650042 7063354))
28354;POLYGON((-2290586 6942517,-2236509 6954048,-2223902 6894833,-2277670 6883154,-2290586 6942517))
28355;POLYGON((-2951088 6780860,-2895172 6796080,-2878522 6734907,-2934065 6719507,-2951088 6780860))
28356;POLYGON((-3636129 6569828,-3577995 6589565,-3556406 6526061,-3614078 6506114,-3636129 6569828))
28357;POLYGON((-4350160 6297468,-4289447 6322875,-4261672 6256737,-4321800 6231101,-4350160 6297468))
28358;POLYGON((-5097275 5947248,-5033662 5979912,-4997987 5910991,-5060845 5878095,-5097275 5947248))
3113;POLYGON((-4087743 -233098,-4029586 -213353,-4007989 -276883,-4065683 -296837,-4087743 -233098))
3111;POLYGON((-639015 3324037,-590145 3340395,-572350 3286766,-620939 3270503,-639015 3324037))
3107;POLYGON((-1116964 2569422,-1067174 2579105,-1056680 2524471,-1106218 2514838,-1116964 2569422))
3308;POLYGON((5993752 4890050,6042207 4905759,6059307 4852577,6011107 4836951,5993752 4890050))
3112;POLYGON((-1987199 -3000319,-1937923 -2992510,-1929464 -3046591,-1978524 -3054366,-1987199 -3000319))
3577;POLYGON((-1790401 -2828908,-1740983 -2821997,-1733331 -2877510,-1782531 -2884390,-1790401 -2828908))
