4326;POLYGON((114.5 -17.75,115.0 -17.75,115.0 -18.25,114.5 -18.25,114.5 -17.75))
28348;POLYGON((1510901 8011754,1564541 8008944,1561488 7952934,1508008 7955813,1510901 8011754))
28349;POLYGON((871227 8034013,924325 8032952,923127 7977524,870179 7978611,871227 8034013))
28350;POLYGON((234904 8035709,287943 8036344,288540 7980998,235651 7980348,234904 8035709))
28351;POLYGON((-403810 8016926,-350352 8019290,-347930 7963530,-401232 7961110,-403810 8016926))
28352;POLYGON((-1050745 7976721,-996373 7980932,-992004 7924248,-1046205 7919935,-1050745 7976721))
28353;POLYGON((-1712021 7913006,-1656209 7919288,-1649664 7861135,-1705280 7854705,-1712021 7913006))
28354;POLYGON((-2394272 7822304,-2336443 7831009,-2327357 7770793,-2384953 7761888,-2394272 7822304))
28355;POLYGON((-3104887 7699313,-3044388 7710966,-3032217 7648023,-3092427 7636110,-3104887 7699313))
28356;POLYGON((-3852276 7536227,-3788361 7551597,-3772310 7485171,-3835855 7469473,-3852276 7536227))
28357;POLYGON((-4646185 7321737,-4577983 7341932,-4556903 7271158,-4624621 7250558,-4646185 7321737))
28358;POLYGON((-5498046 7039589,-5424530 7066196,-5396780 6990085,-5469646 6962984,-5498046 7039589))
3113;POLYGON((-4303974 733677,-4240035 749052,-4223976 682600,-4287547 666897,-4303974 733677))
3111;POLYGON((-852128 4129954,-799022 4147420,-780963 4092024,-833778 4074653,-852128 4129954))
3107;POLYGON((-1220858 3379255,-1167319 3389410,-1156861 3333567,-1210142 3323461,-1220858 3379255))
3308;POLYGON((5791424 5685672,5843689 5702340,5860935 5647813,5808931 5631228,5791424 5685672))
3112;POLYGON((-2061147 -2204754,-2008706 -2196658,-2000371 -2251367,-2052595 -2259429,-2061147 -2204754))
3577;POLYGON((-1851323 -2021522,-1798746 -2014379,-1791403 -2069230,-1843767 -2076343,-1851323 -2021522))
