4326;POLYGON((114.5 -41.75,115.0 -41.75,115.0 -42.25,114.5 -42.25,114.5 -41.75))
28348;POLYGON((1290242 5334142,1331878 5329378,1325318 5273779,1284017 5278551,1290242 5334142))
28349;POLYGON((791014 5372057,832594 5370242,829996 5314714,788741 5316532,791014 5372057))
28350;POLYGON((292139 5374959,333714 5376047,335011 5320529,293761 5319439,292139 5374959))
28351;POLYGON((-206989 5342923,-165371 5346941,-160145 5291372,-201431 5287346,-206989 5342923))
28352;POLYGON((-706913 5275119,-665212 5282172,-655924 5226504,-697276 5219442,-706913 5275119))
28353;POLYGON((-1207921 5169797,-1166129 5180066,-1152542 5124291,-1193961 5114014,-1207921 5169797))
28354;POLYGON((-1709842 5024256,-1667996 5038004,-1649768 4982176,-1691208 4968429,-1709842 5024256))
28355;POLYGON((-2211775 4834816,-2169986 4852387,-2146666 4796659,-2188007 4779108,-2211775 4834816))
28356;POLYGON((-2711739 4596800,-2670224 4618622,-2641253 4563294,-2682269 4541525,-2711739 4596800))
28357;POLYGON((-3206219 4304564,-3165343 4331142,-3130061 4276723,-3170379 4250252,-3206219 4304564))
28358;POLYGON((-3689587 3951586,-3649916 3983493,-3607579 3930789,-3646627 3899073,-3689587 3951586))
3113;POLYGON((-3162992 -2206896,-3121461 -2185066,-3092479 -2240416,-3133510 -2262193,-3162992 -2206896))
3111;POLYGON((-2000 1567853,37637 1580890,54914 1527890,15555 1514945,-2000 1567853))
3107;POLYGON((-716234 751953,-674860 759800,-664500 704480,-705618 696681,-716234 751953))
3308;POLYGON((6612406 3132487,6652441 3145255,6669376 3091712,6629596 3079026,6612406 3132487))
3112;POLYGON((-1651495 -4823612,-1609476 -4817125,-1600914 -4873324,-1642709 -4879777,-1651495 -4823612))
3577;POLYGON((-1486715 -4666616,-1444492 -4660880,-1437311 -4714528,-1479324 -4720235,-1486715 -4666616))
