4326;POLYGON((114.5 -20.5,115.0 -20.5,115.0 -21.0,114.5 -21.0,114.5 -20.5))
28348;POLYGON((1494035 7704140,1546748 7700968,1543250 7644993,1490720 7648229,1494035 7704140))
28349;POLYGON((865120 7729278,917341 7728079,915968 7672642,863920 7673865,865120 7729278))
28350;POLYGON((239259 7731194,291425 7731911,292110 7676551,240116 7675819,239259 7731194))
28351;POLYGON((-388780 7709980,-336232 7712648,-333456 7656905,-385826 7654184,-388780 7709980))
28352;POLYGON((-1024293 7664613,-970916 7669362,-965915 7612766,-1019097 7607924,-1024293 7664613))
28353;POLYGON((-1672780 7592845,-1618104 7599914,-1610627 7541973,-1665081 7534768,-1672780 7592845))
28354;POLYGON((-2340092 7490948,-2283612 7500713,-2273266 7440900,-2329482 7430954,-2340092 7490948))
28355;POLYGON((-3032574 7353288,-2973740 7366305,-2959938 7304053,-3018450 7290806,-3032574 7353288))
28356;POLYGON((-3757199 7171660,-3695403 7188734,-3677302 7123429,-3738692 7106072,-3757199 7171660))
28357;POLYGON((-4521699 6934314,-4456264 6956589,-4432662 6887579,-4497570 6864966,-4521699 6934314))
28358;POLYGON((-5334687 6624568,-5264858 6653665,-5234055 6580287,-5303187 6550796,-5334687 6624568))
3113;POLYGON((-4208860 368967,-4147040 386048,-4128932 320717,-4190346 303354,-4208860 368967))
3111;POLYGON((-751773 3827507,-700257 3844450,-682438 3789789,-733667 3772940,-751773 3827507))
3107;POLYGON((-1162163 3073661,-1110039 3083548,-1099682 3028246,-1151551 3018408,-1162163 3073661))
3308;POLYGON((5887275 5387582,5938113 5403795,5955176 5349846,5904596 5333716,5887275 5387582))
3112;POLYGON((-2014231 -2504681,-1962984 -2496770,-1954698 -2551153,-2005730 -2559031,-2014231 -2504681))
3577;POLYGON((-1809647 -2323871,-1758252 -2316889,-1750863 -2372090,-1802042 -2379042,-1809647 -2323871))
