4326;POLYGON((114.0 -40.25,114.5 -40.25,114.5 -40.75,114.0 -40.75,114.0 -40.25))
28348;POLYGON((1265945 5505450,1308558 5500966,1302513 5445349,1260225 5449845,1265945 5505450))
28349;POLYGON((755162 5540176,797697 5538615,795492 5483099,753272 5484664,755162 5540176))
28350;POLYGON((244837 5540176,287369 5541496,288943 5485988,246727 5484664,244837 5540176))
28351;POLYGON((-265945 5505450,-223340 5509687,-217944 5454093,-260225 5449845,-265945 5505450))
28352;POLYGON((-778022 5435038,-735283 5442309,-725916 5386553,-768315 5379265,-778022 5435038))
28353;POLYGON((-1291975 5326992,-1249067 5337499,-1235475 5281539,-1278015 5271015,-1291975 5326992))
28354;POLYGON((-1807918 5178329,-1764856 5192361,-1746668 5136222,-1789327 5122179,-1807918 5178329))
28355;POLYGON((-2325224 4984975,-2282096 5002914,-2258823 4946718,-2301500 4928784,-2325224 4984975))
28356;POLYGON((-2842157 4741705,-2799162 4764032,-2770189 4708052,-2812678 4685761,-2842157 4741705))
28357;POLYGON((-3355399 4442117,-3312888 4469411,-3277478 4414141,-3319416 4386937,-3355399 4442117))
28358;POLYGON((-3859428 4078653,-3817962 4111586,-3775260 4057836,-3816077 4025081,-3859428 4078653))
3113;POLYGON((-3293461 -2061935,-3250449 -2039599,-3221465 -2095601,-3263971 -2117900,-3293461 -2061935))
3111;POLYGON((-94984 1712807,-54584 1726330,-37068 1673541,-77191 1660111,-94984 1712807))
3107;POLYGON((-790082 909049,-747980 917237,-737414 862226,-779261 854088,-790082 909049))
3308;POLYGON((6520239 3279215,6560978 3292422,6578098 3239181,6537614 3226056,6520239 3279215))
3112;POLYGON((-1720381 -4662707,-1677721 -4655947,-1669000 -4711702,-1711438 -4718427,-1720381 -4662707))
3577;POLYGON((-1551837 -4510906,-1509004 -4504916,-1501556 -4558950,-1544177 -4564910,-1551837 -4510906))
