4326;POLYGON((114.5 -32.0,115.0 -32.0,115.0 -32.5,114.5 -32.5,114.5 -32.0))
28348;POLYGON((1399136 6419839,1446664 6415510,1441415 6359723,1394157 6364086,1399136 6419839))
28349;POLYGON((830684 6454207,877956 6452565,875886 6397084,828874 6398739,830684 6454207))
28350;POLYGON((263828 6456832,311072 6457816,312105 6402378,265120 6401386,263828 6456832))
28351;POLYGON((-304168 6427810,-256725 6431456,-252550 6375799,-299727 6372123,-304168 6427810))
28352;POLYGON((-876013 6366065,-828148 6372508,-820678 6316376,-868258 6309882,-876013 6366065))
28353;POLYGON((-1454297 6269274,-1405801 6278759,-1394755 6221912,-1442936 6212357,-1454297 6269274))
28354;POLYGON((-2041373 6133716,-1992063 6146612,-1977016 6088843,-2025968 6075863,-2041373 6133716))
28355;POLYGON((-2639164 5954033,-2588903 5970856,-2569258 5912019,-2619103 5895102,-2639164 5954033))
28356;POLYGON((-3248880 5722879,-3197603 5744328,-3172556 5684381,-3223338 5662842,-3248880 5722879))
28357;POLYGON((-3870613 5430470,-3818368 5457467,-3786855 5396548,-3838504 5369485,-3870613 5430470))
28358;POLYGON((-4502781 5063987,-4449780 5097733,-4410421 5036273,-4462695 5002514,-4502781 5063987))
3113;POLYGON((-3700343 -1080378,-3649046 -1058920,-3623989 -1118891,-3674791 -1140438,-3700343 -1080378))
3111;POLYGON((-343113 2595894,-298071 2610708,-280831 2557823,-325595 2543101,-343113 2595894))
3107;POLYGON((-920836 1817203,-874530 1825986,-864348 1771620,-910403 1762884,-920836 1817203))
3308;POLYGON((6280411 4164964,6325392 4179309,6342099 4126486,6297370 4112222,6280411 4164964))
3112;POLYGON((-1819388 -3750288,-1773098 -3743141,-1764816 -3797503,-1810890 -3804616,-1819388 -3750288))
3577;POLYGON((-1633822 -3599408,-1587422 -3593104,-1580002 -3648530,-1626186 -3654804,-1633822 -3599408))
