4326;POLYGON((113.75 -35.75,114.25 -35.75,114.25 -36.25,113.75 -36.25,113.75 -35.75))
28348;POLYGON((1292076 6008281,1337458 6004082,1332128 5948402,1287040 5952625,1292076 6008281))
28349;POLYGON((748661 6040291,793886 6038906,792034 5983421,747095 5984814,748661 6040291))
28350;POLYGON((206113 6038906,251338 6040291,252904 5984814,207965 5983421,206113 6038906))
28351;POLYGON((-337458 6004082,-292076 6008281,-287040 5952625,-332128 5948402,-337458 6004082))
28352;POLYGON((-883877 5934671,-838191 5941824,-829522 5885813,-874893 5878623,-883877 5934671))
28353;POLYGON((-1434760 5828369,-1388649 5838714,-1376060 5782203,-1421827 5771811,-1434760 5828369))
28354;POLYGON((-1991341 5681604,-1944721 5695491,-1927791 5638386,-1974024 5624447,-1991341 5681604))
28355;POLYGON((-2554207 5489375,-2507063 5507281,-2485218 5449573,-2531921 5431620,-2554207 5489375))
28356;POLYGON((-3122952 5245042,-3075366 5267588,-3047858 5209409,-3094932 5186836,-3122952 5245042))
28357;POLYGON((-3695686 4940074,-3647887 4968050,-3613766 4909749,-3660965 4881789,-3695686 4940074))
28358;POLYGON((-4268395 4563755,-4220817 4598145,-4178905 4540410,-4225772 4506113,-4268395 4563755))
3113;POLYGON((-3574365 -1558401,-3526761 -1535847,-3499242 -1594049,-3546334 -1616630,-3574365 -1558401))
3111;POLYGON((-276229 2178904,-233379 2193372,-215768 2140762,-258343 2126386,-276229 2178904))
3107;POLYGON((-909067 1396400,-864708 1405133,-854117 1350674,-898224 1341991,-909067 1396400))
3308;POLYGON((6343145 3748265,6386131 3762315,6403244 3709529,6360511 3695562,6343145 3748265))
3112;POLYGON((-1822372 -4169842,-1777751 -4162680,-1769068 -4217476,-1813471 -4224603,-1822372 -4169842))
3577;POLYGON((-1643847 -4023091,-1599104 -4016745,-1591421 -4071689,-1635948 -4078005,-1643847 -4023091))
