4326;POLYGON((114.5 -38.25,115.0 -38.25,115.0 -38.75,114.5 -38.75,114.5 -38.25))
28348;POLYGON((1332122 5723516,1376017 5718846,1369906 5663178,1326324 5667866,1332122 5723516))
28349;POLYGON((806289 5760650,850060 5758874,847644 5703363,804176 5705146,806289 5760650))
28350;POLYGON((281237 5763490,324994 5764554,326200 5709066,282745 5707997,281237 5763490))
28351;POLYGON((-244373 5732121,-200519 5736058,-195654 5680456,-239199 5676504,-244373 5732121))
28352;POLYGON((-771823 5665601,-727771 5672528,-719103 5616690,-762828 5609738,-771823 5665601))
28353;POLYGON((-1302171 5561927,-1257846 5572054,-1245116 5515889,-1289087 5505731,-1302171 5561927))
28354;POLYGON((-1836060 5417963,-1791429 5431597,-1774256 5375069,-1818495 5361406,-1836060 5417963))
28355;POLYGON((-2373451 5229341,-2328553 5246895,-2306421 5190060,-2350879 5172487,-2373451 5229341))
28356;POLYGON((-2913272 4990343,-2868245 5012349,-2840496 4955404,-2885020 4933404,-2913272 4990343))
28357;POLYGON((-3452934 4693780,-3408067 4720895,-3373883 4664251,-3418172 4637189,-3452934 4693780))
28358;POLYGON((-3987716 4330883,-3943501 4363901,-3901901 4308288,-3945448 4275402,-3987716 4330883))
3113;POLYGON((-3364603 -1813200,-3319559 -1791186,-3291799 -1848153,-3336340 -1870161,-3364603 -1813200))
3111;POLYGON((-124557 1937214,-82978 1950889,-65772 1898109,-107074 1884525,-124557 1937214))
3107;POLYGON((-790104 1136556,-746950 1144741,-736691 1089962,-779592 1081825,-790104 1136556))
3308;POLYGON((6492689 3504797,6534508 3518134,6551300 3465039,6509735 3451783,6492689 3504797))
3112;POLYGON((-1712420 -4434126,-1668851 -4427400,-1660423 -4482719,-1703772 -4489412,-1712420 -4434126))
3577;POLYGON((-1538963 -4287578,-1495256 -4281640,-1487957 -4336172,-1531450 -4342080,-1538963 -4287578))
