4326;POLYGON((113.75 -8.25,114.25 -8.25,114.25 -8.75,113.75 -8.75,113.75 -8.25))
28348;POLYGON((1467281 9077403,1523009 9076136,1521661 9020158,1466009 9021499,1467281 9077403))
28349;POLYGON((802972 9087020,858111 9086605,857646 9031242,802579 9031681,802972 9087020))
28350;POLYGON((141888 9086605,197027 9087020,197420 9031681,142353 9031242,141888 9086605))
28351;POLYGON((-523009 9076136,-467281 9077403,-466009 9021499,-521661 9020158,-523009 9076136))
28352;POLYGON((-1198962 9055030,-1142025 9057220,-1139802 9000133,-1196655 8997815,-1198962 9055030))
28353;POLYGON((-1893797 9022064,-1834965 9025308,-1831661 8966354,-1890395 8962921,-1893797 9022064))
28354;POLYGON((-2616388 8975202,-2554869 8979705,-2550274 8918097,-2611672 8913331,-2616388 8975202))
28355;POLYGON((-3377211 8911291,-3312055 8917371,-3305848 8852154,-3370850 8845723,-3377211 8911291))
28356;POLYGON((-4189056 8825589,-4119089 8833716,-4110791 8763697,-4180556 8755106,-4189056 8825589))
28357;POLYGON((-5067925 8711042,-4991663 8721916,-4980566 8645548,-5056553 8634060,-5067925 8711042))
28358;POLYGON((-6034159 8557241,-5949710 8571890,-5934769 8487113,-6018836 8471650,-6034159 8557241))
3113;POLYGON((-4640886 2023541,-4570891 2031672,-4562590 1961626,-4632382 1953031,-4640886 2023541))
3111;POLYGON((-1299710 5184036,-1241062 5203838,-1221377 5145030,-1279717 5125332,-1299710 5184036))
3107;POLYGON((-1517255 4448363,-1458764 4459878,-1447360 4401235,-1505579 4389773,-1517255 4448363))
3308;POLYGON((5364159 6719462,5421377 6738164,5439980 6680782,5383036 6662170,5364159 6719462))
3112;POLYGON((-2311453 -1160927,-2254857 -1151844,-2245863 -1208598,-2302234 -1217646,-2311453 -1160927))
3577;POLYGON((-2077311 -1009374,-2020770 -1001354,-2013374 -1054247,-2069707 -1062237,-2077311 -1009374))
