4326;POLYGON((114.25 -10.25,114.75 -10.25,114.75 -10.75,114.25 -10.75,114.25 -10.25))
28348;POLYGON((1517147 8852240,1572620 8850588,1570865 8794544,1515486 8796273,1517147 8852240))
28349;POLYGON((856089 8865147,910941 8864550,910280 8809155,855516 8809780,856089 8865147))
28350;POLYGON((198736 8865659,253541 8866084,253937 8810761,199220 8810315,198736 8865659))
28351;POLYGON((-461749 8853802,-406420 8855274,-404945 8799447,-460181 8797907,-461749 8853802))
28352;POLYGON((-1132360 8828928,-1075910 8831527,-1073275 8774599,-1129621 8771879,-1132360 8828928))
28353;POLYGON((-1820601 8789623,-1762376 8793500,-1758428 8734815,-1816533 8730760,-1820601 8789623))
28354;POLYGON((-2534899 8733516,-2474151 8738912,-2468645 8677721,-2529249 8672078,-2534899 8733516))
28355;POLYGON((-3285100 8656932,-3220938 8664216,-3213502 8599626,-3277481 8592013,-3285100 8656932))
28356;POLYGON((-4083087 8554356,-4014427 8564075,-4004505 8494985,-4072926 8484833,-4083087 8554356))
28357;POLYGON((-4943566 8417610,-4869051 8430573,-4855823 8355582,-4930015 8342051,-4943566 8417610))
28358;POLYGON((-5885036 8234670,-5802952 8252063,-5785215 8169337,-5866854 8151200,-5885036 8234670))
3113;POLYGON((-4534876 1752203,-4466188 1761925,-4456263 1692809,-4524710 1682653,-4534876 1752203))
3111;POLYGON((-1162778 4969965,-1105257 4989052,-1086174 4931032,-1143392 4912047,-1162778 4969965))
3107;POLYGON((-1413368 4226442,-1355906 4237479,-1344914 4179526,-1402108 4168541,-1413368 4226442))
3308;POLYGON((5495410 6509803,5551624 6527879,5569708 6471172,5513766 6453184,5495410 6509803))
3112;POLYGON((-2219022 -1377984,-2163290 -1369266,-2154611 -1425485,-2210119 -1434167,-2219022 -1377984))
3577;POLYGON((-1991080 -1213669,-1935340 -1205985,-1928084 -1259394,-1983616 -1267048,-1991080 -1213669))
