4326;POLYGON((114.5 -35.0,115.0 -35.0,115.0 -35.5,114.5 -35.5,114.5 -35.0))
28348;POLYGON((1368252 6085445,1414103 6080926,1408431 6025194,1362871 6029741,1368252 6085445))
28349;POLYGON((819449 6121356,865108 6119639,862869 6064144,817490 6065871,819449 6121356))
28350;POLYGON((271845 6124100,317483 6125129,318601 6069667,273243 6068632,271845 6124100))
28351;POLYGON((-276615 6093771,-230827 6097579,-226315 6041948,-271814 6038117,-276615 6093771))
28352;POLYGON((-827945 6029343,-781845 6036060,-773786 5980067,-819580 5973312,-827945 6029343))
28353;POLYGON((-1383980 5928623,-1337424 5938479,-1325546 5881955,-1371767 5872049,-1383980 5928623))
28354;POLYGON((-1946216 5788133,-1899099 5801470,-1882992 5744292,-1929734 5730897,-1946216 5788133))
28355;POLYGON((-2515574 5602938,-2467848 5620228,-2446950 5562351,-2494246 5545004,-2515574 5602938))
28356;POLYGON((-3092066 5366417,-3043774 5388283,-3017342 5329788,-3065132 5307880,-3092066 5366417))
28357;POLYGON((-3674334 5069972,-3625656 5097214,-3592737 5038387,-3640823 5011139,-3674334 5069972))
28358;POLYGON((-4259038 4702684,-4210347 4736310,-4169742 4677753,-4217730 4644190,-4259038 4702684))
3113;POLYGON((-3543467 -1436979,-3495157 -1415105,-3468714 -1473622,-3516523 -1495539,-3543467 -1436979))
3111;POLYGON((-238137 2279519,-194758 2293786,-177560 2241028,-220661 2226852,-238137 2279519))
3107;POLYGON((-858198 1491083,-813402 1499579,-803199 1445100,-847743 1436651,-858198 1491083))
3308;POLYGON((6382184 3848458,6425649 3862320,6442371 3809447,6399159 3795666,6382184 3848458))
3112;POLYGON((-1768268 -4077094,-1723278 -4070148,-1714940 -4124877,-1759712 -4131789,-1768268 -4077094))
3577;POLYGON((-1588106 -3931059,-1543004 -3924932,-1535629 -3980031,-1580515 -3986129,-1588106 -3931059))
