4326;POLYGON((114.5 -11.0,115.0 -11.0,115.0 -11.5,114.5 -11.5,114.5 -11.0))
28348;POLYGON((1542282 8767419,1597650 8765604,1595720 8709525,1540453 8711419,1542282 8767419))
28349;POLYGON((882575 8781788,937307 8781104,936551 8725692,881914 8726406,882575 8781788))
28350;POLYGON((226809 8782882,281470 8783292,281847 8727975,227280 8727547,226809 8782882))
28351;POLYGON((-431767 8770760,-376612 8772286,-375082 8716495,-430138 8714903,-431767 8770760))
28352;POLYGON((-1100043 8744762,-1043807 8747488,-1041041 8690633,-1097167 8687790,-1100043 8744762))
28353;POLYGON((-1785385 8703425,-1727427 8707508,-1723266 8648945,-1781097 8644688,-1785385 8703425))
28354;POLYGON((-2496031 8644278,-2435621 8649970,-2429809 8588967,-2490066 8583035,-2496031 8644278))
28355;POLYGON((-3241559 8563496,-3177834 8571179,-3169984 8506870,-3233516 8498867,-3241559 8563496))
28356;POLYGON((-4033473 8455338,-3965384 8465582,-3954917 8396902,-4022755 8386238,-4033473 8455338))
28357;POLYGON((-4885934 8311303,-4812178 8324948,-4798243 8250557,-4871660 8236363,-4885934 8311303))
28358;POLYGON((-5816675 8118909,-5735612 8137187,-5716958 8055344,-5797555 8036350,-5816675 8118909))
3113;POLYGON((-4485242 1653146,-4417126 1663394,-4406656 1594688,-4474519 1584020,-4485242 1653146))
3111;POLYGON((-1105204 4892672,-1048089 4911457,-1029262 4853702,-1086074 4835016,-1105204 4892672))
3107;POLYGON((-1367967 4145169,-1310881 4155996,-1300072 4098277,-1356891 4087500,-1367967 4145169))
3308;POLYGON((5550815 6433947,5606664 6451758,5624529 6395275,5568949 6377550,5550815 6433947))
3112;POLYGON((-2177981 -1457849,-2122567 -1449294,-2114030 -1505334,-2169221 -1513855,-2177981 -1457849))
3577;POLYGON((-1952168 -1289934,-1896726 -1282402,-1889552 -1335997,-1944784 -1343500,-1952168 -1289934))
