4326;POLYGON((114.25 -29.5,114.75 -29.5,114.75 -30.0,114.25 -30.0,114.25 -29.5))
28348;POLYGON((1398598 6700699,1447407 6696677,1442647 6640865,1394090 6644929,1398598 6700699))
28349;POLYGON((815102 6732212,863612 6730751,861808 6675289,813539 6676765,815102 6732212))
28350;POLYGON((233396 6733464,281884 6734507,282964 6679083,234717 6678029,233396 6733464))
28351;POLYGON((-349824 6704503,-301084 6708091,-297077 6652396,-345567 6648772,-349824 6704503))
28352;POLYGON((-937851 6644178,-888586 6650454,-881493 6594180,-930490 6587843,-937851 6644178))
28353;POLYGON((-1533917 6550045,-1483861 6559266,-1473393 6502116,-1523151 6492809,-1533917 6550045))
28354;POLYGON((-2141114 6418182,-2090018 6430737,-2075738 6372435,-2126492 6359772,-2141114 6418182))
28355;POLYGON((-2762258 6242884,-2709903 6259328,-2691188 6199639,-2743139 6183072,-2762258 6242884))
28356;POLYGON((-3399658 6016223,-3345878 6037315,-3321874 5976090,-3375167 5954869,-3399658 6016223))
28357;POLYGON((-4054783 5727441,-3999498 5754203,-3969057 5691444,-4023742 5664562,-4054783 5727441))
28358;POLYGON((-4727790 5362133,-4671051 5395929,-4632643 5331898,-4688634 5298019,-4727790 5362133))
3113;POLYGON((-3851180 -786919,-3797378 -765820,-3773366 -827068,-3826679 -848298,-3851180 -786919))
3111;POLYGON((-454084 2852733,-407692 2868126,-390243 2815074,-436357 2799773,-454084 2852733))
3107;POLYGON((-996771 2084226,-949228 2093358,-938917 2038994,-986209 2029911,-996771 2084226))
3308;POLYGON((6172464 4421385,6218674 4436244,6235529 4383392,6189572 4368615,6172464 4421385))
3112;POLYGON((-1885460 -3482970,-1838106 -3475563,-1829744 -3529724,-1876883 -3537097,-1885460 -3482970))
3577;POLYGON((-1695801 -3325253,-1648327 -3318709,-1640780 -3374261,-1688037 -3380775,-1695801 -3325253))
