4326;POLYGON((114.0 -21.0,114.5 -21.0,114.5 -21.5,114.0 -21.5,114.0 -21.0))
28348;POLYGON((1438246 7651292,1490720 7648229,1487328 7592323,1435039 7595445,1438246 7651292))
28349;POLYGON((811893 7674924,863920 7673865,862691 7618450,810840 7619529,811893 7674924))
28350;POLYGON((188106 7674924,240116 7675819,240992 7620442,189159 7619529,188106 7674924))
28351;POLYGON((-438246 7651292,-385826 7654184,-382803 7598392,-435039 7595445,-438246 7651292))
28352;POLYGON((-1072368 7602896,-1019097 7607924,-1013784 7551254,-1066853 7546132,-1072368 7602896))
28353;POLYGON((-1719663 7527352,-1665081 7534768,-1657212 7476736,-1711565 7469183,-1719663 7527352))
28354;POLYGON((-2385870 7420758,-2329482 7430954,-2318644 7371043,-2374759 7360665,-2385870 7420758))
28355;POLYGON((-3077179 7277250,-3018450 7290806,-3004034 7228461,-3062429 7214677,-3077179 7277250))
28356;POLYGON((-3800349 7088326,-3738692 7106072,-3719821 7040705,-3781057 7022680,-3800349 7088326))
28357;POLYGON((-4562802 6841848,-4497570 6864966,-4473002 6795963,-4537689 6772515,-4562802 6841848))
28358;POLYGON((-5372704 6520640,-5303187 6550796,-5271167 6477554,-5339964 6447019,-5372704 6520640))
3113;POLYGON((-4252027 285601,-4190346 303354,-4171468 237962,-4232728 219929,-4252027 285601))
3111;POLYGON((-784807 3755822,-733667 3772940,-715601 3718494,-766455 3701471,-784807 3755822))
3107;POLYGON((-1203373 3008330,-1151551 3018408,-1140955 2963240,-1192522 2953212,-1203373 3008330))
3308;POLYGON((5854095 5317343,5904596 5333716,5921888 5279941,5871643 5263652,5854095 5317343))
3112;POLYGON((-2056729 -2567113,-2005730 -2559031,-1997235 -2613335,-2048019 -2621382,-2056729 -2567113))
3577;POLYGON((-1853192 -2386195,-1802042 -2379042,-1794429 -2434266,-1845364 -2441388,-1853192 -2386195))
