4326;POLYGON((115.25 -18.5,115.75 -18.5,115.75 -19.0,115.25 -19.0,115.25 -18.5))
28348;POLYGON((1586656 7923417,1640155 7920270,1636730 7864163,1583398 7867382,1586656 7923417))
28349;POLYGON((948962 7949204,1001873 7947883,1000391 7892408,947637 7893760,948962 7949204))
28350;POLYGON((315246 7953599,368041 7954038,368429 7898705,315789 7898256,315246 7953599))
28351;POLYGON((-320103 7936819,-266958 7939039,-264681 7883361,-317665 7881090,-320103 7936819))
28352;POLYGON((-962755 7898030,-908780 7902143,-904500 7845623,-958300 7841416,-962755 7898030))
28353;POLYGON((-1618621 7835253,-1563309 7841472,-1556807 7783584,-1611920 7777226,-1618621 7835253))
28354;POLYGON((-2294058 7745129,-2236858 7753795,-2227779 7693971,-2284743 7685115,-2294058 7745129))
28355;POLYGON((-2996077 7622512,-2936374 7634137,-2924187 7571745,-2983600 7559875,-2996077 7622512))
28356;POLYGON((-3732575 7459827,-3669671 7475155,-3653602 7409488,-3716138 7393853,-3732575 7459827))
28357;POLYGON((-4512591 7246111,-4445683 7266215,-4424616 7196479,-4491044 7175997,-4512591 7246111))
28358;POLYGON((-5346590 6965648,-5274743 6992062,-5247087 6917367,-5318294 6890497,-5346590 6965648))
3113;POLYGON((-4184227 657246,-4121298 672580,-4105223 606888,-4167782 591247,-4184227 657246))
3111;POLYGON((-745583 4072938,-692778 4089845,-675224 4034522,-727739 4017707,-745583 4072938))
3107;POLYGON((-1125046 3310634,-1071826 3320346,-1061785 3264593,-1114747 3254928,-1125046 3310634))
3308;POLYGON((5895511 5628771,5947503 5644941,5964304 5590462,5912573 5574372,5895511 5628771))
3112;POLYGON((-1970138 -2274750,-1917976 -2267015,-1909983 -2321672,-1961927 -2329375,-1970138 -2274750))
3577;POLYGON((-1761591 -2093209,-1709294 -2086417,-1702261 -2141416,-1754342 -2148180,-1761591 -2093209))
