4326;POLYGON((115.5 -24.0,116.0 -24.0,116.0 -24.5,115.5 -24.5,115.5 -24.0))
28348;POLYGON((1572004 7305515,1623465 7301541,1618991 7245498,1567742 7249534,1572004 7305515))
28349;POLYGON((958017 7338447,1008990 7336724,1006996 7281225,956223 7282974,958017 7338447))
28350;POLYGON((347421 7344960,398285 7345412,398682 7290048,348017 7289589,347421 7344960))
28351;POLYGON((-264302 7325348,-213172 7327994,-210366 7272359,-261292 7269672,-264302 7325348))
28352;POLYGON((-881696 7278725,-829918 7283685,-824576 7227370,-876134 7222334,-881696 7278725))
28353;POLYGON((-1509385 7202944,-1456569 7210450,-1448445 7153035,-1501014 7145418,-1509385 7202944))
28354;POLYGON((-2152142 7094384,-2097884 7104802,-2086584 7045856,-2140554 7035291,-2152142 7094384))
28355;POLYGON((-2814902 6947578,-2758785 6961446,-2743731 6900531,-2799502 6886479,-2814902 6947578))
28356;POLYGON((-3502757 6754653,-3444351 6772737,-3424720 6709419,-3482698 6691116,-3502757 6754653))
28357;POLYGON((-4220881 6504509,-4159755 6527883,-4134394 6461768,-4194977 6438145,-4220881 6504509))
28358;POLYGON((-4974397 6181664,-4910131 6211821,-4877438 6142611,-4941003 6112188,-4974397 6181664))
3113;POLYGON((-3954319 -48201,-3895890 -30110,-3876251 -93453,-3934252 -111763,-3954319 -48201))
3111;POLYGON((-526697 3480236,-477008 3496002,-460004 3441918,-509409 3426242,-526697 3480236))
3107;POLYGON((-987466 2707397,-937039 2716479,-927286 2661595,-977459 2652559,-987466 2707397))
3308;POLYGON((6106100 5043351,6155287 5058520,6171661 5004973,6122730 4989883,6106100 5043351))
3112;POLYGON((-1855346 -2869144,-1805549 -2861861,-1797731 -2916071,-1847312 -2923322,-1855346 -2869144))
3577;POLYGON((-1656494 -2697688,-1606564 -2691303,-1599571 -2746852,-1649283 -2753209,-1656494 -2697688))
