4326;POLYGON((115.0 -23.25,115.5 -23.25,115.5 -23.75,115.0 -23.75,115.0 -23.25))
28348;POLYGON((1526527 7393196,1578243 7389504,1574104 7333509,1522594 7337261,1526527 7393196))
28349;POLYGON((909397 7423157,960641 7421654,958900 7366183,907851 7367711,909397 7423157))
28350;POLYGON((295387 7427394,346550 7428011,347128 7372645,296158 7372018,295387 7427394))
28351;POLYGON((-320180 7406101,-268709 7408866,-265786 7353187,-317057 7350376,-320180 7406101))
28352;POLYGON((-942015 7358302,-889839 7363343,-884437 7306926,-936396 7301804,-942015 7358302))
28353;POLYGON((-1574937 7281755,-1521649 7289312,-1513513 7231723,-1566557 7224048,-1574937 7281755))
28354;POLYGON((-2223956 7172725,-2169130 7183174,-2157857 7123960,-2212398 7113355,-2223956 7172725))
28355;POLYGON((-2894315 7025588,-2837505 7039483,-2822503 6978179,-2878969 6964088,-2894315 7025588))
28356;POLYGON((-3591502 6832237,-3532241 6850368,-3512666 6786504,-3571499 6768139,-3591502 6832237))
28357;POLYGON((-4321219 6581210,-4259025 6604687,-4233692 6537818,-4295339 6514072,-4321219 6581210))
28358;POLYGON((-5089293 6256457,-5023679 6286830,-4990934 6216593,-5055837 6185926,-5089293 6256457))
3113;POLYGON((-4043098 29412,-3983814 47550,-3964232 -16338,-4023087 -34711,-4043098 29412))
3111;POLYGON((-602720 3545245,-552688 3561410,-535353 3507269,-585100 3491196,-602720 3545245))
3107;POLYGON((-1053264 2780384,-1002498 2789769,-992474 2734839,-1042986 2725500,-1053264 2780384))
3308;POLYGON((6031617 5108157,6081115 5123682,6097777 5070110,6048535 5054665,6031617 5108157))
3112;POLYGON((-1917493 -2795364,-1867402 -2787835,-1859364 -2842047,-1909238 -2849544,-1917493 -2795364))
3577;POLYGON((-1717533 -2621089,-1667303 -2614466,-1660098 -2669939,-1710111 -2676534,-1717533 -2621089))
