4326;POLYGON((115.25 -16.5,115.75 -16.5,115.75 -17.0,115.25 -17.0,115.25 -16.5))
28348;POLYGON((1598849 8147623,1652974 8144774,1649901 8088637,1595927 8091562,1598849 8147623))
28349;POLYGON((953917 8170968,1007417 8169772,1006089 8114301,952730 8115529,953917 8170968))
28350;POLYGON((313212 8174945,366589 8175342,366937 8120020,313700 8119612,313212 8174945))
28351;POLYGON((-329227 8159757,-275478 8161767,-273437 8106083,-327041 8104019,-329227 8159757))
28352;POLYGON((-979433 8124628,-924801 8128354,-920961 8071782,-975435 8067957,-979433 8124628))
28353;POLYGON((-1643734 8067711,-1587674 8073353,-1581831 8015334,-1637711 8009545,-1643734 8067711))
28354;POLYGON((-2329011 7985860,-2270921 7993738,-2262746 7933658,-2320621 7925578,-2329011 7985860))
28355;POLYGON((-3042978 7874228,-2982178 7884825,-2971173 7821990,-3031709 7811129,-3042978 7874228))
28356;POLYGON((-3794509 7725632,-3730205 7739656,-3715641 7673262,-3779607 7658902,-3794509 7725632))
28357;POLYGON((-4594017 7529596,-4525272 7548076,-4506090 7477183,-4574390 7458281,-4594017 7529596))
28358;POLYGON((-5453912 7270978,-5379602 7295397,-5354276 7218893,-5427986 7193950,-5453912 7270978))
3113;POLYGON((-4246185 923155,-4181855 937185,-4167286 870765,-4231277 856399,-4246185 923155))
3111;POLYGON((-817429 4295311,-763455 4312593,-745714 4256679,-799394 4239492,-817429 4295311))
3107;POLYGON((-1166446 3534560,-1112189 3544462,-1102067 3488259,-1156064 3478406,-1166446 3534560))
3308;POLYGON((5826898 5847528,5879938 5864025,5896885 5809071,5844109 5792656,5826898 5847528))
3112;POLYGON((-2003088 -2055547,-1950053 -2047683,-1942017 -2102630,-1994833 -2110462,-2003088 -2055547))
3577;POLYGON((-1790490 -1874054,-1737335 -1867150,-1730340 -1921852,-1783280 -1928727,-1790490 -1874054))
