4326;POLYGON((115.25 -17.5,115.75 -17.5,115.75 -18.0,115.25 -18.0,115.25 -17.5))
28348;POLYGON((1592920 8035507,1646741 8032507,1643492 7976385,1589830 7979459,1592920 8035507))
28349;POLYGON((951508 8060088,1004722 8058829,1003317 8003356,950252 8004647,951508 8060088))
28350;POLYGON((314201 8064277,367295 8064695,367663 8009368,314716 8008939,314201 8064277))
28351;POLYGON((-324791 8048283,-271336 8050400,-269176 7994718,-322479 7992550,-324791 8048283))
28352;POLYGON((-971322 8011300,-917010 8015223,-912950 7958676,-967096 7954658,-971322 8011300))
28353;POLYGON((-1631517 7951413,-1575822 7957348,-1569648 7899393,-1625154 7893315,-1631517 7951413))
28354;POLYGON((-2311999 7865362,-2254343 7873641,-2245713 7813686,-2303144 7805212,-2311999 7865362))
28355;POLYGON((-3020134 7748141,-2959870 7759262,-2948269 7696643,-3008256 7685268,-3020134 7748141))
28356;POLYGON((-3764314 7592355,-3700695 7607045,-3685371 7541008,-3748636 7525995,-3764314 7592355))
28357;POLYGON((-4554271 7387258,-4486427 7406572,-4466288 7336248,-4533669 7316533,-4554271 7387258))
28358;POLYGON((-5401448 7117380,-5328349 7142831,-5301834 7067219,-5374312 7041278,-5401448 7117380))
3113;POLYGON((-4215978 789826,-4152334 804522,-4137004 738460,-4200293 723441,-4215978 789826))
3111;POLYGON((-781409 4183825,-728021 4200920,-710376 4145310,-763472 4128309,-781409 4183825))
3107;POLYGON((-1145704 3422369,-1091966 3432176,-1081886 3376206,-1135365 3366447,-1145704 3422369))
3308;POLYGON((5861280 5737909,5913795 5754242,5930667 5699533,5878414 5683282,5861280 5737909))
3112;POLYGON((-1986591 -2165298,-1933993 -2157499,-1925979 -2212292,-1978359 -2220059,-1986591 -2165298))
3577;POLYGON((-1776060 -1983480,-1723334 -1976632,-1716319 -2031488,-1768830 -2038308,-1776060 -1983480))
