4326;POLYGON((115.5 -18.0,116.0 -18.0,116.0 -18.5,115.5 -18.5,115.5 -18.0))
28348;POLYGON((1616652 7977941,1670349 7974790,1666930 7918638,1613396 7921863,1616652 7977941))
28349;POLYGON((976781 8004020,1029860 8002657,1028340 7947166,975414 7948562,976781 8004020))
28350;POLYGON((341191 8009171,394133 8009528,394435 7954202,341645 7953837,341191 8009171))
28351;POLYGON((-295821 7993653,-242543 7995747,-240403 7940092,-293524 7937948,-295821 7993653))
28352;POLYGON((-940011 7956687,-885910 7960625,-881825 7904138,-935756 7900107,-940011 7956687))
28353;POLYGON((-1597384 7896377,-1541945 7902364,-1535703 7844511,-1590948 7838386,-1597384 7896377))
28354;POLYGON((-2274405 7809476,-2217067 7817842,-2208326 7758046,-2265435 7749490,-2274405 7809476))
28355;POLYGON((-2978232 7690989,-2918366 7702231,-2906611 7639847,-2966196 7628359,-2978232 7690989))
28356;POLYGON((-3716965 7533545,-3653852 7548387,-3638331 7482689,-3701086 7467534,-3716965 7533545))
28357;POLYGON((-4499931 7326446,-4432740 7345939,-4412367 7276098,-4479090 7256220,-4499931 7326446))
28358;POLYGON((-5338014 7054323,-5265771 7079967,-5238989 7005044,-5310609 6978931,-5338014 7054323))
3113;POLYGON((-4168610 730993,-4105473 745842,-4089945 680118,-4152725 664957,-4168610 730993))
3111;POLYGON((-736936 4136844,-683795 4153705,-666342 4098195,-719191 4081426,-736936 4136844))
3107;POLYGON((-1108631 3371357,-1055130 3380993,-1045199 3325110,-1098442 3315521,-1108631 3371357))
3308;POLYGON((5904531 5691439,5956822 5707565,5973528 5652933,5921497 5636887,5904531 5691439))
3112;POLYGON((-1952173 -2216150,-1899778 -2208487,-1891884 -2263226,-1944061 -2270857,-1952173 -2216150))
3577;POLYGON((-1742578 -2034873,-1690053 -2028155,-1683136 -2083098,-1735446 -2089788,-1742578 -2034873))
