4326;POLYGON((115.25 -34.25,115.75 -34.25,115.75 -34.75,115.25 -34.75,115.25 -34.25))
28348;POLYGON((1445631 6162213,1491952 6157381,1485952 6101589,1439920 6106453,1445631 6162213))
28349;POLYGON((891457 6201943,937547 6199902,934935 6144390,889121 6146445,891457 6201943))
28350;POLYGON((338857 6208738,384901 6209417,385586 6153968,339816 6153285,338857 6208738))
28351;POLYGON((-214393 6182832,-168210 6186254,-164203 6130651,-210105 6127206,-214393 6182832))
28352;POLYGON((-770488 6123329,-723987 6129613,-716521 6073644,-762724 6067320,-770488 6123329))
28353;POLYGON((-1331478 6028152,-1284497 6037519,-1273312 5980994,-1319968 5971573,-1331478 6028152))
28354;POLYGON((-1899119 5893929,-1851527 5906713,-1836228 5849482,-1883455 5836634,-1899119 5893929))
28355;POLYGON((-2474654 5715809,-2426374 5732477,-2406410 5674458,-2454271 5657724,-2474654 5715809))
28356;POLYGON((-3058509 5487216,-3009547 5508389,-2984182 5449616,-3032655 5428387,-3058509 5487216))
28357;POLYGON((-3649855 5199524,-3600340 5226008,-3568623 5166701,-3617557 5140191,-3649855 5199524))
28358;POLYGON((-4246027 4841662,-4196269 4874484,-4156990 4815161,-4206053 4782374,-4246027 4841662))
3113;POLYGON((-3509897 -1316133,-3460916 -1294952,-3435541 -1353748,-3484033 -1374985,-3509897 -1316133))
3111;POLYGON((-198638 2380060,-154731 2394118,-137943 2341208,-181572 2327239,-198638 2380060))
3107;POLYGON((-806094 1585450,-760861 1593704,-751045 1539198,-796025 1530990,-806094 1585450))
3308;POLYGON((6422523 3948507,6466466 3962175,6482801 3909210,6439111 3895621,6422523 3948507))
3112;POLYGON((-1713097 -3984759,-1667740 -3978034,-1659745 -4032704,-1704884 -4039397,-1713097 -3984759))
3577;POLYGON((-1531362 -3839140,-1485900 -3833235,-1478836 -3888476,-1524081 -3894352,-1531362 -3839140))
