4326;POLYGON((115.25 -39.75,115.75 -39.75,115.75 -40.25,115.25 -40.25,115.25 -39.75))
28348;POLYGON((1378965 5549419,1421927 5544327,1415134 5488667,1372496 5493773,1378965 5549419))
28349;POLYGON((864159 5591344,907018 5589187,904053 5533659,861507 5535822,864159 5591344))
28350;POLYGON((350072 5598525,392910 5599242,393689 5543745,351162 5543025,350072 5598525))
28351;POLYGON((-164312 5571164,-121411 5574775,-116867 5519204,-159450 5515581,-164312 5571164))
28352;POLYGON((-679969 5508487,-636929 5515096,-628491 5459356,-671198 5452731,-679969 5508487))
28353;POLYGON((-1197657 5408724,-1154427 5418516,-1141860 5362548,-1184732 5352736,-1197657 5408724))
28354;POLYGON((-1717722 5269053,-1674295 5282305,-1657248 5226103,-1700283 5212834,-1717722 5269053))
28355;POLYGON((-2239842 5085538,-2196278 5102622,-2174279 5046271,-2217405 5029182,-2239842 5085538))
28356;POLYGON((-2762676 4853056,-2719136 4874447,-2691583 4818169,-2734629 4796800,-2762676 4853056))
28357;POLYGON((-3283414 4565241,-3240202 4591517,-3206361 4535738,-3249012 4509531,-3283414 4565241))
28358;POLYGON((-3797180 4214462,-3754798 4246307,-3713806 4191750,-3755549 4160053,-3797180 4214462))
3113;POLYGON((-3213949 -1950540,-3170392 -1929141,-3142828 -1985441,-3185891 -2006818,-3213949 -1950540))
3111;POLYGON((-10941 1799110,29911 1812190,46722 1759207,6148 1746216,-10941 1799110))
3107;POLYGON((-694927 984158,-652478 991904,-642563 936852,-684757 929153,-694927 984158))
3308;POLYGON((6605487 3365167,6646636 3377965,6663098 3324586,6622204 3311867,6605487 3365167))
3112;POLYGON((-1622053 -4590444,-1579107 -4584076,-1570958 -4639790,-1613683 -4646125,-1622053 -4590444))
3577;POLYGON((-1451859 -4442043,-1408758 -4436445,-1401822 -4490676,-1444712 -4496246,-1451859 -4442043))
