4326;POLYGON((114.75 -34.5,115.25 -34.5,115.25 -35.0,114.75 -35.0,114.75 -34.5))
28348;POLYGON((1396633 6138941,1442784 6134332,1437037 6078576,1391174 6083215,1396633 6138941))
28349;POLYGON((844350 6176014,890292 6174194,887942 6118695,842277 6120526,844350 6176014))
28350;POLYGON((293423 6180104,339335 6181012,340301 6125557,294665 6124643,293423 6180104))
28351;POLYGON((-258318 6151352,-212256 6155018,-207941 6099395,-253719 6095704,-258318 6151352))
28352;POLYGON((-813004 6088770,-766618 6095322,-758807 6039325,-804891 6032733,-813004 6088770))
28353;POLYGON((-1372604 5990191,-1325740 5999856,-1314162 5943304,-1360697 5933585,-1372604 5990191))
28354;POLYGON((-1938772 5852148,-1891308 5865269,-1875559 5808023,-1922651 5794840,-1938772 5852148))
28355;POLYGON((-2512615 5669696,-2464488 5686747,-2444003 5628741,-2491704 5611627,-2512615 5669696))
28356;POLYGON((-3094377 5436162,-3045610 5457772,-3019644 5399062,-3067915 5377401,-3094377 5436162))
28357;POLYGON((-3682989 5142833,-3633734 5169815,-3601325 5110653,-3649992 5083653,-3682989 5142833))
28358;POLYGON((-4275468 4778574,-4226065 4811959,-4185994 4752907,-4234695 4719569,-4275468 4778574))
3113;POLYGON((-3545779 -1367207,-3496993 -1345589,-3471017 -1404322,-3519307 -1425991,-3545779 -1367207))
3111;POLYGON((-233797 2339404,-190104 2353648,-173041 2300834,-216457 2286681,-233797 2339404))
3107;POLYGON((-846128 1549783,-801060 1558223,-790989 1503750,-835805 1495357,-846128 1549783))
3308;POLYGON((6387065 3908228,6430816 3922066,6447406 3869172,6403908 3855415,6387065 3908228))
3112;POLYGON((-1754212 -4018959,-1708991 -4012070,-1700773 -4066742,-1745777 -4073599,-1754212 -4018959))
3577;POLYGON((-1573051 -3872822,-1527720 -3866754,-1520444 -3921935,-1565558 -3927974,-1573051 -3872822))
