4326;POLYGON((115.5 -17.0,116.0 -17.0,116.0 -17.5,115.5 -17.5,115.5 -17.0))
28348;POLYGON((1622905 8090118,1676916 8087119,1673678 8030951,1619821 8034026,1622905 8090118))
28349;POLYGON((979406 8114932,1032780 8113635,1031341 8058146,978111 8059476,979406 8114932))
28350;POLYGON((340319 8119833,393552 8120173,393838 8064852,340749 8064504,340319 8119833))
28351;POLYGON((-300232 8105068,-246653 8107061,-244627 8051404,-298057 8049359,-300232 8105068))
28352;POLYGON((-948186 8069889,-893758 8073637,-889888 8017125,-944155 8013281,-948186 8069889))
28353;POLYGON((-1609753 8012462,-1553943 8018164,-1548025 7960248,-1603652 7954403,-1609753 8012462))
28354;POLYGON((-2291660 7929645,-2233880 7937621,-2225586 7877700,-2283147 7869528,-2291660 7929645))
28355;POLYGON((-3001410 7816591,-2940999 7827324,-2929830 7764724,-2989971 7753734,-3001410 7816591))
28356;POLYGON((-3747584 7666123,-3683778 7680320,-3669003 7614266,-3732466 7599742,-3747584 7666123))
28357;POLYGON((-4540190 7467786,-4472091 7486474,-4452651 7416066,-4520300 7396970,-4540190 7467786))
28358;POLYGON((-5391068 7206494,-5317608 7231148,-5291981 7155337,-5364838 7130180,-5391068 7206494))
3113;POLYGON((-4199241 863623,-4135411 877826,-4120629 811745,-4184117 797216,-4199241 863623))
3111;POLYGON((-772565 4248121,-718840 4265167,-701294 4209361,-754726 4192408,-772565 4248121))
3107;POLYGON((-1129071 3483364,-1075051 3493093,-1065080 3436986,-1118841 3427304,-1129071 3483364))
3308;POLYGON((5870487 5800895,5923303 5817183,5940081 5762314,5887528 5746107,5870487 5800895))
3112;POLYGON((-1968429 -2106520,-1915598 -2098793,-1907682 -2153678,-1960296 -2161372,-1968429 -2106520))
3577;POLYGON((-1756813 -1925264,-1703860 -1918491,-1696961 -1973285,-1749700 -1980030,-1756813 -1925264))
