4326;POLYGON((114.75 -35.0,115.25 -35.0,115.25 -35.5,114.75 -35.5,114.75 -35.0))
28348;POLYGON((1391174 6083215,1437037 6078576,1431219 6022831,1385648 6027498,1391174 6083215))
28349;POLYGON((842277 6120526,887942 6118695,885561 6063193,840178 6065036,842277 6120526))
28350;POLYGON((294665 6124643,340301 6125557,341278 6070098,295923 6069178,294665 6124643))
28351;POLYGON((-253719 6095704,-207941 6099395,-203572 6043775,-249062 6040062,-253719 6095704))
28352;POLYGON((-804891 6032733,-758807 6039325,-750900 5983350,-796679 5976721,-804891 6032733))
28353;POLYGON((-1360697 5933585,-1314162 5943304,-1302451 5886805,-1348651 5877036,-1360697 5933585))
28354;POLYGON((-1922651 5794840,-1875559 5808023,-1859638 5750874,-1906357 5737633,-1922651 5794840))
28355;POLYGON((-2491704 5611627,-2444003 5628741,-2423319 5570892,-2470592 5553722,-2491704 5611627))
28356;POLYGON((-3067915 5377401,-3019644 5399062,-2993460 5340589,-3041233 5318885,-3067915 5377401))
28357;POLYGON((-3649992 5083653,-3601325 5110653,-3568698 5051831,-3616778 5024823,-3649992 5083653))
28358;POLYGON((-4234695 4719569,-4185994 4752907,-4145737 4694320,-4193740 4661043,-4234695 4719569))
3113;POLYGON((-3519307 -1425991,-3471017 -1404322,-3444823 -1462817,-3492614 -1484529,-3519307 -1425991))
3111;POLYGON((-216457 2286681,-173041 2300834,-155981 2248031,-199120 2233968,-216457 2286681))
3107;POLYGON((-835805 1495357,-790989 1503750,-780912 1449247,-825476 1440901,-835805 1495357))
3308;POLYGON((6403908 3855415,6447406 3869172,6464002 3816260,6420757 3802583,6403908 3855415))
3112;POLYGON((-1745777 -4073599,-1700773 -4066742,-1692544 -4121488,-1737330 -4128311,-1745777 -4073599))
3577;POLYGON((-1565558 -3927974,-1520444 -3921935,-1513176 -3977048,-1558075 -3983058,-1565558 -3927974))
