4326;POLYGON((115.25 -42.0,115.75 -42.0,115.75 -42.5,115.25 -42.5,115.25 -42.0))
28348;POLYGON((1349343 5299099,1390820 5293955,1383721 5238350,1342582 5243502,1349343 5299099))
28349;POLYGON((852009 5341479,893431 5339298,890328 5283762,849234 5285947,852009 5341479))
28350;POLYGON((355066 5348742,396477 5349468,397291 5293949,356207 5293223,355066 5348742))
28351;POLYGON((-142040 5321074,-100594 5324725,-95842 5269166,-136955 5265510,-142040 5321074))
28352;POLYGON((-639818 5257767,-598302 5264437,-589492 5208794,-630661 5202115,-639818 5257767))
28353;POLYGON((-1138549 5157205,-1096952 5167064,-1083861 5111326,-1125089 5101461,-1138549 5157205))
28354;POLYGON((-1638078 5016838,-1596435 5030135,-1578739 4974355,-1619980 4961059,-1638078 5016838))
28355;POLYGON((-2137559 4833160,-2095975 4850223,-2073240 4794545,-2114382 4777500,-2137559 4833160))
28356;POLYGON((-2635112 4601688,-2593793 4622929,-2565482 4567637,-2606309 4546446,-2635112 4601688))
28357;POLYGON((-3127393 4317001,-3086686 4342905,-3052162 4288483,-3092319 4262681,-3127393 4317001))
28358;POLYGON((-3609029 3972824,-3569476 4003943,-3528018 3951159,-3566959 3920222,-3609029 3972824))
3113;POLYGON((-3086335 -2202006,-3045000 -2180757,-3016678 -2236071,-3057521 -2257269,-3086335 -2202006))
3111;POLYGON((66049 1560813,105648 1573493,122515 1520335,83194 1507745,66049 1560813))
3107;POLYGON((-649046 735992,-607746 743528,-597762 688089,-638805 680599,-649046 735992))
3308;POLYGON((6680882 3124786,6720880 3137226,6737442 3083522,6697701 3071162,6680882 3124786))
3112;POLYGON((-1584235 -4842034,-1542290 -4835814,-1534053 -4892137,-1575774 -4898324,-1584235 -4842034))
3577;POLYGON((-1419832 -4684923,-1377681 -4679449,-1370824 -4733063,-1412765 -4738510,-1419832 -4684923))
