4326;POLYGON((114.75 -28.5,115.25 -28.5,115.25 -29.0,114.75 -29.0,114.75 -28.5))
28348;POLYGON((1456708 6808323,1506050 6804171,1501189 6748298,1452094 6752496,1456708 6808323))
28349;POLYGON((867137 6841669,916135 6840035,914152 6784558,865388 6786212,867137 6841669))
28350;POLYGON((279772 6845344,328721 6846159,329535 6790752,280820 6789927,279772 6845344))
28351;POLYGON((-308916 6819495,-259721 6822794,-256077 6767126,-305030 6763790,-308916 6819495))
28352;POLYGON((-902455 6763068,-852722 6768987,-846100 6712732,-895574 6706750,-902455 6763068))
28353;POLYGON((-1504342 6673721,-1453782 6682507,-1443905 6625343,-1494177 6616468,-1504342 6673721))
28354;POLYGON((-2117990 6547631,-2066323 6559665,-2052767 6501285,-2104102 6489136,-2117990 6547631))
28355;POLYGON((-2746617 6379181,-2693586 6395011,-2675741 6335140,-2728380 6319175,-2746617 6379181))
28356;POLYGON((-3393059 6160499,-3338450 6180881,-3315473 6119314,-3369608 6098784,-3393059 6160499))
28357;POLYGON((-4059483 5880810,-4003149 5906774,-3973895 5843433,-4029642 5817325,-4059483 5880810))
28358;POLYGON((-4746968 5525562,-4688873 5558490,-4651805 5493528,-4709164 5460483,-4746968 5525562))
3113;POLYGON((-3844578 -642588,-3789948 -622197,-3766961 -683788,-3821117 -704326,-3844578 -642588))
3111;POLYGON((-442643 2974395,-395612 2989726,-378406 2936472,-425158 2921231,-442643 2974395))
3107;POLYGON((-969861 2202139,-921772 2211145,-911706 2156697,-959543 2147738,-969861 2202139))
3308;POLYGON((6184938 4542027,6231725 4556825,6248344 4503838,6201811 4489121,6184938 4542027))
3112;POLYGON((-1854819 -3367308,-1807004 -3360023,-1798865 -3414174,-1846464 -3421425,-1854819 -3367308))
3577;POLYGON((-1663425 -3207567,-1615491 -3201151,-1608158 -3256756,-1655875 -3263143,-1663425 -3207567))
