4326;POLYGON((114.75 -19.5,115.25 -19.5,115.25 -20.0,114.75 -20.0,114.75 -19.5))
28348;POLYGON((1526961 7814479,1580057 7811353,1576633 7755332,1523712 7758524,1526961 7814479))
28349;POLYGON((893713 7839541,946279 7838314,944886 7782868,892485 7784121,893713 7839541))
28350;POLYGON((263856 7842298,316347 7842910,316918 7787562,264591 7786937,263856 7842298))
28351;POLYGON((-368032 7822884,-315164 7825364,-312601 7769641,-365299 7767107,-368032 7822884))
28352;POLYGON((-1007442 7780347,-953733 7784818,-949053 7728236,-1002576 7723670,-1007442 7780347))
28353;POLYGON((-1660090 7712545,-1605051 7719237,-1598015 7661285,-1652843 7654455,-1660090 7712545))
28354;POLYGON((-2332099 7615899,-2275200 7625172,-2265431 7565301,-2322080 7555841,-2332099 7615899))
28355;POLYGON((-3030172 7484965,-2970827 7497360,-2957761 7434968,-3016799 7422334,-3030172 7484965))
28356;POLYGON((-3761773 7311778,-3699327 7328076,-3682149 7262501,-3744205 7245905,-3761773 7311778))
28357;POLYGON((-4535327 7084874,-4469037 7106194,-4446576 7036708,-4512360 7015027,-4535327 7084874))
28358;POLYGON((-5360421 6787894,-5289437 6815830,-5260033 6741653,-5330343 6713290,-5360421 6787894))
3113;POLYGON((-4213436 509140,-4150966 525445,-4133780 459843,-4195861 443242,-4213436 509140))
3111;POLYGON((-762075 3945618,-709939 3962614,-692181 3907653,-744029 3890751,-762075 3945618))
3107;POLYGON((-1157127 3189461,-1104467 3199322,-1094205 3143815,-1146608 3134001,-1157127 3189461))
3308;POLYGON((5878207 5503827,5929601 5520082,5946597 5465896,5895462 5449723,5878207 5503827))
3112;POLYGON((-2005422 -2391813,-1953726 -2383937,-1945533 -2438440,-1997013 -2446283,-2005422 -2391813))
3577;POLYGON((-1798924 -2210155,-1747084 -2203216,-1739819 -2258315,-1791442 -2265225,-1798924 -2210155))
