4326;POLYGON((115.0 -35.25,115.5 -35.25,115.5 -35.75,115.0 -35.75,115.0 -35.25))
28348;POLYGON((1411275 6053059,1457004 6048286,1451003 5992532,1405569 5997332,1411275 6053059))
28349;POLYGON((863992 6091892,909521 6089939,906984 6034430,861738 6036395,863992 6091892))
28350;POLYGON((318041 6097398,363534 6098201,364378 6042742,319165 6041935,318041 6097398))
28351;POLYGON((-228578 6069763,-182952 6073347,-178701 6017739,-224038 6014134,-228578 6069763))
28352;POLYGON((-777827 6008060,-731911 6014546,-724110 5958601,-769721 5952079,-777827 6008060))
28353;POLYGON((-1331502 5910210,-1285155 5919817,-1273543 5863369,-1319556 5853713,-1331502 5910210))
28354;POLYGON((-1891067 5772868,-1844185 5785928,-1828366 5728855,-1874875 5715740,-1891067 5772868))
28355;POLYGON((-2457424 5591269,-2409960 5608237,-2389389 5550495,-2436426 5533472,-2457424 5591269))
28356;POLYGON((-3030585 5359005,-2982583 5380485,-2956538 5322151,-3004045 5300631,-3030585 5359005))
28357;POLYGON((-3609223 5067757,-3560858 5094522,-3528414 5035872,-3576197 5009102,-3609223 5067757))
28358;POLYGON((-4190067 4706973,-4141704 4739996,-4101701 4681612,-4149374 4648650,-4190067 4706973))
3113;POLYGON((-3481962 -1444394,-3433942 -1422906,-3407886 -1481262,-3455412 -1502791,-3481962 -1444394))
3111;POLYGON((-186158 2267406,-142844 2281400,-125924 2228557,-168961 2214652,-186158 2267406))
3107;POLYGON((-808301 1472343,-763592 1480609,-753639 1426067,-798096 1417848,-808301 1472343))
3308;POLYGON((6434009 3835886,6477414 3849500,6493886 3796537,6450735 3783003,6434009 3835886))
3112;POLYGON((-1719111 -4097503,-1674203 -4090753,-1666077 -4145552,-1710767 -4152270,-1719111 -4097503))
3577;POLYGON((-1539315 -3952490,-1494297 -3946554,-1487142 -4001646,-1531944 -4007554,-1539315 -3952490))
