4326;POLYGON((115.25 -33.0,115.75 -33.0,115.75 -33.5,115.25 -33.5,115.25 -33.0))
28348;POLYGON((1459596 6301659,1506623 6296911,1500811 6241090,1454064 6245873,1459596 6301659))
28349;POLYGON((897166 6340681,943933 6338676,941404 6283168,894905 6285187,897166 6340681))
28350;POLYGON((336511 6347352,383226 6348019,383889 6292581,337440 6291910,336511 6347352))
28351;POLYGON((-224875 6321913,-178004 6325274,-174125 6269664,-220723 6266277,-224875 6321913))
28352;POLYGON((-789478 6263446,-742246 6269623,-735012 6213604,-781955 6207383,-789478 6263446))
28353;POLYGON((-1359657 6169827,-1311875 6179047,-1301025 6122399,-1348489 6113118,-1359657 6169827))
28354;POLYGON((-1937517 6037588,-1889024 6050194,-1874155 5992733,-1922290 5980052,-1937517 6037588))
28355;POLYGON((-2524711 5861710,-2475393 5878187,-2455940 5819790,-2504845 5803232,-2524711 5861710))
28356;POLYGON((-3122148 5635331,-3071967 5656330,-3047172 5596980,-3096866 5575906,-3122148 5635331))
28357;POLYGON((-3729586 5349355,-3678618 5375731,-3647485 5315591,-3697871 5289164,-3729586 5349355))
28358;POLYGON((-4345066 4991960,-4293557 5024816,-4254804 4964333,-4305610 4931482,-4345066 4991960))
3113;POLYGON((-3573562 -1167961,-3523361 -1146953,-3498556 -1206326,-3548270 -1227408,-3573562 -1167961))
3111;POLYGON((-241329 2512198,-196729 2526478,-179924 2473517,-224247 2459326,-241329 2512198))
3107;POLYGON((-831248 1721509,-785386 1729878,-775578 1675422,-821189 1667098,-831248 1721509))
3308;POLYGON((6381068 4080677,6425645 4094541,6441972 4041600,6397648 4027814,6381068 4080677))
3112;POLYGON((-1733587 -3848442,-1687688 -3841636,-1679716 -3896151,-1725398 -3902924,-1733587 -3848442))
3577;POLYGON((-1549596 -3700860,-1503593 -3694885,-1496511 -3750265,-1542297 -3756211,-1549596 -3700860))
