4326;POLYGON((115.5 -14.75,116.0 -14.75,116.0 -15.25,115.5 -15.25,115.5 -14.75))
28348;POLYGON((1635707 8342611,1690363 8339968,1687534 8283767,1633015 8286490,1635707 8342611))
28349;POLYGON((984777 8364470,1038756 8363328,1037499 8307842,983648 8309019,984777 8364470))
28350;POLYGON((338536 8368786,392363 8369085,392613 8313776,338911 8313467,338536 8368786))
28351;POLYGON((-309261 8355783,-255066 8357538,-253297 8301874,-307363 8300065,-309261 8355783))
28352;POLYGON((-964929 8324782,-909831 8328086,-906450 8271522,-961407 8268117,-964929 8324782))
28353;POLYGON((-1635114 8274118,-1578539 8279152,-1573362 8221104,-1629776 8215919,-1635114 8274118))
28354;POLYGON((-2327091 8200928,-2268400 8207984,-2261129 8147805,-2319627 8140539,-2327091 8200928))
28355;POLYGON((-3049105 8100768,-2987566 8110289,-2977746 8047236,-3039046 8037438,-3049105 8100768))
28356;POLYGON((-3810772 7967012,-3745519 7979654,-3732481 7912850,-3797426 7899851,-3810772 7967012))
28357;POLYGON((-4623570 7789932,-4553563 7806653,-4536325 7735044,-4605925 7717868,-4623570 7789932))
28358;POLYGON((-5501431 7555379,-5425398 7577568,-5402539 7499861,-5478022 7477096,-5501431 7555379))
3113;POLYGON((-4262454 1164629,-4197176 1177276,-4184132 1110446,-4249103 1097442,-4262454 1164629))
3111;POLYGON((-853469 4500796,-798415 4518264,-780641 4461731,-835397 4444356,-853469 4500796))
3107;POLYGON((-1175386 3737162,-1120191 3747102,-1110120 3690428,-1165053 3680535,-1175386 3737162))
3308;POLYGON((5793307 6049047,5847311 6065702,5864271 6010237,5810532 5993664,5793307 6049047))
3112;POLYGON((-2005184 -1858651,-1951366 -1850780,-1943395 -1906051,-1996993 -1913890,-2005184 -1858651))
3577;POLYGON((-1788688 -1679836,-1734774 -1672941,-1727923 -1727355,-1781625 -1734223,-1788688 -1679836))
