4326;POLYGON((115.25 -35.0,115.75 -35.0,115.75 -35.5,115.25 -35.5,115.25 -35.0))
28348;POLYGON((1437037 6078576,1482924 6073698,1476812 6017924,1431219 6022831,1437037 6078576))
28349;POLYGON((887942 6118695,933616 6116633,930954 6061119,885561 6063193,887942 6118695))
28350;POLYGON((340301 6125557,385932 6126243,386630 6070788,341278 6070098,340301 6125557))
28351;POLYGON((-207941 6099395,-162181 6102850,-158098 6047252,-203572 6043775,-207941 6099395))
28352;POLYGON((-758807 6039325,-712754 6045667,-705151 5989729,-750900 5983350,-758807 6039325))
28353;POLYGON((-1314162 5943304,-1267671 5952750,-1256289 5896301,-1302451 5886805,-1314162 5943304))
28354;POLYGON((-1875559 5808023,-1828516 5820901,-1812965 5763809,-1859638 5750874,-1875559 5808023))
28355;POLYGON((-2444003 5628741,-2396353 5645506,-2376091 5587715,-2423319 5570892,-2444003 5628741))
28356;POLYGON((-3019644 5399062,-2971417 5420316,-2945724 5361888,-2993460 5340589,-3019644 5399062))
28357;POLYGON((-3601325 5110653,-3552680 5137173,-3520632 5078362,-3568698 5051831,-3601325 5110653))
28358;POLYGON((-4185994 4752907,-4137276 4785672,-4097707 4727033,-4145737 4694320,-4185994 4752907))
3113;POLYGON((-3471017 -1404322,-3422771 -1383059,-3397068 -1441510,-3444823 -1462817,-3471017 -1404322))
3111;POLYGON((-173041 2300834,-129551 2314759,-112769 2261867,-155981 2248031,-173041 2300834))
3107;POLYGON((-790989 1503750,-746135 1511935,-736311 1457386,-780912 1449247,-790989 1503750))
3308;POLYGON((6447406 3869172,6490970 3882721,6507312 3829731,6464002 3816260,6447406 3869172))
3112;POLYGON((-1700773 -4066742,-1655743 -4060065,-1647732 -4114843,-1692544 -4121488,-1700773 -4066742))
3577;POLYGON((-1520444 -3921935,-1475306 -3916072,-1468254 -3971214,-1513176 -3977048,-1520444 -3921935))
