4326;POLYGON((115.5 -20.5,116.0 -20.5,116.0 -21.0,115.5 -21.0,115.5 -20.5))
28348;POLYGON((1599522 7697625,1652360 7694111,1648495 7638002,1595841 7641585,1599522 7697625))
28349;POLYGON((969586 7726719,1021858 7725198,1020138 7669704,968039 7671256,969586 7726719))
28350;POLYGON((343579 7732469,395725 7732868,396067 7677527,344093 7677120,343579 7732469))
28351;POLYGON((-283733 7715151,-231279 7717488,-228858 7661841,-281135 7659457,-283733 7715151))
28352;POLYGON((-917626 7673930,-864419 7678319,-859802 7621899,-912818 7617424,-917626 7673930))
28353;POLYGON((-1563555 7606777,-1509129 7613437,-1502088 7555756,-1556297 7548968,-1563555 7606777))
28354;POLYGON((-2227304 7510234,-2171162 7519517,-2161328 7460055,-2217215 7450599,-2227304 7510234))
28355;POLYGON((-2915125 7379025,-2856724 7391452,-2843549 7329649,-2901639 7316999,-2915125 7379025))
28356;POLYGON((-3633878 7205431,-3572621 7221760,-3555309 7157008,-3616176 7140405,-3633878 7205431))
28357;POLYGON((-4391160 6978376,-4326381 6999686,-4303799 6931341,-4368073 6909701,-4391160 6978376))
28358;POLYGON((-5195427 6682117,-5126387 6709940,-5096928 6637335,-5165304 6609128,-5195427 6682117))
3113;POLYGON((-4085491 402751,-4024210 419087,-4006891 354310,-4067782 337700,-4085491 402751))
3111;POLYGON((-648653 3861123,-596962 3877524,-579718 3822679,-631121 3806369,-648653 3861123))
3107;POLYGON((-1057869 3093193,-1005656 3102596,-995812 3047201,-1047769 3037844,-1057869 3093193))
3308;POLYGON((5989027 5419764,6040017 5435490,6056563 5381380,6005832 5365734,5989027 5419764))
3112;POLYGON((-1911705 -2489062,-1860396 -2481558,-1852544 -2536005,-1903636 -2543477,-1911705 -2489062))
3577;POLYGON((-1706831 -2310109,-1655384 -2303529,-1648427 -2358786,-1699658 -2365337,-1706831 -2310109))
