4326;POLYGON((114.75 -32.0,115.25 -32.0,115.25 -32.5,114.75 -32.5,114.75 -32.0))
28348;POLYGON((1422896 6417703,1470440 6413260,1465055 6357454,1417782 6361934,1422896 6417703))
28349;POLYGON((854319 6453414,901597 6451662,899397 6396172,852378 6397939,854319 6453414))
28350;POLYGON((287451 6457352,334691 6458226,335595 6402791,288613 6401910,287451 6457352))
28351;POLYGON((-280443 6429661,-233013 6433194,-228972 6377551,-276135 6373990,-280443 6429661))
28352;POLYGON((-852075 6369317,-804231 6375639,-796904 6319532,-844462 6313159,-852075 6369317))
28353;POLYGON((-1430041 6274050,-1381576 6283402,-1370686 6226589,-1418838 6217168,-1430041 6274050))
28354;POLYGON((-2016709 6140202,-1967436 6152947,-1952567 6095220,-2001483 6082391,-2016709 6140202))
28355;POLYGON((-2614023 5962489,-2563804 5979136,-2544365 5920345,-2594171 5903605,-2614023 5962489))
28356;POLYGON((-3223231 5733656,-3171997 5754896,-3147193 5694994,-3197937 5673664,-3223231 5733656))
28357;POLYGON((-3844481 5444032,-3792273 5470776,-3761055 5409892,-3812671 5383080,-3844481 5444032))
28358;POLYGON((-4476274 5080937,-4423298 5114374,-4384299 5052923,-4436554 5019471,-4476274 5080937))
3113;POLYGON((-3674684 -1069597,-3623429 -1048349,-3598616 -1108274,-3649380 -1129612,-3674684 -1069597))
3111;POLYGON((-320602 2603331,-275521 2618026,-258420 2565097,-303223 2550491,-320602 2603331))
3107;POLYGON((-897688 1821621,-851361 1830297,-841306 1775907,-887381 1767279,-897688 1821621))
3308;POLYGON((6302893 4172163,6347908 4186401,6364488 4133538,6319726 4119381,6302893 4172163))
3112;POLYGON((-1796247 -3746692,-1749942 -3739637,-1741769 -3794015,-1787857 -3801036,-1796247 -3746692))
3577;POLYGON((-1610625 -3596233,-1564212 -3590020,-1556901 -3645461,-1603097 -3651645,-1610625 -3596233))
