4326;POLYGON((115.0 -40.75,115.5 -40.75,115.5 -41.25,115.0 -41.25,115.0 -40.75))
28348;POLYGON((1344810 5440605,1387116 5435610,1380351 5379981,1338376 5384986,1344810 5440605))
28349;POLYGON((837714 5481292,879941 5479244,877074 5423715,835167 5425769,837714 5481292))
28350;POLYGON((331157 5487070,373370 5487912,374323 5432405,332429 5431561,331157 5487070))
28351;POLYGON((-175671 5458094,-133405 5461849,-128606 5406279,-170546 5402516,-175671 5458094))
28352;POLYGON((-683529 5393581,-641153 5400350,-632379 5344647,-674414 5337864,-683529 5393581))
28353;POLYGON((-1192946 5291784,-1150429 5301751,-1137445 5245878,-1179597 5235897,-1192946 5291784))
28354;POLYGON((-1704016 5149958,-1661373 5163391,-1643835 5107373,-1686080 5093931,-1704016 5149958))
28355;POLYGON((-2216140 4964312,-2173455 4981568,-2150902 4925520,-2193145 4908271,-2216140 4964312))
28356;POLYGON((-2727674 4729960,-2685133 4751489,-2656987 4695669,-2699032 4674177,-2727674 4729960))
28357;POLYGON((-3235476 4440911,-3193412 4467253,-3158978 4412126,-3200482 4385871,-3235476 4440911))
28358;POLYGON((-3734322 4090103,-3693268 4121886,-3651742 4068211,-3692165 4036596,-3734322 4090103))
3113;POLYGON((-3178933 -2073684,-3136376 -2052147,-3108219 -2107989,-3150280 -2129489,-3178933 -2073684))
3111;POLYGON((3124 1686760,43387 1699768,60358 1646763,20374 1633845,3124 1686760))
3107;POLYGON((-695529 870170,-653609 877921,-643537 822732,-685203 815029,-695529 870170))
3308;POLYGON((6618645 3252111,6659253 3264848,6675884 3211376,6635531 3198720,6618645 3252111))
3112;POLYGON((-1626536 -4705146,-1584046 -4698760,-1575749 -4754714,-1618016 -4761067,-1626536 -4705146))
3577;POLYGON((-1458911 -4553157,-1416245 -4547531,-1409237 -4601489,-1451692 -4607088,-1458911 -4553157))
