4326;POLYGON((115.5 -23.75,116.0 -23.75,116.0 -24.25,115.5 -24.25,115.5 -23.75))
28348;POLYGON((1574104 7333509,1625671 7329566,1621239 7273518,1569883 7277523,1574104 7333509))
28349;POLYGON((958900 7366183,1009973 7364474,1007998 7308975,957124 7310711,958900 7366183))
28350;POLYGON((347128 7372645,398089 7373093,398482 7317730,347717 7317275,347128 7372645))
28351;POLYGON((-265786 7353187,-214554 7355812,-211776 7300176,-262804 7297509,-265786 7353187))
28352;POLYGON((-884437 7306926,-832550 7311848,-827260 7255525,-878928 7250527,-884437 7306926))
28353;POLYGON((-1513513 7231723,-1460574 7239173,-1452526 7181738,-1505219 7174176,-1513513 7231723))
28354;POLYGON((-2157857 7123960,-2103457 7134303,-2092259 7075319,-2146374 7064827,-2157857 7123960))
28355;POLYGON((-2822503 6978179,-2766214 6991953,-2751290 6930972,-2807235 6917011,-2822503 6978179))
28356;POLYGON((-3512666 6786504,-3454048 6804475,-3434575 6741052,-3492768 6722857,-3512666 6786504))
28357;POLYGON((-4233692 6537818,-4172296 6561063,-4147121 6494784,-4207976 6471285,-4233692 6537818))
28358;POLYGON((-4990934 6216593,-4926319 6246610,-4893837 6177154,-4957753 6146862,-4990934 6216593))
3113;POLYGON((-3964232 -16338,-3905591 1639,-3886110 -61808,-3944325 -80010,-3964232 -16338))
3111;POLYGON((-535353 3507269,-485522 3523080,-468502 3468948,-518049 3453227,-535353 3507269))
3107;POLYGON((-992474 2734839,-941920 2743943,-932161 2689030,-982461 2679971,-992474 2734839))
3308;POLYGON((6097777 5070110,6147093 5085319,6163477 5031738,6114417 5016608,6097777 5070110))
3112;POLYGON((-1859364 -2842047,-1809459 -2834749,-1801640 -2888969,-1851328 -2896235,-1859364 -2842047))
3577;POLYGON((-1660098 -2669939,-1610060 -2663540,-1603068 -2719074,-1652889 -2725445,-1660098 -2669939))
