4326;POLYGON((115.5 -9.0,116.0 -9.0,116.0 -9.5,115.5 -9.5,115.5 -9.0))
28348;POLYGON((1660330 8988374,1716226 8986713,1714467 8930448,1658656 8932197,1660330 8988374))
28349;POLYGON((995100 9002101,1050238 9001384,1049458 8945903,994399 8946659,995100 9002101))
28350;POLYGON((335110 9004810,390080 9004997,390235 8949710,335343 8949512,335110 9004810))
28351;POLYGON((-326617 8996647,-271236 8997750,-270137 8942074,-325438 8940913,-326617 8996647))
28352;POLYGON((-997154 8977166,-940761 8979244,-938657 8922579,-994962 8920390,-997154 8977166))
28353;POLYGON((-1684026 8945257,-1625965 8948431,-1622736 8890124,-1680695 8886781,-1684026 8945257))
28354;POLYGON((-2395636 8899003,-2335163 8903470,-2330608 8842776,-2390959 8838073,-2395636 8899003))
28355;POLYGON((-3141772 8835394,-3078003 8841456,-3071817 8777492,-3135432 8771111,-3141772 8835394))
28356;POLYGON((-3934242 8749880,-3866099 8757990,-3857822 8689664,-3925765 8681133,-3934242 8749880))
28357;POLYGON((-4787682 8635686,-4713813 8646516,-4702765 8572434,-4776364 8561049,-4787682 8635686))
28358;POLYGON((-5720565 8482809,-5639255 8497346,-5624432 8415675,-5705370 8400405,-5720565 8482809))
3113;POLYGON((-4385972 1947803,-4317802 1955916,-4309523 1887564,-4377492 1879029,-4385972 1947803))
3111;POLYGON((-1065655 5163489,-1007118 5182063,-988627 5123248,-1046855 5104772,-1065655 5163489))
3107;POLYGON((-1296236 4399397,-1237975 4409889,-1227573 4351357,-1285564 4340913,-1296236 4399397))
3308;POLYGON((5591658 6697391,5648768 6715004,5666316 6657615,5609481 6640087,5591658 6697391))
3112;POLYGON((-2100577 -1215325,-2044199 -1207080,-2036029 -1263732,-2092182 -1271944,-2100577 -1215325))
3577;POLYGON((-1868961 -1061766,-1812626 -1054562,-1805932 -1107739,-1862058 -1114916,-1868961 -1061766))
