4326;POLYGON((116.25 -14.5,116.75 -14.5,116.75 -15.0,116.25 -15.0,116.25 -14.5))
28348;POLYGON((1719133 8366723,1773978 8363928,1770994 8307594,1716284 8310476,1719133 8366723))
28349;POLYGON((1066402 8390464,1120498 8389160,1119074 8333614,1065103 8334959,1066402 8390464))
28350;POLYGON((419183 8396842,473061 8396960,473123 8341658,419367 8341537,419183 8396842))
28351;POLYGON((-228819 8386189,-174636 8387735,-173086 8332144,-227142 8330550,-228819 8386189))
28352;POLYGON((-883933 8357949,-828910 8361004,-825790 8304579,-880676 8301429,-883933 8357949))
28353;POLYGON((-1552793 8310607,-1496358 8315338,-1491499 8257498,-1547778 8252621,-1552793 8310607))
28354;POLYGON((-2242634 8241500,-2184154 8248180,-2177277 8188281,-2235572 8181398,-2242634 8241500))
28355;POLYGON((-2961635 8146458,-2900382 8155504,-2891061 8092811,-2952084 8083494,-2961635 8146458))
28356;POLYGON((-3719320 8019236,-3654439 8031268,-3642041 7964912,-3706629 7952532,-3719320 8019236))
28357;POLYGON((-4527056 7850653,-4457515 7866574,-4441115 7795512,-4510269 7779144,-4527056 7850653))
28358;POLYGON((-5398646 7627325,-5323185 7648451,-5301438 7571398,-5376376 7549705,-5398646 7627325))
3113;POLYGON((-4170966 1216874,-4106060 1228910,-4093657 1162529,-4158270 1150144,-4170966 1216874))
3111;POLYGON((-779688 4555245,-724349 4572325,-706994 4515566,-762035 4498578,-779688 4555245))
3107;POLYGON((-1097556 3780377,-1042161 3789956,-1032472 3733146,-1087603 3723611,-1097556 3780377))
3308;POLYGON((5865913 6101739,5920169 6118045,5936752 6062389,5882762 6046162,5865913 6101739))
3112;POLYGON((-1928381 -1819245,-1874407 -1811680,-1866759 -1867046,-1920513 -1874581,-1928381 -1819245))
3577;POLYGON((-1711174 -1642393,-1657114 -1635802,-1650588 -1690209,-1704436 -1696775,-1711174 -1642393))
