4326;POLYGON((116.5 -29.25,117.0 -29.25,117.0 -29.75,116.5 -29.75,116.5 -29.25))
28348;POLYGON((1621337 6708854,1670456 6703861,1664590 6647832,1615728 6652876,1621337 6708854))
28349;POLYGON((1034837 6751748,1083548 6749351,1080673 6693794,1032204 6696216,1034837 6751748))
28350;POLYGON((451417 6764212,500000 6764316,500000 6708916,451655 6708811,451417 6764212))
28351;POLYGON((-132283 6746743,-83548 6749351,-80673 6693794,-129164 6691158,-132283 6746743))
28352;POLYGON((-719621 6698644,-670456 6703861,-664590 6647832,-713497 6642562,-719621 6698644))
28353;POLYGON((-1313921 6617969,-1264050 6626007,-1254957 6569200,-1304544 6561083,-1313921 6617969))
28354;POLYGON((-1918412 6501371,-1867572 6512570,-1854874 6454691,-1905390 6443391,-1918412 6501371))
28355;POLYGON((-2536122 6343843,-2484073 6358691,-2467219 6299479,-2518890 6284510,-2536122 6343843))
28356;POLYGON((-3169691 6138319,-3116234 6157495,-3094461 6096752,-3147466 6077442,-3169691 6138319))
28357;POLYGON((-3821092 5875122,-3766097 5899550,-3738371 5837196,-3792813 5812636,-3821092 5875122))
28358;POLYGON((-4491218 5541219,-4434664 5572136,-4399599 5508300,-4455466 5477275,-4491218 5541219))
3113;POLYGON((-3621123 -664776,-3567645 -645592,-3545864 -706359,-3598889 -725677,-3621123 -664776))
3111;POLYGON((-252937 2946781,-206054 2961117,-189856 2907641,-236459 2893391,-252937 2946781))
3107;POLYGON((-787221 2150851,-739372 2159012,-730194 2104438,-777790 2096320,-787221 2150851))
3308;POLYGON((6372970 4513077,6419616 4526975,6435333 4473760,6388941 4459938,6372970 4513077))
3112;POLYGON((-1675943 -3423995,-1628356 -3417422,-1620967 -3471711,-1668338 -3478255,-1675943 -3423995))
3577;POLYGON((-1485366 -3269439,-1437675 -3263719,-1431107 -3319402,-1478580 -3325096,-1485366 -3269439))
