4326;POLYGON((116.25 -12.0,116.75 -12.0,116.75 -12.5,116.25 -12.5,116.25 -12.0))
28348;POLYGON((1731961 8648057,1787414 8645711,1784925 8589340,1729585 8591778,1731961 8648057))
28349;POLYGON((1072247 8667984,1126908 8666889,1125721 8611343,1071164 8612480,1072247 8667984))
28350;POLYGON((418353 8673335,472785 8673434,472836 8618143,418507 8618040,418353 8673335))
28351;POLYGON((-236366 8664397,-181613 8665694,-180321 8610101,-234969 8608753,-236366 8664397))
28352;POLYGON((-898600 8640690,-842959 8643256,-840357 8586789,-895884 8584124,-898600 8640690))
28353;POLYGON((-1575392 8600910,-1518254 8604888,-1514196 8546934,-1571204 8542803,-1575392 8600910))
28354;POLYGON((-2274496 8542749,-2215178 8548376,-2209425 8488248,-2268587 8482406,-2274496 8542749))
28355;POLYGON((-3004792 8462580,-2942499 8470220,-2934681 8407119,-2996780 8399190,-3004792 8462580))
28356;POLYGON((-3776796 8354935,-3710575 8365131,-3700139 8298094,-3766109 8287520,-3776796 8354935))
28357;POLYGON((-4603290 8211718,-4531972 8225271,-4518105 8153101,-4589090 8139057,-4603290 8211718))
28358;POLYGON((-5500115 8021040,-5422240 8039121,-5403751 7960298,-5481172 7941581,-5500115 8021040))
3113;POLYGON((-4228464 1552704,-4162218 1562904,-4151778 1495841,-4217774 1485262,-4228464 1552704))
3111;POLYGON((-868805 4841314,-811963 4858858,-794324 4801171,-850863 4783720,-868805 4841314))
3107;POLYGON((-1147701 4066395,-1090983 4076203,-1081166 4018647,-1137618 4008884,-1147701 4066395))
3308;POLYGON((5780977 6381902,5836575 6398612,5853389 6342180,5798061 6325551,5780977 6381902))
3112;POLYGON((-1967946 -1540990,-1912864 -1533270,-1905142 -1589177,-1960001 -1596866,-1967946 -1540990))
3577;POLYGON((-1744684 -1371957,-1689565 -1365237,-1683099 -1419144,-1738008 -1425839,-1744684 -1371957))
