4326;POLYGON((116.5 -39.75,117.0 -39.75,117.0 -40.25,116.5 -40.25,116.5 -39.75))
28348;POLYGON((1486394 5536220,1529388 5530501,1521777 5474803,1479112 5480537,1486394 5536220))
28349;POLYGON((971318 5585500,1014193 5582739,1010440 5527191,967881 5529960,971318 5585500))
28350;POLYGON((457164 5599870,500000 5599989,500000 5544494,457476 5544374,457164 5599870))
28351;POLYGON((-57074 5579736,-14193 5582739,-10440 5527191,-53005 5524179,-57074 5579736))
28352;POLYGON((-572394 5524529,-529388 5530501,-521777 5474803,-564454 5468815,-572394 5524529))
28353;POLYGON((-1089613 5432689,-1046424 5441798,-1034743 5385880,-1077579 5376751,-1089613 5432689))
28354;POLYGON((-1609183 5301619,-1565794 5314122,-1549716 5257966,-1592719 5245444,-1609183 5301619))
28355;POLYGON((-2130945 5127620,-2087400 5143870,-2066478 5087537,-2109595 5071279,-2130945 5127620))
28356;POLYGON((-2653806 4905823,-2610241 4926272,-2583901 4869951,-2626984 4849517,-2653806 4905823))
28357;POLYGON((-3175304 4630123,-3131989 4655328,-3099525 4599397,-3142293 4574249,-3175304 4630123))
28358;POLYGON((-3691050 4293152,-3648442 4323775,-3609017 4268886,-3651003 4238390,-3691050 4293152))
3113;POLYGON((-3105036 -1897753,-3061454 -1877296,-3035104 -1933638,-3078204 -1954081,-3105036 -1897753))
3111;POLYGON((91317 1831408,132337 1843951,148452 1790752,107710 1778294,91317 1831408))
3107;POLYGON((-588739 1003155,-546204 1010410,-536927 955247,-579207 948036,-588739 1003155))
3308;POLYGON((6708474 3396793,6749773 3409098,6765595 3355526,6724552 3343297,6708474 3396793))
3112;POLYGON((-1514641 -4574845,-1471634 -4568904,-1464040 -4624696,-1506825 -4630606,-1514641 -4574845))
3577;POLYGON((-1344065 -4428364,-1300911 -4423188,-1294507 -4477485,-1337448 -4482635,-1344065 -4428364))
