4326;POLYGON((116.0 -17.5,116.5 -17.5,116.5 -18.0,116.0 -18.0,116.0 -17.5))
28348;POLYGON((1673678 8030951,1727609 8027724,1724120 7971484,1670349 7974790,1673678 8030951))
28349;POLYGON((1031341 8058146,1084603 8056675,1082973 8001148,1029860 8002657,1031341 8058146))
28350;POLYGON((393838 8064852,446920 8065061,447068 8009743,394133 8009528,393838 8064852))
28351;POLYGON((-244627 8051404,-191243 8053304,-189311 7997694,-242543 7995747,-244627 8051404))
28352;POLYGON((-889888 8017125,-835711 8020812,-831897 7964403,-885910 7960625,-889888 8017125))
28353;POLYGON((-1548025 7960248,-1492533 7965916,-1486639 7908169,-1541945 7902364,-1548025 7960248))
28354;POLYGON((-2225586 7877700,-2168209 7885663,-2159910 7825993,-2217067 7817842,-2225586 7877700))
28355;POLYGON((-2929830 7764724,-2869930 7775455,-2858736 7713208,-2918366 7702231,-2929830 7764724))
28356;POLYGON((-3669003 7614266,-3605848 7628460,-3591040 7562895,-3653852 7548387,-3669003 7614266))
28357;POLYGON((-4452651 7416066,-4385387 7434730,-4365925 7364994,-4432740 7345939,-4452651 7416066))
28358;POLYGON((-5291981 7155337,-5219601 7179918,-5193989 7105026,-5265771 7079967,-5291981 7155337))
3113;POLYGON((-4120629 811745,-4057450 825945,-4042636 760355,-4105473 745842,-4120629 811745))
3111;POLYGON((-701294 4209361,-647773 4226034,-630567 4170287,-683795 4153705,-701294 4209361))
3107;POLYGON((-1065080 3436986,-1011276 3446419,-1001584 3390381,-1055130 3380993,-1065080 3436986))
3308;POLYGON((5940081 5762314,5992711 5778270,6009190 5723442,5956822 5707565,5940081 5762314))
3112;POLYGON((-1907682 -2153678,-1855039 -2146192,-1847353 -2201033,-1899778 -2208487,-1907682 -2153678))
3577;POLYGON((-1696961 -1973285,-1644196 -1966747,-1637503 -2021644,-1690053 -2028155,-1696961 -1973285))
