4326;POLYGON((116.25 -27.5,116.75 -27.5,116.75 -28.0,116.25 -28.0,116.25 -27.5))
28348;POLYGON((1615318 6907196,1665279 6902501,1659850 6846451,1610131 6851201,1615318 6907196))
28349;POLYGON((1018975 6947184,1068493 6944982,1065889 6889437,1016600 6891666,1018975 6947184))
28350;POLYGON((425919 6957959,475306 6958158,475419 6902772,426256 6902571,425919 6957959))
28351;POLYGON((-167606 6939969,-118036 6942577,-115202 6887004,-164541 6884365,-167606 6939969))
28352;POLYGON((-765357 6892466,-715292 6897592,-709618 6841484,-759438 6836298,-765357 6892466))
28353;POLYGON((-1371092 6813435,-1320218 6821299,-1311464 6764312,-1362067 6756359,-1371092 6813435))
28354;POLYGON((-1988542 6699433,-1936551 6710382,-1924333 6652177,-1976013 6641111,-1988542 6699433))
28355;POLYGON((-2621348 6545280,-2567943 6559823,-2551699 6500080,-2604738 6485396,-2621348 6545280))
28356;POLYGON((-3272921 6343618,-3217831 6362465,-3196777 6300912,-3251423 6281905,-3272921 6343618))
28357;POLYGON((-3946221 6084260,-3889223 6108387,-3862281 6044848,-3918728 6020551,-3946221 6084260))
28358;POLYGON((-4643425 5753306,-4584378 5784041,-4550085 5718517,-4608437 5687625,-4643425 5753306))
3113;POLYGON((-3724393 -459397,-3669281 -440543,-3648219 -502119,-3702886 -521134,-3724393 -459397))
3111;POLYGON((-334662 3126701,-286832 3141464,-270429 3087817,-317977 3073142,-334662 3126701))
3107;POLYGON((-844611 2337644,-795896 2346069,-786578 2291433,-835039 2283052,-844611 2337644))
3308;POLYGON((6293255 4692139,6340759 4706417,6356637 4653126,6309387 4638925,6293255 4692139))
3112;POLYGON((-1726702 -3237640,-1678373 -3230866,-1670884 -3285083,-1718997 -3291827,-1726702 -3237640))
3577;POLYGON((-1533344 -3077548,-1484901 -3071641,-1478221 -3127335,-1526446 -3133215,-1533344 -3077548))
