4326;POLYGON((115.75 -29.5,116.25 -29.5,116.25 -30.0,115.75 -30.0,115.75 -29.5))
28348;POLYGON((1545138 6687973,1594064 6683289,1588541 6627342,1539871 6632073,1545138 6687973))
28349;POLYGON((960679 6727199,1009238 6725107,1006707 6669586,958390 6671700,960679 6727199))
28350;POLYGON((378835 6735965,427303 6736382,427663 6680977,379435 6680557,378835 6735965))
28351;POLYGON((-203696 6714618,-155045 6717560,-151780 6661961,-200185 6658989,-203696 6714618))
28352;POLYGON((-790216 6662310,-741107 6667894,-734807 6611794,-783653 6606154,-790216 6662310))
28353;POLYGON((-1383974 6576935,-1334140 6585388,-1324551 6528484,-1374095 6519951,-1383974 6576935))
28354;POLYGON((-1988111 6454963,-1937297 6466640,-1924021 6408650,-1974504 6396870,-1988111 6454963))
28355;POLYGON((-2605527 6291171,-2553504 6306580,-2535969 6247257,-2587604 6231727,-2605527 6291171))
28356;POLYGON((-3238686 6078237,-3185273 6098082,-3162687 6037249,-3215635 6017274,-3238686 6078237))
28357;POLYGON((-3889304 5806177,-3834396 5831408,-3805691 5769021,-3860030 5743665,-3889304 5806177))
28358;POLYGON((-4557920 5461588,-4501530 5493475,-4465281 5429717,-4520964 5397735,-4557920 5461588))
3113;POLYGON((-3690144 -724881,-3636711 -705029,-3614116 -765886,-3667084 -785868,-3690144 -724881))
3111;POLYGON((-314668 2898181,-268039 2912841,-251429 2859521,-297778 2844949,-314668 2898181))
3107;POLYGON((-854018 2110960,-806353 2119431,-796797 2064929,-844210 2056503,-854018 2110960))
3308;POLYGON((6311304 4465297,6357722 4479491,6373817 4426402,6327652 4412286,6311304 4465297))
3112;POLYGON((-1743310 -3461313,-1695871 -3454472,-1688156 -3508729,-1735380 -3515539,-1743310 -3461313))
3577;POLYGON((-1553303 -3306179,-1505756 -3300193,-1498862 -3355829,-1546192 -3361788,-1553303 -3306179))
