4326;POLYGON((116.5 -38.25,117.0 -38.25,117.0 -38.75,116.5 -38.75,116.5 -38.25))
28348;POLYGON((1507795 5703354,1551754 5697693,1544377 5641946,1500736 5647628,1507795 5703354))
28349;POLYGON((981415 5752116,1025215 5749386,1021581 5693836,978085 5696578,981415 5752116))
28350;POLYGON((456250 5766328,500000 5766446,500000 5710965,456552 5710846,456250 5766328))
28351;POLYGON((-69025 5746415,-25215 5749386,-21581 5693836,-65085 5690854,-69025 5746415))
28352;POLYGON((-595730 5691781,-551754 5697693,-544377 5641946,-588033 5636012,-595730 5691781))
28353;POLYGON((-1125016 5600782,-1080787 5609814,-1069448 5553765,-1113332 5544705,-1125016 5600782))
28354;POLYGON((-1657688 5470671,-1613159 5483095,-1597518 5426687,-1641669 5414232,-1657688 5470671))
28355;POLYGON((-2193972 5297501,-2149153 5313695,-2128740 5256949,-2173136 5240731,-2193972 5297501))
28356;POLYGON((-2733184 5076018,-2688176 5096474,-2662382 5039532,-2706910 5019072,-2733184 5076018))
28357;POLYGON((-3273304 4799538,-3228340 4824869,-3196402 4768062,-3240814 4742765,-3273304 4799538))
28358;POLYGON((-3810400 4459828,-3765897 4490782,-3726889 4434719,-3770755 4403866,-3810400 4459828))
3113;POLYGON((-3184445 -1727491,-3139420 -1707028,-3113616 -1763991,-3158161 -1784459,-3184445 -1727491))
3111;POLYGON((42182 1990602,84040 2003401,100133 1950271,58554 1937558,42182 1990602))
3107;POLYGON((-617264 1168097,-573965 1175482,-564723 1120523,-607767 1113181,-617264 1168097))
3308;POLYGON((6660341 3556940,6702407 3569474,6718180 3516067,6676369 3503610,6660341 3556940))
3112;POLYGON((-1537989 -4408261,-1494319 -4402229,-1486772 -4457676,-1530222 -4463678,-1537989 -4408261))
3577;POLYGON((-1364001 -4264854,-1320207 -4259602,-1313762 -4314241,-1357342 -4319468,-1364001 -4264854))
