4326;POLYGON((115.75 -26.5,116.25 -26.5,116.25 -27.0,115.75 -27.0,115.75 -26.5))
28348;POLYGON((1575053 7023591,1625436 7019220,1620419 6963202,1570270 6967629,1575053 7023591))
28349;POLYGON((973667 7060168,1023607 7058218,1021311 7002701,971591 7004676,973667 7060168))
28350;POLYGON((375431 7068336,425261 7068724,425587 7013343,375975 7012950,375431 7068336))
28351;POLYGON((-223633 7048442,-173582 7051184,-170619 6995576,-220446 6992798,-223633 7048442))
28352;POLYGON((-827509 6999636,-776905 7004851,-771180 6948650,-821544 6943370,-827509 6999636))
28353;POLYGON((-1440204 6919798,-1388711 6927713,-1379974 6870553,-1431200 6862542,-1440204 6919798))
28354;POLYGON((-2065743 6805341,-2013026 6816319,-2000881 6757836,-2053290 6746731,-2065743 6805341))
28355;POLYGON((-2708122 6650893,-2653852 6665460,-2637721 6605302,-2691626 6590580,-2708122 6650893))
28356;POLYGON((-3371201 6448798,-3315065 6467696,-3294137 6405549,-3349828 6386473,-3371201 6448798))
28357;POLYGON((-4058517 6188412,-4000238 6212663,-3973394 6148297,-4031117 6123855,-4058517 6188412))
28358;POLYGON((-4772992 5855119,-4712360 5886123,-4678069 5819472,-4737996 5788283,-4772992 5855119))
3113;POLYGON((-3822712 -354176,-3766553 -335270,-3745617 -397442,-3801330 -416525,-3822712 -354176))
3111;POLYGON((-416413 3218843,-368098 3234034,-351369 3180331,-399401 3165229,-416413 3218843))
3107;POLYGON((-912952 2438191,-863771 2446931,-854188 2392269,-903115 2383574,-912952 2438191))
3308;POLYGON((6213005 4784035,6260950 4798696,6277109 4745395,6229419 4730812,6213005 4784035))
3112;POLYGON((-1790842 -3136311,-1742109 -3129282,-1734406 -3183460,-1782923 -3190457,-1790842 -3136311))
3577;POLYGON((-1595992 -2972376,-1547138 -2966225,-1540241 -3021883,-1588878 -3028006,-1595992 -2972376))
