4326;POLYGON((116.25 -33.25,116.75 -33.25,116.75 -33.75,116.25 -33.75,116.25 -33.25))
28348;POLYGON((1550644 6263998,1597593 6258760,1591176 6202872,1544512 6208147,1550644 6263998))
28349;POLYGON((989320 6308684,1035981 6306221,1032894 6250677,986503 6253158,989320 6308684))
28350;POLYGON((430135 6320746,476712 6320969,476845 6265534,430536 6265310,430135 6320746))
28351;POLYGON((-129356 6300613,-82660 6303531,-79301 6247967,-125724 6245028,-129356 6300613))
28352;POLYGON((-691590 6247568,-644574 6253284,-637871 6197357,-684599 6191601,-691590 6247568))
28353;POLYGON((-1258895 6159701,-1211372 6168423,-1201084 6111915,-1248293 6103136,-1258895 6159701))
28354;POLYGON((-1833360 6033797,-1785170 6045846,-1770921 5988573,-1818759 5976453,-1833360 6033797))
28355;POLYGON((-2416650 5865143,-2367676 5880975,-2348933 5822808,-2397503 5806898,-2416650 5865143))
28356;POLYGON((-3009728 5647258,-2959925 5667490,-2935968 5608402,-2985297 5588097,-3009728 5647258))
28357;POLYGON((-3612459 5371536,-3561892 5396976,-3531776 5337104,-3581778 5311612,-3612459 5371536))
28358;POLYGON((-4223076 5026785,-4171971 5058478,-4134479 4998226,-4184903 4966532,-4223076 5026785))
3113;POLYGON((-3461097 -1156028,-3411275 -1135789,-3387308 -1194900,-3436657 -1215213,-3461097 -1156028))
3111;POLYGON((-143790 2513997,-99181 2527765,-82937 2474643,-127267 2460961,-143790 2513997))
3107;POLYGON((-734708 1710786,-688896 1718709,-679591 1664156,-725151 1656277,-734708 1710786))
3308;POLYGON((6478324 4081683,6522904 4095082,6538724 4041984,6494398 4028661,6478324 4081683))
3112;POLYGON((-1637886 -3862279,-1592042 -3855853,-1584500 -3910458,-1630126 -3916853,-1637886 -3862279))
3577;POLYGON((-1454134 -3716800,-1408194 -3711199,-1401548 -3766607,-1447271 -3772182,-1454134 -3716800))
