4326;POLYGON((116.5 -28.5,117.0 -28.5,117.0 -29.0,116.5 -29.0,116.5 -28.5))
28348;POLYGON((1629590 6792844,1679086 6787930,1673355 6731880,1624109 6736847,1629590 6792844))
28349;POLYGON((1038710 6835046,1087778 6832688,1084969 6777130,1036138 6779514,1038710 6835046))
28350;POLYGON((451067 6847306,500000 6847408,500000 6792014,451299 6791911,451067 6847306))
28351;POLYGON((-136870 6830122,-87778 6832688,-84969 6777130,-133824 6774536,-136870 6830122))
28352;POLYGON((-728632 6782797,-679086 6787930,-673355 6731880,-722648 6726691,-728632 6782797))
28353;POLYGON((-1327726 6703376,-1277437 6711292,-1268546 6654426,-1318557 6646427,-1327726 6703376))
28354;POLYGON((-1937600 6588495,-1886284 6599534,-1873855 6541538,-1924854 6530392,-1937600 6588495))
28355;POLYGON((-2561543 6433102,-2508935 6447757,-2492417 6388347,-2544653 6373562,-2561543 6433102))
28356;POLYGON((-3202530 6230040,-3148399 6249003,-3127022 6187945,-3180705 6168838,-3202530 6230040))
28357;POLYGON((-3862956 5969462,-3807135 5993672,-3779851 5930846,-3835122 5906487,-3862956 5969462))
28358;POLYGON((-4544271 5638020,-4486685 5668749,-4452082 5604225,-4508980 5573368,-4544271 5638020))
3113;POLYGON((-3653974 -573019,-3599823 -554049,-3578438 -615130,-3632141 -634245,-3653974 -573019))
3111;POLYGON((-277688 3026973,-230383 3041437,-214159 2987876,-261183 2973497,-277688 3026973))
3107;POLYGON((-801373 2232685,-753145 2240910,-743962 2186306,-791938 2178124,-801373 2232685))
3308;POLYGON((6348998 4592838,6396026 4606850,6411755 4553592,6364982 4539656,6348998 4592838))
3112;POLYGON((-1687345 -3342645,-1639434 -3336026,-1632049 -3390285,-1679745 -3396873,-1687345 -3342645))
3577;POLYGON((-1495548 -3185931,-1447530 -3180172,-1440960 -3235872,-1488760 -3241605,-1495548 -3185931))
