4326;POLYGON((115.75 -16.5,116.25 -16.5,116.25 -17.0,115.75 -17.0,115.75 -16.5))
28348;POLYGON((1652974 8144774,1707174 8141781,1703950 8085564,1649901 8088637,1652974 8144774))
28349;POLYGON((1007417 8169772,1060950 8168442,1059480 8112935,1006089 8114301,1007417 8169772))
28350;POLYGON((366589 8175342,419956 8175607,420165 8120292,366937 8120020,366589 8175342))
28351;POLYGON((-275478 8161767,-221780 8163640,-219882 8108005,-273437 8106083,-275478 8161767))
28352;POLYGON((-924801 8128354,-870263 8131931,-866579 8075454,-920961 8071782,-924801 8128354))
28353;POLYGON((-1587674 8073353,-1531755 8078825,-1526089 8020950,-1581831 8015334,-1587674 8073353))
28354;POLYGON((-2270921 7993738,-2213026 8001414,-2205062 7941531,-2262746 7933658,-2270921 7993738))
28355;POLYGON((-2982178 7884825,-2921631 7895172,-2910887 7832595,-2971173 7821990,-2982178 7884825))
28356;POLYGON((-3730205 7739656,-3666226 7753360,-3651994 7687297,-3715641 7673262,-3730205 7739656))
28357;POLYGON((-4525272 7548076,-4456936 7566136,-4438190 7495658,-4506090 7477183,-4525272 7548076))
28358;POLYGON((-5379602 7295397,-5305804 7319251,-5281063 7243262,-5354276 7218893,-5379602 7295397))
3113;POLYGON((-4181855 937185,-4117851 950895,-4103614 884806,-4167286 870765,-4181855 937185))
3111;POLYGON((-763455 4312593,-709391 4329591,-691944 4273585,-745714 4256679,-763455 4312593))
3107;POLYGON((-1112189 3544462,-1057886 3554112,-1048024 3497863,-1102067 3488259,-1112189 3544462))
3308;POLYGON((5879938 5864025,5933056 5880267,5949740 5825233,5896885 5809071,5879938 5864025))
3112;POLYGON((-1950053 -2047683,-1896988 -2040030,-1889171 -2095009,-1942017 -2102630,-1950053 -2047683))
3577;POLYGON((-1737335 -1867150,-1684154 -1860455,-1677373 -1915183,-1730340 -1921852,-1737335 -1867150))
