4326;POLYGON((116.5 -26.25,117.0 -26.25,117.0 -26.75,116.5 -26.75,116.5 -26.25))
28348;POLYGON((1653180 7044985,1703758 7040331,1698435 6984218,1648091 6988932,1653180 7044985))
28349;POLYGON((1049774 7084935,1099861 7082704,1097255 7027144,1047388 7029404,1049774 7084935))
28350;POLYGON((450067 7096533,500000 7096629,500000 7041254,450282 7041156,450067 7096533))
28351;POLYGON((-149975 7080276,-99861 7082704,-97255 7027144,-147149 7024684,-149975 7080276))
28352;POLYGON((-754392 7035468,-703758 7040331,-698435 6984218,-748834 6979291,-754392 7035468))
28353;POLYGON((-1367246 6960153,-1315753 6967667,-1307480 6910628,-1358713 6903021,-1367246 6960153))
28354;POLYGON((-1992636 6850945,-1939941 6861452,-1928343 6803117,-1980738 6792485,-1992636 6850945))
28355;POLYGON((-2634654 6702713,-2580419 6716719,-2564944 6656724,-2618824 6642564,-2634654 6702713))
28356;POLYGON((-3297304 6508105,-3241202 6526321,-3221070 6464336,-3276741 6445940,-3297304 6508105))
28357;POLYGON((-3984330 6256859,-3926063 6280274,-3900197 6216038,-3957925 6192427,-3984330 6256859))
28358;POLYGON((-4698955 5934847,-4638284 5964815,-4605205 5898213,-4665193 5868050,-4698955 5934847))
3113;POLYGON((-3748786 -294846,-3692661 -276622,-3672522 -338632,-3728215 -357035,-3748786 -294846))
3111;POLYGON((-352215 3268436,-303641 3283289,-287323 3229417,-335614 3214651,-352215 3268436))
3107;POLYGON((-843897 2478572,-794530 2486992,-785323 2432245,-834437 2423869,-843897 2478572))
3308;POLYGON((6276928 4832628,6325105 4846982,6340888 4793542,6292966 4779264,6276928 4832628))
3112;POLYGON((-1721530 -3098745,-1672648 -3091992,-1665268 -3146215,-1713934 -3152937,-1721530 -3098745))
3577;POLYGON((-1526095 -2935390,-1477096 -2929513,-1470527 -2985205,-1519308 -2991056,-1526095 -2935390))
