4326;POLYGON((115.75 -20.0,116.25 -20.0,116.25 -20.5,115.75 -20.5,115.75 -20.0))
28348;POLYGON((1629619 7751973,1682671 7748445,1678804 7692290,1625933 7695890,1629619 7751973))
28349;POLYGON((997314 7781456,1049770 7779887,1048005 7724377,995718 7725979,997314 7781456))
28350;POLYGON((369235 7788030,421544 7788343,421795 7733007,369653 7732689,369235 7788030))
28351;POLYGON((-259952 7772012,-207347 7774221,-205068 7718595,-257500 7716340,-259952 7772012))
28352;POLYGON((-895616 7732625,-842263 7736839,-837845 7680447,-891012 7676147,-895616 7732625))
28353;POLYGON((-1543315 7667914,-1488739 7674345,-1481962 7616692,-1536327 7610132,-1543315 7667914))
28354;POLYGON((-2208954 7574524,-2152647 7583514,-2143152 7524069,-2199212 7514905,-2208954 7574524))
28355;POLYGON((-2898946 7447312,-2840349 7459370,-2827603 7397558,-2885898 7385275,-2898946 7447312))
28356;POLYGON((-3620370 7278728,-3558864 7294596,-3542091 7229788,-3603216 7213641,-3620370 7278728))
28357;POLYGON((-4381133 7057912,-4316023 7078650,-4294112 7010166,-4358730 6989090,-4381133 7057912))
28358;POLYGON((-5190133 6769385,-5120636 6796498,-5092012 6723619,-5160858 6696106,-5190133 6769385))
3113;POLYGON((-4071978 476077,-4010448 491951,-3993668 427118,-4054817 410965,-4071978 476077))
3111;POLYGON((-640245 3924282,-588223 3940638,-571084 3885623,-622818 3869358,-640245 3924282))
3107;POLYGON((-1041757 3153386,-989265 3162714,-979533 3107207,-1031768 3097925,-1041757 3153386))
3308;POLYGON((5997808 5481824,6049095 5497507,6065541 5443261,6014513 5427658,5997808 5481824))
3112;POLYGON((-1894022 -2430802,-1842482 -2423369,-1834731 -2477882,-1886054 -2485284,-1894022 -2430802))
3577;POLYGON((-1688169 -2251607,-1636493 -2245101,-1629651 -2300315,-1681111 -2306794,-1688169 -2251607))
