4326;POLYGON((116.25 -36.5,116.75 -36.5,116.75 -37.0,116.25 -37.0,116.25 -36.5))
28348;POLYGON((1509383 5901205,1554420 5895754,1547476 5839964,1502745 5845441,1509383 5901205))
28349;POLYGON((970358 5947753,1015197 5945184,1011850 5889640,967305 5892222,970358 5947753))
28350;POLYGON((432832 5960330,477611 5960562,477755 5905098,433267 5904864,432832 5960330))
28351;POLYGON((-104908 5939340,-60046 5942380,-56406 5886822,-100973 5883766,-104908 5939340))
28352;POLYGON((-644565 5884110,-599481 5890056,-592229 5834238,-637003 5828264,-644565 5884110))
28353;POLYGON((-1187681 5792865,-1142256 5801908,-1131161 5745687,-1176251 5736605,-1187681 5792865))
28354;POLYGON((-1735482 5662641,-1689632 5675076,-1674335 5618353,-1719815 5605873,-1735482 5662641))
28355;POLYGON((-2288643 5489166,-2242339 5505404,-2222343 5448152,-2268228 5431872,-2288643 5489166))
28356;POLYGON((-2846975 5266691,-2800276 5287272,-2774924 5229583,-2821142 5208975,-2846975 5266691))
28357;POLYGON((-3408989 4987791,-3362081 5013402,-3330538 4955552,-3376886 4929948,-3408989 4987791))
28358;POLYGON((-3971319 4643135,-3924572 4674633,-3885801 4617183,-3931892 4585756,-3971319 4643135))
3113;POLYGON((-3298281 -1536744,-3251563 -1516155,-3226201 -1573867,-3272438 -1594482,-3298281 -1536744))
3111;POLYGON((-36482 2169537,6315 2182747,22538 2129693,-19981 2116569,-36482 2169537))
3107;POLYGON((-672510 1356026,-628340 1363664,-619002 1308912,-662918 1301317,-672510 1356026))
3308;POLYGON((6582885 3736784,6625813 3749686,6641671 3696461,6598998 3683635,6582885 3736784))
3112;POLYGON((-1587273 -4218232,-1542847 -4212005,-1535237 -4267092,-1579445 -4273288,-1587273 -4218232))
3577;POLYGON((-1409666 -4075671,-1365131 -4070241,-1358539 -4125203,-1402859 -4130606,-1409666 -4075671))
