4326;POLYGON((115.75 -17.75,116.25 -17.75,116.25 -18.25,115.75 -18.25,115.75 -17.75))
28348;POLYGON((1645127 8004445,1698941 8001255,1695486 7945060,1641834 7948327,1645127 8004445))
28349;POLYGON((1004024 8031093,1057195 8029675,1055619 7974167,1002600 7975620,1004024 8031093))
28350;POLYGON((367477 8037032,420490 8037314,420713 7981992,367850 7981703,367477 8037032))
28351;POLYGON((-270263 8022559,-216932 8024555,-214897 7968923,-268074 7966878,-270263 8022559))
28352;POLYGON((-914994 7986948,-860854 7990760,-856906 7934311,-910878 7930408,-914994 7986948))
28353;POLYGON((-1572755 7928366,-1517289 7934193,-1511222 7876393,-1566499 7870428,-1572755 7928366))
28354;POLYGON((-2250056 7843655,-2192698 7851818,-2184180 7792085,-2241314 7783733,-2250056 7843655))
28355;POLYGON((-2954107 7727939,-2894222 7738923,-2882749 7676608,-2942358 7665376,-2954107 7727939))
28356;POLYGON((-3693080 7574004,-3629944 7588521,-3614782 7522888,-3677568 7508058,-3693080 7574004))
28357;POLYGON((-4476416 7371374,-4409187 7390451,-4389271 7320660,-4456043 7301195,-4476416 7371374))
28358;POLYGON((-5315165 7104968,-5242849 7130079,-5216655 7055168,-5288360 7029583,-5315165 7104968))
3113;POLYGON((-4144716 771468,-4081556 785991,-4066387 720333,-4129198 705497,-4144716 771468))
3111;POLYGON((-719193 4173096,-665863 4189864,-648533 4134235,-701571 4117559,-719193 4173096))
3107;POLYGON((-1086924 3404177,-1033271 3413712,-1023459 3357751,-1076854 3348263,-1086924 3404177))
3308;POLYGON((5922235 5726873,5974696 5742914,5991288 5688185,5939089 5672223,5922235 5726873))
3112;POLYGON((-1929985 -2184905,-1877466 -2177330,-1869675 -2232120,-1921976 -2239662,-1929985 -2184905))
3577;POLYGON((-1719828 -2004051,-1667182 -1997423,-1660377 -2052343,-1712808 -2058944,-1719828 -2004051))
