4326;POLYGON((116.5 -16.75,117.0 -16.75,117.0 -17.25,116.5 -17.25,116.5 -16.75))
28348;POLYGON((1732665 8112100,1786909 8108848,1783407 8052510,1729319 8055847,1732665 8112100))
28349;POLYGON((1086965 8139963,1140483 8138410,1138775 8082844,1085402 8084437,1086965 8139963))
28350;POLYGON((446707 8148033,500000 8148100,500000 8092788,446848 8092719,446707 8148033))
28351;POLYGON((-194042 8136719,-140483 8138410,-138775 8082844,-192189 8081109,-194042 8136719))
28352;POLYGON((-841237 8105447,-786909 8108848,-783407 8052510,-837579 8049021,-841237 8105447))
28353;POLYGON((-1501078 8052592,-1445449 8057882,-1439969 8000226,-1495421 7994801,-1501078 8052592))
28354;POLYGON((-2180247 7975277,-2122736 7982751,-2114974 7923182,-2172277 7915520,-2180247 7975277))
28355;POLYGON((-2886180 7869016,-2826131 7879122,-2815626 7816971,-2875419 7806616,-2886180 7869016))
28356;POLYGON((-3627369 7727124,-3564026 7740523,-3550096 7675022,-3613114 7661306,-3627369 7727124))
28357;POLYGON((-4413713 7539841,-4346187 7557492,-4327845 7487749,-4394946 7469700,-4413713 7539841))
28358;POLYGON((-5256941 7293051,-5184174 7316335,-5159994 7241302,-5232193 7217524,-5256941 7293051))
3113;POLYGON((-4078979 924648,-4015611 938052,-4001676 872526,-4064719 858804,-4078979 924648))
3111;POLYGON((-673670 4309938,-619621 4326465,-602639 4270401,-656394 4253964,-673670 4309938))
3107;POLYGON((-1025850 3530692,-971612 3539943,-962151 3483687,-1016129 3474481,-1025850 3530692))
3308;POLYGON((5967925 5860740,6021026 5876561,6037296 5821472,5984459 5805729,5967925 5860740))
3112;POLYGON((-1866589 -2063790,-1813588 -2056469,-1806104 -2111453,-1858886 -2118744,-1866589 -2063790))
3577;POLYGON((-1654218 -1884546,-1601106 -1878176,-1594641 -1932983,-1647539 -1939327,-1654218 -1884546))
