4326;POLYGON((116.5 -28.0,117.0 -28.0,117.0 -28.5,116.5 -28.5,116.5 -28.0))
28348;POLYGON((1634984 6848853,1684728 6843995,1679086 6787930,1629590 6792844,1634984 6848853))
28349;POLYGON((1041241 6890577,1090542 6888246,1087778 6832688,1038710 6835046,1041241 6890577))
28350;POLYGON((450838 6902696,500000 6902797,500000 6847408,451067 6847306,450838 6902696))
28351;POLYGON((-139868 6885710,-90542 6888246,-87778 6832688,-136870 6830122,-139868 6885710))
28352;POLYGON((-734522 6838918,-684728 6843995,-679086 6787930,-728632 6782797,-734522 6838918))
28353;POLYGON((-1336756 6760366,-1286192 6768197,-1277437 6711292,-1327726 6703376,-1336756 6760366))
28354;POLYGON((-1950160 6646678,-1898531 6657606,-1886284 6599534,-1937600 6588495,-1950160 6646678))
28355;POLYGON((-2578203 6492779,-2525227 6507300,-2508935 6447757,-2561543 6433102,-2578203 6492779))
28356;POLYGON((-3224082 6291458,-3169507 6310268,-3148399 6249003,-3202530 6230040,-3224082 6291458))
28357;POLYGON((-3890485 6032761,-3834115 6056813,-3807135 5993672,-3862956 5969462,-3890485 6032761))
28358;POLYGON((-4579241 5703148,-4520968 5733733,-4486685 5668749,-4544271 5638020,-4579241 5703148))
3113;POLYGON((-3675535 -511577,-3620939 -492760,-3599823 -554049,-3653974 -573019,-3675535 -511577))
3111;POLYGON((-294212 3080510,-246626 3095061,-230383 3041437,-277688 3026973,-294212 3080510))
3107;POLYGON((-810813 2287270,-762333 2295539,-753145 2240910,-801373 2232685,-810813 2287270))
3308;POLYGON((6333003 4646053,6380287 4660141,6396026 4606850,6348998 4592838,6333003 4646053))
3112;POLYGON((-1694944 -3288431,-1646817 -3281783,-1639434 -3336026,-1687345 -3342645,-1694944 -3288431))
3577;POLYGON((-1502337 -3130252,-1454101 -3124466,-1447530 -3180172,-1495548 -3185931,-1502337 -3130252))
