4326;POLYGON((115.75 -26.25,116.25 -26.25,116.25 -26.75,115.75 -26.75,115.75 -26.25))
28348;POLYGON((1577414 7051576,1627911 7047234,1622938 6991210,1572672 6995609,1577414 7051576))
28349;POLYGON((974691 7087913,1024740 7085977,1022464 7030460,972634 7032422,974691 7087913))
28350;POLYGON((375162 7096027,425100 7096412,425423 7041034,375702 7040643,375162 7096027))
28351;POLYGON((-225205 7076264,-175044 7078988,-172107 7023380,-222046 7020620,-225205 7076264))
28352;POLYGON((-830453 7027776,-779731 7032957,-774054 6976748,-824539 6971501,-830453 7027776))
28353;POLYGON((-1444650 6948442,-1393026 6956308,-1384361 6899128,-1435721 6891164,-1444650 6948442))
28354;POLYGON((-2071895 6834677,-2019026 6845590,-2006978 6787067,-2059541 6776026,-2071895 6834677))
28355;POLYGON((-2716277 6681102,-2661826 6695590,-2645816 6635364,-2699905 6620719,-2716277 6681102))
28356;POLYGON((-3381777 6480045,-3325419 6498850,-3304637 6436595,-3360552 6417608,-3381777 6480045))
28357;POLYGON((-4072090 6220818,-4013535 6244969,-3986857 6180439,-4044859 6156091,-4072090 6220818))
28358;POLYGON((-4790353 5888725,-4729369 5919630,-4695259 5852737,-4755539 5821638,-4790353 5888725))
3113;POLYGON((-3833292 -322917,-3776912 -304104,-3756122 -366383,-3812058 -385378,-3833292 -322917))
3111;POLYGON((-424928 3245679,-376472 3260914,-359731 3207173,-407904 3192027,-424928 3245679))
3107;POLYGON((-917872 2465514,-868566 2474277,-858979 2419595,-908032 2410878,-917872 2465514))
3308;POLYGON((6204793 4810665,6252865 4825364,6269032 4772039,6221214 4757418,6204793 4810665))
3112;POLYGON((-1794801 -3109237,-1745961 -3102194,-1738257 -3156371,-1786882 -3163384,-1794801 -3109237))
3577;POLYGON((-1599549 -2944565,-1550585 -2938400,-1543690 -2994053,-1592435 -3000190,-1599549 -2944565))
