4326;POLYGON((116.0 -27.0,116.5 -27.0,116.5 -27.5,116.0 -27.5,116.0 -27.0))
28348;POLYGON((1595339 6965442,1645513 6960910,1640292 6904875,1590356 6909463,1595339 6965442))
28349;POLYGON((996448 7003714,1046179 7001639,1043731 6946108,994225 6948209,996448 7003714))
28350;POLYGON((400781 7013171,450392 7013466,450613 6958083,401224 6957785,400781 7013171))
28351;POLYGON((-195529 6994212,-145717 6996889,-142817 6941299,-192402 6938589,-195529 6994212))
28352;POLYGON((-796355 6946037,-746019 6951209,-740318 6895056,-790411 6889821,-796355 6946037))
28353;POLYGON((-1405576 6866578,-1354392 6874469,-1345645 6817397,-1396559 6809413,-1405576 6866578))
28354;POLYGON((-2027071 6752318,-1974717 6763284,-1962533 6704942,-2014578 6693854,-2027071 6752318))
28355;POLYGON((-2664656 6597982,-2610819 6612540,-2594629 6552592,-2648100 6537886,-2664656 6597982))
28356;POLYGON((-3321963 6396061,-3266351 6414937,-3245357 6353091,-3300524 6334046,-3321963 6396061))
28357;POLYGON((-4002233 6136138,-3944599 6160332,-3917701 6096384,-3974783 6072011,-4002233 6136138))
28358;POLYGON((-4708009 5803956,-4648176 5834831,-4613880 5768751,-4673013 5737706,-4708009 5803956))
3113;POLYGON((-3773454 -406933,-3717821 -388050,-3696818 -449921,-3752006 -468973,-3773454 -406933))
3111;POLYGON((-375395 3172812,-327323 3187787,-310757 3134114,-358547 3119226,-375395 3172812))
3107;POLYGON((-878656 2387950,-829709 2396532,-820258 2341884,-868953 2333347,-878656 2387950))
3308;POLYGON((6253256 4738132,6300980 4752600,6316998 4699306,6269528 4684915,6253256 4738132))
3112;POLYGON((-1758668 -3186934,-1710137 -3180034,-1702541 -3234229,-1750856 -3241099,-1758668 -3186934))
3577;POLYGON((-1564562 -3024921,-1515914 -3018893,-1509125 -3074571,-1557556 -3080572,-1564562 -3024921))
