4326;POLYGON((116.25 -39.5,116.75 -39.5,116.75 -40.0,116.25 -40.0,116.25 -39.5))
28348;POLYGON((1468435 5566827,1511584 5561242,1504175 5505545,1461352 5511146,1468435 5566827))
28349;POLYGON((951511 5614557,994538 5611921,990962 5556378,948248 5559021,951511 5614557))
28350;POLYGON((435515 5627467,478505 5627705,478660 5572212,435979 5571973,435515 5627467))
28351;POLYGON((-80615 5605925,-37573 5609044,-33682 5553491,-76410 5550362,-80615 5605925))
28352;POLYGON((-597924 5549317,-554747 5555406,-547011 5499691,-589859 5493585,-597924 5549317))
28353;POLYGON((-1117275 5456025,-1073902 5465258,-1062102 5409308,-1105122 5400053,-1117275 5456025))
28354;POLYGON((-1639156 5323381,-1595567 5336023,-1579369 5279814,-1622573 5267152,-1639156 5323381))
28355;POLYGON((-2163440 5147597,-2119677 5164007,-2098625 5107600,-2141959 5091180,-2163440 5147597))
28356;POLYGON((-2689050 4923687,-2645248 4944329,-2618756 4887911,-2662075 4867283,-2689050 4923687))
28357;POLYGON((-3213527 4645396,-3169956 4670840,-3137304 4614790,-3180324 4589402,-3213527 4645396))
28358;POLYGON((-3732456 4305156,-3689576 4336083,-3649905 4281062,-3692157 4250262,-3732456 4305156))
3113;POLYGON((-3140295 -1879881,-3096475 -1859232,-3069973 -1915672,-3113308 -1936308,-3140295 -1879881))
3111;POLYGON((62568 1851580,103695 1864274,119945 1811132,79097 1798524,62568 1851580))
3107;POLYGON((-614819 1026975,-572174 1034351,-562775 979246,-605166 971915,-614819 1026975))
3308;POLYGON((6679750 3417272,6721148 3429715,6737089 3376211,6695947 3363846,6679750 3417272))
3112;POLYGON((-1540092 -4550052,-1496986 -4544010,-1489290 -4599726,-1532175 -4605737,-1540092 -4550052))
3577;POLYGON((-1369002 -4403841,-1325752 -4398568,-1319234 -4452912,-1362271 -4458160,-1369002 -4403841))
