4326;POLYGON((115.75 -22.5,116.25 -22.5,116.25 -23.0,115.75 -23.0,115.75 -22.5))
28348;POLYGON((1610327 7471643,1662434 7467766,1658117 7411661,1606212 7415604,1610327 7471643))
28349;POLYGON((988960 7504059,1040527 7502333,1038555 7446820,987177 7448577,988960 7504059))
28350;POLYGON((371423 7511291,422857 7511635,423137 7456283,371890 7455934,371423 7511291))
28351;POLYGON((-247118 7493672,-195416 7496102,-192871 7440482,-244380 7438011,-247118 7493672))
28352;POLYGON((-871525 7450386,-819146 7455015,-814217 7398692,-866387 7393985,-871525 7450386))
28353;POLYGON((-1506778 7379380,-1453300 7386430,-1445752 7328956,-1498996 7321788,-1506778 7379380))
28354;POLYGON((-2158077 7277151,-2103057 7286978,-2092512 7227883,-2147260 7217898,-2158077 7277151))
28355;POLYGON((-2830914 7138372,-2773882 7151503,-2759780 7090296,-2816484 7076966,-2830914 7138372))
28356;POLYGON((-3531123 6955308,-3471578 6972497,-3453117 6908672,-3512252 6891241,-3531123 6955308))
28357;POLYGON((-4264892 6716958,-4202305 6739275,-4178349 6672328,-4240413 6649730,-4264892 6716958))
28358;POLYGON((-5038740 6407844,-4972558 6436785,-4941516 6366263,-5007018 6337006,-5038740 6407844))
3113;POLYGON((-3982695 152531,-3923127 169727,-3904659 105877,-3963818 88439,-3982695 152531))
3111;POLYGON((-553492 3650866,-502906 3666770,-485950 3612339,-536249 3596525,-553492 3650866))
3107;POLYGON((-991968 2876931,-940756 2886032,-931095 2830931,-982052 2821876,-991968 2876931))
3308;POLYGON((6081048 5211914,6131042 5227201,6147354 5173398,6097617 5158189,6081048 5211914))
3112;POLYGON((-1854250 -2702750,-1803792 -2695473,-1796071 -2749775,-1846313 -2757021,-1854250 -2702750))
3577;POLYGON((-1652813 -2528066,-1602220 -2521696,-1595348 -2577155,-1645724 -2583497,-1652813 -2528066))
