4326;POLYGON((116.25 -18.0,116.75 -18.0,116.75 -18.5,116.25 -18.5,116.25 -18.0))
28348;POLYGON((1697225 7973157,1751035 7969773,1747368 7913501,1693724 7916965,1697225 7973157))
28349;POLYGON((1056413 8001921,1109543 8000340,1107791 7944794,1054815 7946413,1056413 8001921))
28350;POLYGON((420601 8009653,473534 8009796,473609 7954476,420827 7954330,420601 8009653))
28351;POLYGON((-215922 7996739,-162712 7998613,-160805 7943026,-213859 7941108,-215922 7996739))
28352;POLYGON((-858893 7962534,-804923 7966232,-801090 7909877,-854892 7906091,-858893 7962534))
28353;POLYGON((-1514276 7905289,-1459034 7911004,-1453077 7853353,-1508129 7847505,-1514276 7905289))
28354;POLYGON((-2188466 7821944,-2131398 7829989,-2122994 7770470,-2179838 7762241,-2188466 7821944))
28355;POLYGON((-2888522 7707752,-2829009 7718600,-2817666 7656578,-2876905 7645491,-2888522 7707752))
28356;POLYGON((-3622409 7555683,-3559745 7570026,-3544746 7504785,-3607064 7490138,-3622409 7555683))
28357;POLYGON((-4399286 7355520,-4332655 7374360,-4312962 7305087,-4379142 7285870,-4399286 7355520))
28358;POLYGON((-5229823 7092569,-5158269 7117342,-5132394 7043110,-5203347 7017878,-5229823 7092569))
3113;POLYGON((-4074018 753140,-4011329 767488,-3996324 702222,-4058666 687570,-4074018 753140))
3111;POLYGON((-657192 4162031,-603921 4178473,-586905 4122827,-639885 4106475,-657192 4162031))
3107;POLYGON((-1028363 3385718,-974796 3394982,-965253 3339031,-1018561 3329812,-1028363 3385718))
3308;POLYGON((5982997 5715535,6035403 5731286,6051715 5676535,5999571 5660863,5982997 5715535))
3112;POLYGON((-1873569 -2204734,-1821129 -2197384,-1813562 -2252169,-1865784 -2259488,-1873569 -2204734))
3577;POLYGON((-1663781 -2024874,-1611218 -2018465,-1604623 -2073447,-1656971 -2079830,-1663781 -2024874))
