4326;POLYGON((116.25 -35.75,116.75 -35.75,116.75 -36.25,116.25 -36.25,116.25 -35.75))
28348;POLYGON((1519196 5984877,1564687 5979469,1557863 5923655,1512673 5929092,1519196 5984877))
28349;POLYGON((974871 6031047,1020143 6028500,1016855 5972956,971871 5975518,974871 6031047))
28350;POLYGON((432190 6043520,477397 6043750,477539 5988293,432617 5988061,432190 6043520))
28351;POLYGON((-110726 6022704,-65427 6025719,-61851 5970160,-106859 5967127,-110726 6022704))
28352;POLYGON((-655746 5967915,-610204 5973815,-603076 5917972,-648313 5912041,-655746 5967915))
28353;POLYGON((-1204592 5877343,-1158672 5886323,-1147759 5830035,-1193349 5821012,-1204592 5877343))
28354;POLYGON((-1758684 5747959,-1712283 5760321,-1697221 5703470,-1743256 5691058,-1758684 5747959))
28355;POLYGON((-2318914 5575381,-2271985 5591546,-2252268 5534083,-2298781 5517868,-2318914 5575381))
28356;POLYGON((-2885341 5353680,-2837921 5374207,-2812876 5316196,-2859816 5295632,-2885341 5353680))
28357;POLYGON((-3456762 5075147,-3409013 5100752,-3377777 5042442,-3424965 5016830,-3456762 5075147))
28358;POLYGON((-4030138 4730013,-3982398 4761597,-3943892 4703515,-3990969 4671986,-4030138 4730013))
3113;POLYGON((-3336662 -1449721,-3289224 -1429186,-3264168 -1487219,-3311126 -1507791,-3336662 -1449721))
3111;POLYGON((-61233 2248990,-18017 2262328,-1795 2209273,-44732 2196021,-61233 2248990))
3107;POLYGON((-686883 1438010,-642335 1445714,-633007 1391024,-677303 1383364,-686883 1438010))
3308;POLYGON((6558733 3816451,6602042 3829468,6617887 3776287,6574832 3763347,6558733 3816451))
3112;POLYGON((-1598993 -4135809,-1554238 -4129537,-1546647 -4184495,-1591183 -4190737,-1598993 -4135809))
3577;POLYGON((-1419895 -3993113,-1375037 -3987644,-1368431 -4042728,-1413073 -4048171,-1419895 -3993113))
