4326;POLYGON((117.25 -17.5,117.75 -17.5,117.75 -18.0,117.25 -18.0,117.25 -17.5))
28348;POLYGON((1808655 8022598,1862789 8018988,1858893 7962534,1804923 7966232,1808655 8022598))
28349;POLYGON((1164568 8054200,1217929 8052372,1215922 7996739,1162712 7998613,1164568 8054200))
28350;POLYGON((526539 8065113,579619 8064974,579398 8009653,526465 8009796,526539 8065113))
28351;POLYGON((-111248 8055885,-57968 8057428,-56413 8001921,-109543 8000340,-111248 8055885))
28352;POLYGON((-754604 8026054,-700634 8029356,-697225 7973157,-751035 7969773,-754604 8026054))
28353;POLYGON((-1409538 7974090,-1354365 7979324,-1348926 7921902,-1403919 7916541,-1409538 7974090))
28354;POLYGON((-2082481 7897220,-2025547 7904671,-2017783 7845453,-2074505 7837824,-2082481 7897220))
28355;POLYGON((-2780523 7791077,-2721206 7801182,-2710665 7739530,-2769725 7729191,-2780523 7791077))
28356;POLYGON((-3511680 7649150,-3449269 7662552,-3435288 7597745,-3497373 7584044,-3511680 7649150))
28357;POLYGON((-4285199 7461942,-4218869 7479573,-4200482 7410782,-4266390 7392777,-4285199 7461942))
28358;POLYGON((-5111909 7215741,-5040687 7238943,-5016507 7165213,-5087167 7141552,-5111909 7215741))
3113;POLYGON((-3963245 846644,-3900810 860051,-3886823 795218,-3948933 781512,-3963245 846644))
3111;POLYGON((-567330 4250516,-513595 4266485,-497122 4210517,-550563 4194635,-567330 4250516))
3107;POLYGON((-930488 3460102,-876578 3468912,-867536 3412765,-921186 3403997,-930488 3460102))
3308;POLYGON((6071799 5801730,6124616 5817055,6140438 5762034,6087883 5746785,6071799 5801730))
3112;POLYGON((-1776019 -2135357,-1723304 -2128396,-1716164 -2183310,-1768660 -2190243,-1776019 -2135357))
3577;POLYGON((-1565001 -1957327,-1512174 -1951306,-1506018 -2006265,-1558630 -2012262,-1565001 -1957327))
