4326;POLYGON((117.25 -8.75,117.75 -8.75,117.75 -9.25,117.25 -9.25,117.25 -8.75))
28348;POLYGON((1857319 9010457,1913593 9008559,1911589 8951944,1855399 8953947,1857319 9010457))
28349;POLYGON((1188740 9027055,1244076 9026096,1243045 8970448,1187787 8971460,1188740 9027055))
28350;POLYGON((527497 9032777,582493 9032704,582380 8977421,527459 8977498,527497 9032777))
28351;POLYGON((-133455 9027939,-78216 9028748,-77418 8973247,-132579 8972393,-133455 9027939))
28352;POLYGON((-801147 9012274,-745072 9014010,-743319 8957696,-799311 8955864,-801147 9012274))
28353;POLYGON((-1482959 8984902,-1425410 8987664,-1422603 8929901,-1480057 8926987,-1482959 8984902))
28354;POLYGON((-2187028 8944204,-2127287 8948160,-2123255 8888232,-2182884 8884060,-2187028 8944204))
28355;POLYGON((-2922726 8887592,-2859951 8893003,-2854430 8830069,-2917065 8824364,-2922726 8887592))
28356;POLYGON((-3701265 8811123,-3634434 8818382,-3627025 8751412,-3693675 8743763,-3701265 8811123))
28357;POLYGON((-4536461 8708901,-4464301 8718593,-4454411 8646284,-4526329 8636076,-4536461 8708901))
28358;POLYGON((-5445693 8572199,-5366592 8585187,-5353345 8505832,-5432115 8492163,-5445693 8572199))
3113;POLYGON((-4152904 2009070,-4086047 2016332,-4078635 1949336,-4145312 1941683,-4152904 2009070))
3111;POLYGON((-869241 5256761,-810217 5274302,-792776 5215043,-851489 5197594,-869241 5256761))
3107;POLYGON((-1096988 4464336,-1038428 4473906,-1028961 4415118,-1087248 4405593,-1096988 4464336))
3308;POLYGON((5783454 6786709,5840989 6803402,5857602 6745629,5800343 6729016,5783454 6786709))
3112;POLYGON((-1906925 -1159029,-1850324 -1151554,-1842934 -1208387,-1899309 -1215832,-1906925 -1159029))
3577;POLYGON((-1674753 -1010942,-1618222 -1004499,-1612263 -1057700,-1668586 -1064120,-1674753 -1010942))
