4326;POLYGON((116.75 -11.0,117.25 -11.0,117.25 -11.5,116.75 -11.5,116.75 -11.0))
28348;POLYGON((1792091 8758473,1847850 8756211,1845456 8699730,1789803 8702089,1792091 8758473))
28349;POLYGON((1129138 8777981,1184041 8776880,1182853 8721287,1128047 8722435,1129138 8777981))
28350;POLYGON((472688 8784009,527311 8784009,527263 8728722,472736 8728722,472688 8784009))
28351;POLYGON((-184041 8776880,-129138 8777981,-128047 8722435,-182853 8721287,-184041 8776880))
28352;POLYGON((-847850 8756211,-792091 8758473,-789803 8702089,-845456 8699730,-847850 8756211))
28353;POLYGON((-1525882 8720855,-1468651 8724406,-1465036 8666564,-1522149 8662862,-1525882 8720855))
28354;POLYGON((-2226000 8668753,-2166603 8673805,-2161448 8613810,-2220703 8608545,-2226000 8668753))
28355;POLYGON((-2957217 8596639,-2894847 8603520,-2887818 8540563,-2950012 8533394,-2957217 8596639))
28356;POLYGON((-3730238 8499573,-3663923 8508774,-3654521 8441874,-3720609 8432292,-3730238 8499573))
28357;POLYGON((-4558130 8370208,-4486671 8382458,-4474158 8310388,-4545315 8297642,-4558130 8370208))
28358;POLYGON((-5457167 8197730,-5379062 8214095,-5362355 8135281,-5440048 8118269,-5457167 8197730))
3113;POLYGON((-4181888 1697398,-4115547 1706603,-4106141 1639677,-4172256 1630092,-4181888 1697398))
3111;POLYGON((-847426 4974836,-789883 4992266,-772425 4934082,-829663 4916745,-847426 4974836))
3107;POLYGON((-1110700 4191809,-1053401 4201446,-1043796 4143514,-1100827 4133923,-1110700 4191809))
3308;POLYGON((5802795 6511988,5859015 6528592,5875659 6471737,5819711 6455213,5802795 6511988))
3112;POLYGON((-1928360 -1421089,-1872802 -1413527,-1865269 -1469711,-1920603 -1477242,-1928360 -1421089))
3577;POLYGON((-1702457 -1257751,-1646891 -1251197,-1640662 -1304909,-1696018 -1311439,-1702457 -1257751))
