4326;POLYGON((117.5 -32.5,118.0 -32.5,118.0 -33.0,117.5 -33.0,117.5 -32.5))
28348;POLYGON((1678182 6334409,1725642 6328638,1718644 6272621,1671468 6278436,1678182 6334409))
28349;POLYGON((1111161 6385465,1158269 6382469,1154576 6326869,1107735 6329888,1111161 6385465))
28350;POLYGON((546969 6404030,593941 6403700,593417 6348269,546708 6348602,546969 6404030))
28351;POLYGON((-17003 6390783,30050 6393106,32678 6337590,-14110 6335248,-17003 6390783))
28352;POLYGON((-583373 6345239,-536021 6350300,-530148 6294449,-577221 6289349,-583373 6345239))
28353;POLYGON((-1154683 6265726,-1106826 6273712,-1097491 6217288,-1145045 6209243,-1154683 6265726))
28354;POLYGON((-1733285 6149271,-1684737 6160485,-1671592 6103273,-1719802 6091985,-1733285 6149271))
28355;POLYGON((-2321188 5991418,-2271801 6006293,-2254342 5948128,-2303342 5933170,-2321188 5991418))
28356;POLYGON((-2919810 5785949,-2869496 5805078,-2847034 5745880,-2896894 5726664,-2919810 5785949))
28357;POLYGON((-3529625 5524507,-3478392 5548680,-3450013 5488509,-3500704 5464264,-3529625 5524507))
28358;POLYGON((-4149677 5196115,-4097673 5226361,-4062186 5165513,-4113535 5135234,-4149677 5196115))
3113;POLYGON((-3371145 -1017284,-3320811 -998147,-3298340 -1057368,-3348219 -1076591,-3371145 -1017284))
3111;POLYGON((-55884 2627900,-10678 2641205,4877 2587834,-40048 2574612,-55884 2627900))
3107;POLYGON((-633494 1812094,-587215 1819547,-578545 1764910,-624572 1757498,-633494 1812094))
3308;POLYGON((6566737 4194588,6611856 4207563,6627039 4154284,6582174 4141383,6566737 4194588))
3112;POLYGON((-1534041 -3764689,-1487811 -3758678,-1480822 -3813271,-1526836 -3819255,-1534041 -3764689))
3577;POLYGON((-1348734 -3619874,-1302416 -3614686,-1296305 -3670229,-1342406 -3675392,-1348734 -3619874))
