4326;POLYGON((117.25 -26.75,117.75 -26.75,117.75 -27.25,117.25 -27.25,117.25 -26.75))
28348;POLYGON((1723627 6981781,1774054 6976748,1768281 6920556,1718094 6925651,1723627 6981781))
28349;POLYGON((1122198 7025939,1172107 7023380,1169119 6967772,1119435 6970365,1122198 7025939))
28350;POLYGON((524858 7041229,574576 7041034,574247 6985651,524748 6985849,524858 7041229))
28351;POLYGON((-72318 7028299,-22464 7030460,-20148 6974943,-69779 6972754,-72318 7028299))
28352;POLYGON((-673256 6986601,-622938 6991210,-617879 6935198,-667960 6930531,-673256 6986601))
28353;POLYGON((-1281895 6914344,-1230784 6921600,-1222764 6864732,-1273614 6857387,-1281895 6914344))
28354;POLYGON((-1902186 6808332,-1849954 6818562,-1838616 6760478,-1890551 6750131,-1902186 6808332))
28355;POLYGON((-2538054 6663684,-2484376 6677369,-2469193 6617721,-2522520 6603891,-2538054 6663684))
28356;POLYGON((-3193295 6473388,-3137864 6491207,-3118088 6429680,-3173094 6411692,-3193295 6473388))
28357;POLYGON((-3871400 6227662,-3813942 6250556,-3788542 6186908,-3845474 6163830,-3871400 6227662))
28358;POLYGON((-4575284 5913066,-4515587 5942322,-4483152 5876455,-4542185 5847018,-4575284 5913066))
3113;POLYGON((-3644736 -329576,-3589283 -311750,-3569499 -373302,-3624527 -391296,-3644736 -329576))
3111;POLYGON((-263148 3236705,-214742 3251090,-198871 3197168,-246995 3182867,-263148 3236705))
3107;POLYGON((-760752 2436348,-711582 2444384,-702761 2389613,-751678 2381619,-760752 2436348))
3308;POLYGON((6364874 4800595,6412896 4814529,6428281 4761024,6380515 4747165,6364874 4800595))
3112;POLYGON((-1640925 -3142926,-1592220 -3136495,-1585164 -3190761,-1633653 -3197164,-1640925 -3142926))
3577;POLYGON((-1446128 -2982352,-1397314 -2976787,-1391071 -3032526,-1439667 -3038066,-1446128 -2982352))
