4326;POLYGON((117.0 -8.75,117.5 -8.75,117.5 -9.25,117.0 -9.25,117.0 -8.75))
28348;POLYGON((1829220 9011376,1885443 9009518,1883481 8952957,1827342 8954917,1829220 9011376))
28349;POLYGON((1161091 9027506,1216401 9026585,1215410 8970964,1160177 8971936,1161091 9027506))
28350;POLYGON((500000 9032786,554994 9032750,554919 8977469,500000 8977508,500000 9032786))
28351;POLYGON((-161091 9027506,-105830 9028353,-104993 8972829,-160177 8971936,-161091 9027506))
28352;POLYGON((-829220 9011376,-773097 9013152,-771303 8956791,-827342 8954917,-829220 9011376))
28353;POLYGON((-1511791 8983487,-1454166 8986295,-1451311 8928456,-1508841 8925494,-1511791 8983487))
28354;POLYGON((-2216980 8942185,-2157131 8946196,-2153043 8886160,-2212779 8881930,-2216980 8942185))
28355;POLYGON((-2954224 8884836,-2891302 8890315,-2885711 8827234,-2948492 8821458,-2954224 8884836))
28356;POLYGON((-3734827 8807427,-3667801 8814774,-3660302 8747611,-3727145 8739868,-3734827 8807427))
28357;POLYGON((-4572732 8703967,-4500318 8713776,-4490308 8641211,-4562477 8630879,-4572732 8703967))
28358;POLYGON((-5485492 8565583,-5406060 8578733,-5392649 8499040,-5471745 8485201,-5485492 8565583))
3113;POLYGON((-4186479 2005373,-4119427 2012723,-4111926 1945533,-4178794 1937788,-4186479 2005373))
3111;POLYGON((-898719 5247875,-839741 5265570,-822144 5206357,-880811 5188755,-898719 5247875))
3107;POLYGON((-1126251 4459450,-1067714 4469155,-1058110 4410389,-1116376 4400729,-1126251 4459450))
3308;POLYGON((5754716 6778259,5812211 6795090,5828962 6737357,5771743 6720606,5754716 6778259))
3112;POLYGON((-1935214 -1162850,-1878628 -1155263,-1871125 -1212082,-1927485 -1219638,-1935214 -1162850))
3577;POLYGON((-1703010 -1014247,-1646491 -1007693,-1640428 -1060883,-1696738 -1067413,-1703010 -1014247))
