4326;POLYGON((117.5 -27.75,118.0 -27.75,118.0 -28.25,117.5 -28.25,117.5 -27.75))
28348;POLYGON((1737432 6866985,1787402 6861719,1781310 6805529,1731589 6810855,1737432 6866985))
28349;POLYGON((1141349 6913504,1190818 6910778,1187612 6855158,1138375 6857916,1141349 6913504))
28350;POLYGON((549274 6930390,598551 6930090,598097 6874698,549047 6875002,549274 6930390))
28351;POLYGON((-42491 6918343,6900 6920456,9180 6864950,-39981 6862811,-42491 6918343))
28352;POLYGON((-637649 6876863,-587833 6881477,-582725 6825515,-632298 6820847,-637649 6876863))
28353;POLYGON((-1239896 6804212,-1189348 6811523,-1181198 6754764,-1231479 6747372,-1239896 6804212))
28354;POLYGON((-1852903 6697267,-1801319 6707593,-1789775 6649703,-1841054 6639268,-1852903 6697267))
28355;POLYGON((-2480252 6551249,-2427341 6565060,-2411881 6505723,-2464436 6491777,-2480252 6551249))
28356;POLYGON((-3125308 6359320,-3070802 6377279,-3050694 6316218,-3104773 6298106,-3125308 6359320))
28357;POLYGON((-3791008 6111990,-3734684 6135006,-3708922 6072035,-3764718 6048855,-3791008 6111990))
28358;POLYGON((-4479536 5796301,-4421253 5825612,-4388468 5760705,-4446091 5731240,-4479536 5796301))
3113;POLYGON((-3576723 -443689,-3522195 -425723,-3502080 -486807,-3556179 -504927,-3576723 -443689))
3111;POLYGON((-206952 3136240,-159074 3150332,-143386 3096508,-190981 3082499,-206952 3136240))
3107;POLYGON((-718283 2330929,-669601 2338769,-660918 2284044,-709346 2276245,-718283 2330929))
3308;POLYGON((6419891 4700699,6467434 4714371,6482668 4660913,6435380 4647315,6419891 4700699))
3112;POLYGON((-1602247 -3248195,-1553961 -3241917,-1547011 -3296211,-1595081 -3302461,-1602247 -3248195))
3577;POLYGON((-1409019 -3091004,-1360630 -3085584,-1354496 -3141340,-1402666 -3146736,-1409019 -3091004))
