4326;POLYGON((117.5 -23.75,118.0 -23.75,118.0 -24.25,117.5 -24.25,117.5 -23.75))
28348;POLYGON((1780733 7316572,1832550 7311848,1827260 7255525,1775659 7260322,1780733 7316572))
28349;POLYGON((1163360 7358252,1214554 7355812,1211776 7300176,1160783 7302655,1163360 7358252))
28350;POLYGON((550953 7373361,601910 7373093,601517 7317730,550757 7318003,550953 7373361))
28351;POLYGON((-61072 7362583,-9973 7364474,-7998 7308975,-58897 7307054,-61072 7362583))
28352;POLYGON((-677296 7325429,-625671 7329566,-621239 7273518,-672652 7269317,-677296 7325429))
28353;POLYGON((-1302367 7260196,-1249824 7266770,-1242731 7209754,-1295039 7203080,-1302367 7260196))
28354;POLYGON((-1941072 7163793,-1887206 7173121,-1877112 7114703,-1930708 7105238,-1941072 7163793))
28355;POLYGON((-2598380 7031425,-2542769 7043983,-2529165 6983718,-2584454 6970986,-2598380 7031425))
28356;POLYGON((-3279448 6856103,-3221656 6872573,-3203809 6810012,-3261206 6793331,-3279448 6856103))
28357;POLYGON((-3989589 6627900,-3929169 6649245,-3906047 6583959,-3965969 6562370,-3989589 6627900))
28358;POLYGON((-4734170 6332912,-4670676 6360474,-4640842 6292104,-4703695 6264273,-4734170 6332912))
3113;POLYGON((-3730923 53287,-3673108 69764,-3655254 7178,-3712674 -9509,-3730923 53287))
3111;POLYGON((-335540 3568940,-285388 3583701,-269510 3529224,-319376 3514547,-335540 3568940))
3107;POLYGON((-790012 2769852,-739298 2778020,-730558 2722935,-781017 2714809,-790012 2769852))
3308;POLYGON((6295468 5129527,6345066 5143789,6360421 5089904,6311081 5075716,6295468 5129527))
3112;POLYGON((-1659578 -2814045,-1609564 -2807542,-1602609 -2861879,-1652407 -2868355,-1659578 -2814045))
3577;POLYGON((-1459799 -2645518,-1409666 -2639903,-1403545 -2695539,-1453460 -2701130,-1459799 -2645518))
