4326;POLYGON((116.75 -8.75,117.25 -8.75,117.25 -9.25,116.75 -9.25,116.75 -8.75))
28348;POLYGON((1801147 9012274,1857319 9010457,1855399 8953947,1799311 8955864,1801147 9012274))
28349;POLYGON((1133455 9027939,1188740 9027055,1187787 8971460,1132579 8972393,1133455 9027939))
28350;POLYGON((472502 9032777,527497 9032777,527459 8977498,472540 8977498,472502 9032777))
28351;POLYGON((-188740 9027055,-133455 9027939,-132579 8972393,-187787 8971460,-188740 9027055))
28352;POLYGON((-857319 9010457,-801147 9012274,-799311 8955864,-855399 8953947,-857319 9010457))
28353;POLYGON((-1540662 8982048,-1482959 8984902,-1480057 8926987,-1537664 8923976,-1540662 8982048))
28354;POLYGON((-2246987 8940139,-2187028 8944204,-2182884 8884060,-2242729 8879772,-2246987 8940139))
28355;POLYGON((-2985797 8882045,-2922726 8887592,-2917065 8824364,-2979993 8818516,-2985797 8882045))
28356;POLYGON((-3768487 8803687,-3701265 8811123,-3693675 8743763,-3760713 8735927,-3768487 8803687))
28357;POLYGON((-4609132 8698972,-4536461 8708901,-4526329 8636076,-4598753 8625620,-4609132 8698972))
28358;POLYGON((-5525458 8558885,-5445693 8572199,-5432115 8492163,-5511540 8478152,-5525458 8558885))
3113;POLYGON((-4220153 2001631,-4152904 2009070,-4145312 1941683,-4212375 1933845,-4220153 2001631))
3111;POLYGON((-928172 5238911,-869241 5256761,-851489 5197594,-910110 5179838,-928172 5238911))
3107;POLYGON((-1155503 4454496,-1096988 4464336,-1087248 4405593,-1145492 4395798,-1155503 4454496))
3308;POLYGON((5725999 6769740,5783454 6786709,5800343 6729016,5743164 6712129,5725999 6769740))
3112;POLYGON((-1963495 -1166728,-1906925 -1159029,-1899309 -1215832,-1955653 -1223501,-1963495 -1166728))
3577;POLYGON((-1731259 -1017608,-1674753 -1010942,-1668586 -1064120,-1724884 -1070761,-1731259 -1017608))
