4326;POLYGON((117.5 -31.5,118.0 -31.5,118.0 -32.0,117.5 -32.0,117.5 -31.5))
28348;POLYGON((1691342 6446406,1739357 6440728,1732546 6384674,1684807 6390399,1691342 6446406))
28349;POLYGON((1117873 6496622,1165505 6493676,1161912 6438071,1114540 6441043,1117873 6496622))
28350;POLYGON((547482 6514875,594966 6514550,594457 6459127,547227 6459455,547482 6514875))
28351;POLYGON((-22670 6501850,24902 6504134,27458 6448621,-19856 6446317,-22670 6501850))
28352;POLYGON((-595431 6457060,-547532 6462039,-541817 6406164,-589443 6401143,-595431 6457060))
28353;POLYGON((-1173583 6378808,-1125132 6386671,-1116040 6330174,-1164195 6322247,-1173583 6378808))
28354;POLYGON((-1759754 6264073,-1710540 6275128,-1697721 6217770,-1746603 6206634,-1759754 6264073))
28355;POLYGON((-2356271 6108309,-2306117 6122999,-2289061 6064583,-2338832 6049798,-2356271 6108309))
28356;POLYGON((-2964939 5905132,-2913723 5924068,-2891727 5864474,-2942494 5845438,-2964939 5905132))
28357;POLYGON((-3586710 5645903,-3534394 5669905,-3506520 5609145,-3558296 5585053,-3586710 5645903))
28358;POLYGON((-4221220 5319172,-4167898 5349317,-4132913 5287628,-4185575 5257427,-4221220 5319172))
3113;POLYGON((-3416291 -898054,-3365054 -879110,-3343050 -938728,-3393837 -957771,-3416291 -898054))
3111;POLYGON((-87585 2734573,-41819 2748044,-26243 2694607,-71730 2681219,-87585 2734573))
3107;POLYGON((-651335 1921265,-604550 1928799,-595883 1874175,-642415 1866681,-651335 1921265))
3308;POLYGON((6535859 4301009,6581488 4314130,6596673 4260843,6551299 4247796,6535859 4301009))
3112;POLYGON((-1548433 -3655704,-1501769 -3649637,-1494793 -3704134,-1541240 -3710174,-1548433 -3655704))
3577;POLYGON((-1361405 -3508715,-1314651 -3503478,-1308532 -3559101,-1355068 -3564313,-1361405 -3508715))
