4326;POLYGON((117.5 -32.25,118.0 -32.25,118.0 -32.75,117.5 -32.75,117.5 -32.25))
28348;POLYGON((1681506 6362402,1729105 6356653,1722154 6300627,1674836 6306420,1681506 6362402))
28349;POLYGON((1112857 6413253,1160097 6410270,1156429 6354668,1109454 6357676,1112857 6413253))
28350;POLYGON((547099 6431743,594200 6431414,593680 6375985,546839 6376316,547099 6431743))
28351;POLYGON((-18434 6418550,28750 6420863,31359 6365348,-15561 6363015,-18434 6418550))
28352;POLYGON((-586419 6373189,-538929 6378230,-533094 6322373,-580308 6317292,-586419 6373189))
28353;POLYGON((-1159455 6293982,-1111448 6301938,-1102173 6245495,-1149879 6237479,-1159455 6293982))
28354;POLYGON((-1739965 6177943,-1691249 6189118,-1678185 6131869,-1726564 6120619,-1739965 6177943))
28355;POLYGON((-2330036 6020592,-2280456 6035422,-2263097 5977195,-2312290 5962277,-2330036 6020592))
28356;POLYGON((-2931181 5815668,-2880641 5834751,-2858294 5775454,-2908381 5756281,-2931181 5815668))
28357;POLYGON((-3543992 5554742,-3492488 5578876,-3464233 5518558,-3515196 5494348,-3543992 5554742))
28358;POLYGON((-4167657 5226717,-4115324 5256942,-4079960 5195885,-4131636 5165621,-4167657 5226717))
3113;POLYGON((-3382520 -987553,-3331960 -968462,-3309604 -1027783,-3359711 -1046963,-3382520 -987553))
3111;POLYGON((-63806 2654555,-18460 2667902,-2899 2614516,-47965 2601252,-63806 2654555))
3107;POLYGON((-637955 1839388,-591549 1846862,-582880 1792230,-629033 1784797,-637955 1839388))
3308;POLYGON((6559018 4221192,6604265 4234203,6619448 4180923,6574455 4167986,6559018 4221192))
3112;POLYGON((-1537642 -3737426,-1491302 -3731400,-1484317 -3785968,-1530439 -3791965,-1537642 -3737426))
3577;POLYGON((-1351900 -3592098,-1305473 -3586898,-1299360 -3642463,-1345569 -3647639,-1351900 -3592098))
