4326;POLYGON((117.25 -27.75,117.75 -27.75,117.75 -28.25,117.25 -28.25,117.25 -27.75))
28348;POLYGON((1712467 6869536,1762410 6864380,1756443 6808220,1706747 6813436,1712467 6869536))
28349;POLYGON((1116625 6914791,1166080 6912167,1162990 6856563,1113767 6859217,1116625 6914791))
28350;POLYGON((524637 6930465,573912 6930265,573572 6874875,524523 6875078,524637 6930465))
28351;POLYGON((-67196 6917210,-17792 6919425,-15397 6863906,-64570 6861665,-67196 6917210))
28352;POLYGON((-662576 6874475,-612735 6879197,-607506 6823208,-657102 6818431,-662576 6874475))
28353;POLYGON((-1265198 6800468,-1214613 6807897,-1206329 6751098,-1256646 6743586,-1265198 6800468))
28354;POLYGON((-1878732 6692002,-1827099 6702463,-1815403 6644519,-1866730 6633948,-1878732 6692002))
28355;POLYGON((-2506754 6544224,-2453781 6558194,-2438144 6498789,-2490758 6484685,-2506754 6544224))
28356;POLYGON((-3152616 6350197,-3098037 6368347,-3077716 6307210,-3131863 6288906,-3152616 6350197))
28357;POLYGON((-3819229 6100305,-3762826 6123556,-3736801 6060504,-3792672 6037089,-3819229 6100305))
28358;POLYGON((-4508740 5781425,-4450374 5811030,-4417260 5746045,-4474960 5716286,-4508740 5781425))
3113;POLYGON((-3604041 -452815,-3549441 -434658,-3529112 -495819,-3583280 -514130,-3604041 -452815))
3111;POLYGON((-230863 3129100,-183022 3143317,-167193 3089535,-214751 3075401,-230863 3129100))
3107;POLYGON((-742610 2326925,-693946 2334877,-685136 2280172,-733547 2272261,-742610 2326925))
3308;POLYGON((6396143 4693779,6443654 4707564,6459016 4654142,6411760 4640431,6396143 4693779))
3112;POLYGON((-1626380 -3251407,-1578107 -3245032,-1571049 -3299312,-1619106 -3305658,-1626380 -3251407))
3577;POLYGON((-1433205 -3093785,-1384827 -3088270,-1378584 -3144015,-1426743 -3149504,-1433205 -3093785))
