4326;POLYGON((116.75 -40.75,117.25 -40.75,117.25 -41.25,116.75 -41.25,116.75 -40.75))
28348;POLYGON((1492921 5422027,1535260 5416152,1527330 5360481,1485325 5366369,1492921 5422027))
28349;POLYGON((985527 5473062,1027770 5470164,1023779 5414613,981858 5417519,985527 5473062))
28350;POLYGON((478895 5488964,521104 5488964,520945 5433459,479054 5433459,478895 5488964))
28351;POLYGON((-27770 5470164,14472 5473062,18141 5417519,-23779 5414613,-27770 5470164))
28352;POLYGON((-535260 5416152,-492921 5422027,-485325 5366369,-527330 5360481,-535260 5416152))
28353;POLYGON((-1044189 5325468,-1001714 5334478,-989988 5278656,-1032107 5269631,-1044189 5325468))
28354;POLYGON((-1554802 5195662,-1512190 5208051,-1496023 5152068,-1538247 5139667,-1554802 5195662))
28355;POLYGON((-2066735 5023252,-2024047 5039351,-2003012 4983292,-2045271 4967194,-2066735 5023252))
28356;POLYGON((-2578688 4803675,-2536078 4823906,-2509631 4767982,-2551761 4747778,-2578688 4803675))
28357;POLYGON((-3088013 4531263,-3045765 4556140,-3013244 4500747,-3054952 4475940,-3088013 4531263))
28358;POLYGON((-3590161 4199257,-3548744 4229384,-3509374 4175185,-3550183 4145198,-3590161 4199257))
3113;POLYGON((-3029889 -1999940,-2987263 -1979702,-2960805 -2035647,-3002952 -2055860,-3029889 -1999940))
3111;POLYGON((144336 1731362,184830 1743628,200825 1690320,160610 1678139,144336 1731362))
3107;POLYGON((-548653 896447,-506612 903517,-497436 848173,-539221 841145,-548653 896447))
3308;POLYGON((6761036 3295838,6801851 3307893,6817584 3254150,6777025 3242171,6761036 3295838))
3112;POLYGON((-1477714 -4683532,-1435139 -4677738,-1427622 -4733802,-1469974 -4739566,-1477714 -4683532))
3577;POLYGON((-1309485 -4534196,-1266745 -4529155,-1260477 -4583204,-1303005 -4588221,-1309485 -4534196))
