4326;POLYGON((117.0 -16.25,117.5 -16.25,117.5 -16.75,117.0 -16.75,117.0 -16.25))
28348;POLYGON((1790312 8165195,1844792 8161884,1841237 8105447,1786909 8108848,1790312 8165195))
28349;POLYGON((1142142 8193977,1195841 8192331,1194042 8136719,1140483 8138410,1142142 8193977))
28350;POLYGON((500000 8203410,553429 8203345,553292 8148033,500000 8148100,500000 8203410))
28351;POLYGON((-142142 8193977,-88484 8195489,-86965 8139963,-140483 8138410,-142142 8193977))
28352;POLYGON((-790312 8165195,-735917 8168362,-732665 8112100,-786909 8108848,-790312 8165195))
28353;POLYGON((-1450775 8115563,-1395107 8120553,-1389950 8063004,-1445449 8057882,-1450775 8115563))
28354;POLYGON((-2130283 8042374,-2072753 8049464,-2065406 7990029,-2122736 7982751,-2130283 8042374))
28355;POLYGON((-2836352 7941368,-2776297 7950986,-2766321 7888987,-2826131 7879122,-2836352 7941368))
28356;POLYGON((-3577589 7806181,-3514242 7818956,-3500989 7753615,-3564026 7740523,-3577589 7806181))
28357;POLYGON((-4364066 7627488,-4296520 7644337,-4279048 7574741,-4346187 7557492,-4364066 7627488))
28358;POLYGON((-5207774 7391768,-5134945 7414017,-5111889 7339084,-5184174 7316335,-5207774 7391768))
3113;POLYGON((-4029180 1003736,-3965808 1016516,-3952550 951150,-4015611 938052,-4029180 1003736))
3111;POLYGON((-636651 4382685,-582220 4399017,-565487 4342707,-619621 4326465,-636651 4382685))
3107;POLYGON((-981093 3596319,-926552 3605362,-917332 3548942,-971612 3539943,-981093 3596319))
3308;POLYGON((6004718 5931778,6058159 5947423,6074202 5892128,6021026 5876561,6004718 5931778))
3112;POLYGON((-1821083 -2001404,-1767834 -1994264,-1760559 -2049359,-1813588 -2056469,-1821083 -2001404))
3577;POLYGON((-1607561 -1823449,-1554210 -1817262,-1547969 -1872013,-1601106 -1878176,-1607561 -1823449))
