4326;POLYGON((117.5 -8.5,118.0 -8.5,118.0 -9.0,117.5 -9.0,117.5 -8.5))
28348;POLYGON((1886384 9037801,1942752 9035915,1940761 8979244,1884475 8981237,1886384 9037801))
28349;POLYGON((1216876 9054395,1272276 9053426,1271236 8997750,1215912 8998774,1216876 9054395))
28350;POLYGON((555031 9060390,610066 9060283,609919 9004997,554957 9005110,555031 9060390))
28351;POLYGON((-106231 9056114,-50977 9056865,-50238 9001384,-105417 9000591,-106231 9056114))
28352;POLYGON((-773957 9041335,-717890 9042984,-716226 8986713,-772212 8984971,-773957 9041335))
28353;POLYGON((-1455534 9015219,-1398016 9017861,-1395331 8960165,-1452758 8957373,-1455534 9015219))
28354;POLYGON((-2159091 8976225,-2099404 8980019,-2095536 8920183,-2155115 8916174,-2159091 8976225))
28355;POLYGON((-2893983 8921874,-2831287 8927072,-2825983 8864257,-2888544 8858768,-2893983 8921874))
28356;POLYGON((-3671399 8848389,-3604674 8855367,-3597552 8788546,-3664102 8781181,-3671399 8848389))
28357;POLYGON((-4505122 8750114,-4433099 8759433,-4423589 8687306,-4495379 8677475,-4505122 8750114))
28358;POLYGON((-5412502 8618668,-5333570 8631158,-5320830 8552023,-5399443 8538856,-5412502 8618668))
3113;POLYGON((-4123026 2046351,-4056276 2053331,-4049150 1986485,-4115727 1979116,-4123026 2046351))
3111;POLYGON((-848565 5295264,-789339 5312695,-772020 5253275,-830934 5235935,-848565 5295264))
3107;POLYGON((-1072527 4498610,-1013809 4508067,-1004462 4449161,-1062908 4439748,-1072527 4498610))
3308;POLYGON((5803814 6824031,5861528 6840627,5878030 6782715,5820594 6766199,5803814 6824031))
3112;POLYGON((-1882387 -1126798,-1825658 -1119422,-1818372 -1176344,-1874874 -1183691,-1882387 -1126798))
3577;POLYGON((-1649517 -981145,-1592869 -974800,-1587021 -1027951,-1643461 -1034272,-1649517 -981145))
