4326;POLYGON((116.75 -19.5,117.25 -19.5,117.25 -20.0,116.75 -20.0,116.75 -19.5))
28348;POLYGON((1739748 7800989,1793123 7797201,1788990 7740879,1735794 7744748,1739748 7800989))
28349;POLYGON((1104149 7833703,1156841 7831854,1154784 7776270,1102259 7778158,1104149 7833703))
28350;POLYGON((473767 7843828,526232 7843828,526151 7788499,473848 7788499,473767 7843828))
28351;POLYGON((-156841 7831854,-104149 7833703,-102259 7778158,-154784 7776270,-156841 7831854))
28352;POLYGON((-793123 7797201,-739748 7800989,-735794 7744748,-788990 7740879,-793123 7797201))
28353;POLYGON((-1440702 7738140,-1386163 7744059,-1379947 7686622,-1434284 7680580,-1440702 7738140))
28354;POLYGON((-2105545 7651611,-2049328 7659974,-2040522 7600806,-2096504 7592273,-2105545 7651611))
28355;POLYGON((-2794142 7532850,-2735681 7544131,-2723791 7482650,-2781966 7471148,-2794142 7532850))
28356;POLYGON((-3513682 7374824,-3452348 7389716,-3436651 7325279,-3497626 7310110,-3513682 7374824))
28357;POLYGON((-4272249 7167368,-4207329 7186864,-4186786 7118766,-4251243 7098931,-4272249 7167368))
28358;POLYGON((-5079017 6895938,-5009699 6921456,-4982832 6848932,-5051538 6823009,-5079017 6895938))
3113;POLYGON((-3965248 572211,-3903890 587108,-3888187 522647,-3949186 507472,-3965248 572211))
3111;POLYGON((-553004 4011955,-500522 4027852,-483923 3972530,-536115 3956721,-553004 4011955))
3107;POLYGON((-946221 3227444,-893387 3236330,-884154 3180641,-936730 3171799,-946221 3227444))
3308;POLYGON((6084241 5567368,6135937 5582636,6151892 5528135,6100457 5512944,6084241 5567368))
3112;POLYGON((-1798454 -2361544,-1746638 -2354491,-1739314 -2409118,-1790912 -2416141,-1798454 -2361544))
3577;POLYGON((-1591410 -2183617,-1539468 -2177490,-1533066 -2232696,-1584791 -2238798,-1591410 -2183617))
