4326;POLYGON((117.25 -11.25,117.75 -11.25,117.75 -11.75,117.25 -11.75,117.25 -11.25))
28348;POLYGON((1846666 8727969,1902471 8725555,1899918 8668977,1844221 8671492,1846666 8727969))
28349;POLYGON((1183453 8749083,1238357 8747863,1237044 8692219,1182239 8693490,1183453 8749083))
28350;POLYGON((527287 8756366,581865 8756273,581720 8700981,527239 8701078,527287 8756366))
28351;POLYGON((-128598 8750208,-73788 8751238,-72771 8695735,-127483 8694662,-128598 8750208))
28352;POLYGON((-790959 8730280,-735346 8732488,-733113 8676200,-788621 8673899,-790959 8730280))
28353;POLYGON((-1466863 8695483,-1409838 8698993,-1406265 8641306,-1463170 8637650,-1466863 8695483))
28354;POLYGON((-2164053 8643803,-2104935 8648823,-2099810 8589055,-2158787 8583827,-2164053 8643803))
28355;POLYGON((-2891370 8572034,-2829368 8578887,-2822364 8516244,-2884190 8509110,-2891370 8572034))
28356;POLYGON((-3659271 8475310,-3593437 8484481,-3584063 8418006,-3649671 8408467,-3659271 8475310))
28357;POLYGON((-4480480 8346400,-4409648 8358604,-4397177 8287109,-4467708 8274423,-4480480 8346400))
28358;POLYGON((-5370793 8174651,-5293508 8190940,-5276872 8112903,-5353749 8095987,-5370793 8174651))
3113;POLYGON((-4110894 1673126,-4045034 1682300,-4035656 1615800,-4101290 1606256,-4110894 1673126))
3111;POLYGON((-781146 4963149,-723666 4980231,-706544 4922059,-763720 4905068,-781146 4963149))
3107;POLYGON((-1048595 4172459,-991387 4181808,-982064 4123916,-1039004 4114611,-1048595 4172459))
3308;POLYGON((5867344 6500143,5923506 6516438,5939853 6459592,5883962 6443375,5867344 6500143))
3112;POLYGON((-1869033 -1441635,-1813557 -1434309,-1806256 -1490459,-1861509 -1497755,-1869033 -1441635))
3577;POLYGON((-1643778 -1278039,-1588292 -1271714,-1582267 -1325506,-1637543 -1331807,-1643778 -1278039))
