4326;POLYGON((117.5 -17.0,118.0 -17.0,118.0 -17.5,117.5 -17.5,117.5 -17.0))
28348;POLYGON((1839421 8077233,1893758 8073637,1889888 8017125,1835711 8020812,1839421 8077233))
28349;POLYGON((1193122 8108914,1246653 8107061,1244627 8051404,1191243 8053304,1193122 8108914))
28350;POLYGON((553222 8120377,606447 8120173,606161 8064852,553079 8065061,553222 8120377))
28351;POLYGON((-86189 8112200,-32780 8113635,-31341 8058146,-84603 8056675,-86189 8112200))
28352;POLYGON((-731004 8083973,-676916 8087119,-673678 8030951,-727609 8027724,-731004 8083973))
28353;POLYGON((-1387316 8034240,-1332029 8039261,-1326824 7981877,-1381936 7976729,-1387316 8034240))
28354;POLYGON((-2061653 7960330,-2004600 7967503,-1997143 7908322,-2053992 7900971,-2061653 7960330))
28355;POLYGON((-2761229 7858022,-2701775 7867770,-2691631 7806143,-2750836 7796160,-2761229 7858022))
28356;POLYGON((-3494228 7721002,-3431647 7733948,-3418172 7669138,-3480438 7655890,-3494228 7721002))
28357;POLYGON((-4270140 7540035,-4203582 7557087,-4185840 7488239,-4251989 7470807,-4270140 7540035))
28358;POLYGON((-5100147 7301761,-5028604 7324228,-5005245 7250345,-5076241 7227408,-5100147 7301761))
3113;POLYGON((-3945786 918523,-3883181 931474,-3869701 866639,-3931991 853386,-3945786 918523))
3111;POLYGON((-557137 4314612,-503066 4330526,-486696 4274364,-540473 4258536,-557137 4314612))
3107;POLYGON((-912729 3520778,-858538 3529505,-849608 3473223,-903538 3464538,-912729 3520778))
3308;POLYGON((6082210 5864529,6135328 5879803,6151052 5824623,6098198 5809424,6082210 5864529))
3112;POLYGON((-1756925 -2076876,-1703977 -2069991,-1696936 -2124994,-1749665 -2131850,-1756925 -2076876))
3577;POLYGON((-1544845 -1899419,-1491792 -1893477,-1485752 -1948372,-1538590 -1954291,-1544845 -1899419))
