4326;POLYGON((117.0 -23.75,117.5 -23.75,117.5 -24.25,117.0 -24.25,117.0 -23.75))
28348;POLYGON((1728982 7321098,1780733 7316572,1775659 7260322,1724124 7264919,1728982 7321098))
28349;POLYGON((1112200 7360509,1163360 7358252,1160783 7302655,1109825 7304947,1112200 7360509))
28350;POLYGON((500000 7373451,550953 7373361,550757 7318003,500000 7318094,500000 7373451))
28351;POLYGON((-112200 7360509,-61072 7362583,-58897 7307054,-109825 7304947,-112200 7360509))
28352;POLYGON((-728982 7321098,-677296 7325429,-672652 7269317,-724124 7264919,-728982 7321098))
28353;POLYGON((-1355004 7253407,-1302367 7260196,-1295039 7203080,-1347439 7196187,-1355004 7253407))
28354;POLYGON((-1995068 7154216,-1941072 7163793,-1930708 7105238,-1984429 7095521,-1995068 7154216))
28355;POLYGON((-2654156 7018571,-2598380 7031425,-2584454 6970986,-2639902 6957954,-2654156 7018571))
28356;POLYGON((-3337442 6839268,-3279448 6856103,-3261206 6793331,-3318797 6776281,-3337442 6839268))
28357;POLYGON((-4050248 6606094,-3989589 6627900,-3965969 6562370,-4026120 6540317,-4050248 6606094))
28358;POLYGON((-4797940 6304756,-4734170 6332912,-4703695 6264273,-4766811 6235846,-4797940 6304756))
3113;POLYGON((-3788940 36445,-3730923 53287,-3712674 -9509,-3770287 -26565,-3788940 36445))
3111;POLYGON((-385614 3553916,-335540 3568940,-319376 3514547,-369164 3499608,-385614 3553916))
3107;POLYGON((-840688 2761450,-790012 2769852,-781017 2714809,-831438 2706449,-840688 2761450))
3308;POLYGON((6245939 5115027,6295468 5129527,6311081 5075716,6261810 5061292,6245939 5115027))
3112;POLYGON((-1709566 -2820748,-1659578 -2814045,-1652407 -2868355,-1702178 -2875028,-1709566 -2820748))
3577;POLYGON((-1509909 -2651329,-1459799 -2645518,-1453460 -2701130,-1503352 -2706916,-1509909 -2651329))
