4326;POLYGON((116.75 -36.25,117.25 -36.25,117.25 -36.75,116.75 -36.75,116.75 -36.25))
28348;POLYGON((1557863 5923655,1603076 5917972,1595865 5862145,1550958 5867857,1557863 5923655))
28349;POLYGON((1016855 5972956,1061851 5970160,1058231 5914601,1013528 5917412,1016855 5972956))
28350;POLYGON((477539 5988293,522460 5988293,522316 5932831,477683 5932831,477539 5988293))
28351;POLYGON((-61851 5970160,-16855 5972956,-13528 5917412,-58231 5914601,-61851 5970160))
28352;POLYGON((-603076 5917972,-557863 5923655,-550958 5867857,-595865 5862145,-603076 5917972))
28353;POLYGON((-1147759 5830035,-1102201 5838791,-1091497 5782587,-1136724 5773792,-1147759 5830035))
28354;POLYGON((-1697221 5703470,-1651226 5715586,-1636373 5658866,-1682003 5646704,-1697221 5703470))
28355;POLYGON((-2252268 5534083,-2205794 5549962,-2186304 5492685,-2232364 5476760,-2252268 5534083))
28356;POLYGON((-2812876 5316196,-2765967 5336374,-2741191 5278610,-2787625 5258400,-2812876 5316196))
28357;POLYGON((-3377777 5042442,-3330598 5067602,-3299709 5009600,-3346334 4984439,-3377777 5042442))
28358;POLYGON((-3943892 4703515,-3896787 4734513,-3858751 4676795,-3905208 4645856,-3943892 4703515))
3113;POLYGON((-3264168 -1487219,-3217241 -1467034,-3192456 -1524820,-3238908 -1545038,-3264168 -1487219))
3111;POLYGON((-1795 2209273,41211 2222300,57154 2169162,14426 2156220,-1795 2209273))
3107;POLYGON((-633007 1391024,-588676 1398479,-579595 1343706,-623672 1336294,-633007 1391024))
3308;POLYGON((6617887 3776287,6661004 3789022,6676603 3735737,6633741 3723078,6617887 3776287))
3112;POLYGON((-1546647 -4184495,-1502086 -4178430,-1494702 -4233502,-1539043 -4239537,-1546647 -4184495))
3577;POLYGON((-1368431 -4042728,-1323767 -4037460,-1317385 -4092490,-1361833 -4097732,-1368431 -4042728))
