4326;POLYGON((117.25 -14.75,117.75 -14.75,117.75 -15.25,117.25 -15.25,117.25 -14.75))
28348;POLYGON((1827363 8332790,1882318 8329687,1879007 8273173,1824191 8276370,1827363 8332790))
28349;POLYGON((1173867 8359940,1227988 8358370,1226283 8302731,1172291 8304349,1173867 8359940))
28350;POLYGON((526907 8369309,580725 8369190,580538 8313883,526845 8314007,526907 8369309))
28351;POLYGON((-119792 8361387,-65758 8362712,-64438 8307206,-118344 8305841,-119792 8361387))
28352;POLYGON((-772498 8335760,-717720 8338598,-714824 8282355,-769465 8279431,-772498 8335760))
28353;POLYGON((-1437731 8291069,-1381649 8295573,-1377021 8238022,-1432949 8233381,-1437731 8291069))
28354;POLYGON((-2122550 8224828,-2064548 8231256,-2057927 8171771,-2115747 8165151,-2122550 8224828))
28355;POLYGON((-2834880 8133108,-2774254 8141853,-2765236 8079722,-2825638 8070720,-2834880 8133108))
28356;POLYGON((-3583889 8009996,-3519818 8021644,-3507804 7956034,-3571590 7944054,-3583889 8009996))
28357;POLYGON((-4380456 7846787,-4311956 7862197,-4296067 7792111,-4364193 7776276,-4380456 7846787))
28358;POLYGON((-5237730 7630786,-5163601 7651205,-5142562 7575427,-5216187 7554470,-5237730 7630786))
3113;POLYGON((-4035482 1207630,-3971386 1219283,-3959368 1153648,-4023178 1141662,-4035482 1207630))
3111;POLYGON((-660387 4560668,-605022 4577121,-588289 4520270,-643356 4503905,-660387 4560668))
3107;POLYGON((-982007 3770835,-926658 3779880,-917506 3723051,-972592 3714048,-982007 3770835))
3308;POLYGON((5982666 6106207,6036941 6121955,6052970 6066214,5998961 6050543,5982666 6106207))
3112;POLYGON((-1816688 -1832040,-1762766 -1824920,-1755565 -1880297,-1809267 -1887388,-1816688 -1832040))
3577;POLYGON((-1599873 -1656627,-1545869 -1650471,-1539764 -1704974,-1593555 -1711106,-1599873 -1656627))
