4326;POLYGON((118.25 -10.75,118.75 -10.75,118.75 -11.25,118.25 -11.25,118.25 -10.75))
28348;POLYGON((1960926 8779729,2017044 8777215,2014391 8720412,1958378 8723036,1960926 8779729))
28349;POLYGON((1294666 8802247,1349775 8800894,1348327 8745133,1293313 8746546,1294666 8802247))
28350;POLYGON((636678 8811384,691363 8811117,691041 8755808,636448 8756087,636678 8811384))
28351;POLYGON((-19898 8807636,34927 8808441,35713 8753013,-19019 8752173,-19898 8807636))
28352;POLYGON((-681859 8790800,-626321 8792720,-624384 8736599,-679823 8734594,-681859 8790800))
28353;POLYGON((-1356262 8759949,-1299405 8763092,-1296209 8705668,-1352955 8702387,-1356262 8759949))
28354;POLYGON((-2050792 8713307,-1991942 8717858,-1987300 8658457,-2046019 8653707,-2050792 8713307))
28355;POLYGON((-2774183 8648002,-2712559 8654252,-2706178 8592091,-2767639 8585572,-2774183 8648002))
28356;POLYGON((-3536736 8559652,-3471406 8568037,-3462841 8502177,-3527963 8493435,-3536736 8559652))
28357;POLYGON((-4350965 8441715,-4280783 8452883,-4269377 8382157,-4339284 8370521,-4350965 8441715))
28358;POLYGON((-5232412 8284535,-5155945 8299442,-5140730 8222355,-5216824 8206838,-5232412 8284535))
3113;POLYGON((-3988311 1757501,-3922955 1765889,-3914387 1700003,-3979534 1691258,-3988311 1757501))
3111;POLYGON((-682971 5055479,-625007 5072044,-608439 5013488,-666096 4997010,-682971 5055479))
3107;POLYGON((-943217 4248996,-885656 4257856,-876843 4199711,-934136 4190892,-943217 4248996))
3308;POLYGON((5963623 6589564,6020212 6605398,6036062 6548221,5979746 6532464,5963623 6589564))
3112;POLYGON((-1765146 -1370898,-1709390 -1363986,-1702520 -1420320,-1758053 -1427204,-1765146 -1370898))
3577;POLYGON((-1538584 -1211904,-1482840 -1205992,-1477248 -1259717,-1532782 -1265607,-1538584 -1211904))
