4326;POLYGON((118.25 -38.5,118.75 -38.5,118.75 -39.0,118.25 -39.0,118.25 -38.5))
28348;POLYGON((1657650 5654536,1701511 5647980,1692961 5592166,1649426 5598744,1657650 5654536))
28349;POLYGON((1132565 5713717,1176247 5710137,1171512 5654545,1128139 5658138,1132565 5713717))
28350;POLYGON((608999 5737966,652601 5737255,651540 5681766,608241 5682480,608999 5737966))
28351;POLYGON((85702 5728002,129331 5730139,131914 5674623,88590 5672477,85702 5728002))
28352;POLYGON((-438605 5683529,-394845 5688579,-388543 5632907,-431987 5627839,-438605 5683529))
28353;POLYGON((-965086 5603225,-921106 5611337,-910899 5555402,-954542 5547264,-965086 5603225))
28354;POLYGON((-1494611 5484693,-1450354 5496110,-1435940 5439844,-1479829 5428398,-1494611 5484693))
28355;POLYGON((-2027536 5324382,-1983000 5339446,-1963952 5282850,-2008079 5267762,-2027536 5324382))
28356;POLYGON((-2563415 5117488,-2518676 5136650,-2494432 5079834,-2538708 5060664,-2563415 5117488))
28357;POLYGON((-3100593 4857841,-3055847 4881670,-3025697 4824909,-3069913 4801105,-3100593 4857841))
28358;POLYGON((-3635682 4537800,-3591293 4566991,-3554372 4510809,-3598152 4481701,-3635682 4537800))
3113;POLYGON((-3014610 -1686005,-2969854 -1666836,-2945600 -1723674,-2989893 -1742852,-3014610 -1686005))
3111;POLYGON((196669 2007769,238614 2019756,253730 1966330,212065 1954423,196669 2007769))
3107;POLYGON((-461271 1165543,-417985 1172206,-409629 1117073,-452659 1110450,-461271 1165543))
3308;POLYGON((6815397 3573136,6857539 3584927,6872422 3531239,6830537 3519520,6815397 3573136))
3112;POLYGON((-1381546 -4415655,-1337906 -4410245,-1331126 -4465846,-1374544 -4471228,-1381546 -4415655))
3577;POLYGON((-1207678 -4274583,-1163923 -4269943,-1158232 -4324612,-1201773 -4329230,-1207678 -4274583))
