4326;POLYGON((117.75 -39.0,118.25 -39.0,118.25 -39.5,117.75 -39.5,117.75 -39.0))
28348;POLYGON((1605907 5605068,1649426 5598744,1641116 5542973,1597924 5549317,1605907 5605068))
28349;POLYGON((1084776 5661489,1128139 5658138,1123665 5602562,1080615 5605925,1084776 5661489))
28350;POLYGON((564944 5682955,608241 5682480,607475 5626989,564484 5627467,564944 5682955))
28351;POLYGON((45260 5670091,88590 5672477,91509 5616951,48488 5614557,45260 5670091))
28352;POLYGON((-475445 5622522,-431987 5627839,-425298 5572161,-468435 5566827,-475445 5622522))
28353;POLYGON((-998204 5538862,-954542 5547264,-943891 5491340,-987210 5482914,-998204 5538862))
28354;POLYGON((-1523738 5416664,-1479829 5428398,-1464906 5372178,-1508442 5360419,-1523738 5416664))
28355;POLYGON((-2052223 5252352,-2008079 5267762,-1988455 5211268,-2032183 5195839,-2052223 5252352))
28356;POLYGON((-2582988 5041130,-2538708 5060664,-2513817 5004031,-2557630 4984497,-2582988 5041130))
28357;POLYGON((-3114111 4776886,-3069913 4801105,-3039052 4744642,-3082716 4720458,-3114111 4776886))
28358;POLYGON((-3641872 4452117,-3598152 4481701,-3560470 4425973,-3603578 4396487,-3641872 4452117))
3113;POLYGON((-3034191 -1762393,-2989893 -1742852,-2964993 -1799507,-3008822 -1819048,-3034191 -1762393))
3111;POLYGON((170463 1942297,212065 1954423,227468 1901057,186146 1889013,170463 1942297))
3107;POLYGON((-495659 1103627,-452659 1110450,-444038 1055291,-486782 1048508,-495659 1103627))
3308;POLYGON((6788708 3507600,6830537 3519520,6845692 3465851,6804119 3454004,6788708 3507600))
3112;POLYGON((-1417941 -4476784,-1374544 -4471228,-1367528 -4526914,-1410704 -4532441,-1417941 -4476784))
3577;POLYGON((-1245296 -4334018,-1201773 -4329230,-1195881 -4383764,-1239191 -4388530,-1245296 -4334018))
