4326;POLYGON((117.75 -15.0,118.25 -15.0,118.25 -15.5,117.75 -15.5,117.75 -15.0))
28348;POLYGON((1880676 8301429,1935656 8298142,1932149 8241535,1877312 8244919,1880676 8301429))
28349;POLYGON((1227142 8330550,1281248 8328831,1279384 8273141,1225410 8274912,1227142 8330550))
28350;POLYGON((580632 8341537,634393 8341294,634076 8285979,580442 8286229,580632 8341537))
28351;POLYGON((-65103 8334959,-11171 8336180,-9958 8280712,-63762 8279454,-65103 8334959))
28352;POLYGON((-716284 8310476,-661656 8313225,-658851 8257068,-713341 8254237,-716284 8310476))
28353;POLYGON((-1379354 8266795,-1323479 8271219,-1318932 8213810,-1374652 8209255,-1379354 8266795))
28354;POLYGON((-2061263 8201508,-2003535 8207856,-1996991 8148579,-2054537 8142045,-2061263 8201508))
28355;POLYGON((-2769780 8110777,-2709512 8119435,-2700576 8057594,-2760622 8048687,-2769780 8110777))
28356;POLYGON((-3513857 7988822,-3450247 8000364,-3438332 7935145,-3501660 7923281,-3513857 7988822))
28357;POLYGON((-4304070 7827126,-4236163 7842390,-4220409 7772828,-4287947 7757152,-4304070 7827126))
28358;POLYGON((-5153156 7613272,-5079793 7633479,-5058952 7558399,-5131819 7537671,-5153156 7613272))
3113;POLYGON((-3965423 1186448,-3901788 1197994,-3889869 1132750,-3953221 1120882,-3965423 1186448))
3111;POLYGON((-596649 4548674,-541348 4564793,-524939 4507941,-579942 4491909,-596649 4548674))
3107;POLYGON((-922079 3751448,-866821 3760216,-857942 3703413,-912938 3694686,-922079 3751448))
3308;POLYGON((6044961 6094066,6099178 6109516,6114919 6053770,6060969 6038396,6044961 6094066))
3112;POLYGON((-1759164 -1852620,-1705324 -1845728,-1698349 -1901086,-1751969 -1907950,-1759164 -1852620))
3577;POLYGON((-1542818 -1677711,-1488897 -1671779,-1483001 -1726350,-1536708 -1732260,-1542818 -1677711))
