4326;POLYGON((118.5 -38.25,119.0 -38.25,119.0 -38.75,118.5 -38.75,118.5 -38.25))
28348;POLYGON((1683738 5679200,1727771 5672528,1719103 5616690,1675396 5623386,1683738 5679200))
28349;POLYGON((1156676 5739752,1200519 5736058,1195654 5680456,1152121 5684164,1156676 5739752))
28350;POLYGON((631251 5765382,675005 5764554,673799 5709066,630346 5709897,631251 5765382))
28351;POLYGON((106161 5756860,149939 5758874,152355 5703363,108881 5701340,106161 5756860))
28352;POLYGON((-419927 5713930,-376017 5718846,-369906 5663178,-413502 5658243,-419927 5713930))
28353;POLYGON((-948241 5635302,-904105 5643268,-894117 5587329,-937919 5579336,-948241 5635302))
28354;POLYGON((-1479726 5518605,-1435299 5529862,-1421137 5473576,-1465198 5462288,-1479726 5518605))
28355;POLYGON((-2014829 5360304,-1970100 5375193,-1951339 5318551,-1995660 5303635,-2014829 5360304))
28356;POLYGON((-2553213 5155596,-2508250 5174569,-2484327 5117667,-2528830 5098681,-2553213 5155596))
28357;POLYGON((-3093359 4898284,-3048345 4921914,-3018549 4865010,-3063037 4841399,-3093359 4898284))
28358;POLYGON((-3632046 4580665,-3587330 4609653,-3550791 4553252,-3594901 4524339,-3632046 4580665))
3113;POLYGON((-3004404 -1647883,-2959423 -1628902,-2935491 -1685827,-2980011 -1704820,-3004404 -1647883))
3111;POLYGON((210007 2040476,252124 2052393,267097 1998937,225261 1987099,210007 2040476))
3107;POLYGON((-443870 1196433,-400442 1203015,-392218 1147894,-435391 1141351,-443870 1196433))
3308;POLYGON((6828960 3605865,6871259 3617591,6886007 3563892,6843965 3552237,6828960 3605865))
3112;POLYGON((-1363169 -4385176,-1319408 -4379839,-1312745 -4435399,-1356285 -4440708,-1363169 -4385176))
3577;POLYGON((-1188705 -4244873,-1144834 -4240306,-1139245 -4295040,-1182902 -4299584,-1188705 -4244873))
