4326;POLYGON((118.5 -33.75,119.0 -33.75,119.0 -34.25,118.5 -34.25,118.5 -33.75))
28348;POLYGON((1754754 6182511,1801568 6176146,1793752 6120094,1747233 6126501,1754754 6182511))
28349;POLYGON((1195394 6240189,1241865 6236675,1237492 6181034,1191299 6184572,1195394 6240189))
28350;POLYGON((638932 6264552,685249 6263766,684166 6208314,638120 6209106,638932 6264552))
28351;POLYGON((83056 6256455,129414 6258369,131583 6202879,85498 6200951,83056 6256455))
28352;POLYGON((-474571 6215614,-427979 6220295,-422481 6164540,-468788 6159827,-474571 6215614))
28353;POLYGON((-1036212 6140589,-989203 6148203,-980183 6091969,-1026886 6084306,-1036212 6140589))
28354;POLYGON((-1603932 6028699,-1556345 6039520,-1543484 5982620,-1590731 5971736,-1603932 6028699))
28355;POLYGON((-2179435 5875869,-2131147 5890296,-2113975 5832591,-2161877 5818093,-2179435 5875869))
28356;POLYGON((-2763806 5676405,-2714759 5694980,-2692637 5636417,-2741237 5617772,-2763806 5676405))
28357;POLYGON((-3357165 5422687,-3307396 5446127,-3279482 5386794,-3328723 5363299,-3357165 5422687))
28358;POLYGON((-3958173 5104787,-3907865 5134020,-3873071 5074231,-3922748 5044984,-3958173 5104787))
3113;POLYGON((-3215080 -1126871,-3166013 -1108288,-3143882 -1166874,-3192501 -1185526,-3215080 -1126871))
3111;POLYGON((72770 2520694,117411 2533325,132388 2479855,88028 2467303,72770 2520694))
3107;POLYGON((-519856 1690071,-474143 1696999,-465974 1642245,-511434 1635355,-519856 1690071))
3308;POLYGON((6694357 4086938,6738960 4099303,6753636 4045868,6709288 4033574,6694357 4086938))
3112;POLYGON((-1424616 -3889507,-1378882 -3883929,-1372311 -3938722,-1417826 -3944272,-1424616 -3889507))
3577;POLYGON((-1241353 -3748505,-1195539 -3743737,-1189875 -3799199,-1235473 -3803945,-1241353 -3748505))
