4326;POLYGON((118.5 -14.25,119.0 -14.25,119.0 -14.75,118.5 -14.75,118.5 -14.25))
28348;POLYGON((1968337 8381457,2023674 8378123,2020128 8321341,1964929 8324782,1968337 8381457))
28349;POLYGON((1311098 8411502,1365474 8409680,1363511 8353903,1309261 8355783,1311098 8411502))
28350;POLYGON((661825 8424103,715784 8423697,715301 8368367,661463 8368786,661825 8424103))
28351;POLYGON((14129 8419920,68197 8420910,69167 8365491,15222 8364470,14129 8419920))
28352;POLYGON((-638312 8398737,-583604 8401173,-581129 8345124,-635707 8342611,-638312 8398737))
28353;POLYGON((-1302028 8359429,-1246121 8363442,-1242009 8306195,-1297771 8302055,-1302028 8359429))
28354;POLYGON((-1984040 8299821,-1926323 8305639,-1920342 8246573,-1977890 8240574,-1984040 8299821))
28355;POLYGON((-2692196 8216406,-2631974 8224382,-2623764 8162795,-2683779 8154573,-2692196 8216406))
28356;POLYGON((-3435556 8103863,-3372016 8114526,-3361037 8049595,-3424314 8038612,-3435556 8103863))
28357;POLYGON((-4224860 7954320,-4157030 7968447,-4142487 7899187,-4209974 7884649,-4224860 7954320))
28358;POLYGON((-5073106 7756263,-4999801 7774987,-4980538 7700191,-5053382 7680943,-5073106 7756263))
3113;POLYGON((-3887091 1301534,-3823526 1312201,-3812543 1247245,-3875845 1236257,-3887091 1301534))
3111;POLYGON((-538148 4658412,-482271 4674221,-466237 4616980,-521814 4601255,-538148 4658412))
3107;POLYGON((-852336 3849998,-796623 3858442,-788108 3801372,-843558 3792967,-852336 3849998))
3308;POLYGON((6102826 6201088,6157555 6216260,6172955 6160186,6118495 6145089,6102826 6201088))
3112;POLYGON((-1688712 -1759125,-1634501 -1752514,-1627840 -1808057,-1681830 -1814641,-1688712 -1759125))
3577;POLYGON((-1470594 -1587189,-1416319 -1581540,-1410758 -1636007,-1464819 -1641634,-1470594 -1587189))
