4326;POLYGON((118.25 -10.0,118.75 -10.0,118.75 -10.5,118.25 -10.5,118.25 -10.0))
28348;POLYGON((1964534 8864783,2020801 8862436,2018326 8805620,1962157 8808078,1964534 8864783))
28349;POLYGON((1296580 8885800,1351825 8884537,1350474 8828775,1295319 8830098,1296580 8885800))
28350;POLYGON((637004 8894327,691820 8894078,691519 8838771,636789 8839032,637004 8894327))
28351;POLYGON((-21143 8890829,33814 8891581,34547 8836154,-20323 8835367,-21143 8890829))
28352;POLYGON((-684743 8875116,-629063 8876909,-627257 8820782,-682843 8818904,-684743 8875116))
28353;POLYGON((-1360946 8846318,-1303930 8849252,-1300949 8791809,-1357860 8788735,-1360946 8846318))
28354;POLYGON((-2057555 8802765,-1998517 8807016,-1994185 8747570,-2053099 8743119,-2057555 8802765))
28355;POLYGON((-2783458 8741756,-2721604 8747596,-2715645 8685353,-2777347 8679240,-2783458 8741756))
28356;POLYGON((-3549178 8659161,-3483552 8667003,-3475548 8601002,-3540979 8592797,-3549178 8659161))
28357;POLYGON((-4367546 8548809,-4296972 8559264,-4286303 8488305,-4356618 8477373,-4367546 8548809))
28358;POLYGON((-5254564 8401573,-5177563 8415544,-5163312 8338081,-5239961 8323484,-5254564 8401573))
3113;POLYGON((-4000758 1857049,-3935107 1864893,-3927100 1798867,-3992556 1790659,-4000758 1857049))
3111;POLYGON((-708400 5143583,-649973 5160280,-633314 5101402,-691432 5084793,-708400 5143583))
3107;POLYGON((-956891 4336480,-898925 4345403,-890072 4286994,-947768 4278113,-956891 4336480))
3308;POLYGON((5939341 6675555,5996342 6691504,6012268 6634054,5955542 6618182,5939341 6675555))
3112;POLYGON((-1775819 -1286189,-1719725 -1279235,-1712831 -1335769,-1768700 -1342695,-1775819 -1286189))
3577;POLYGON((-1547264 -1131568,-1491206 -1125622,-1485632 -1179173,-1541481 -1185096,-1547264 -1131568))
