4326;POLYGON((118.0 -42.25,118.5 -42.25,118.5 -42.75,118.0 -42.75,118.0 -42.25))
28348;POLYGON((1573238 5239853,1614578 5233308,1605553 5177671,1564560 5184224,1573238 5239853))
28349;POLYGON((1077586 5298680,1118863 5295149,1113921 5239589,1072977 5243125,1077586 5298680))
28350;POLYGON((582493 5321981,623740 5321376,622758 5265855,581838 5266461,582493 5321981))
28351;POLYGON((87485 5310347,128745 5312652,131698 5257118,90768 5254809,87485 5310347))
28352;POLYGON((-407935 5263483,-366624 5268757,-359662 5213162,-400633 5207881,-407935 5263483))
28353;POLYGON((-904129 5180204,-862747 5188579,-851603 5132901,-892626 5124519,-904129 5180204))
28354;POLYGON((-1401117 5058418,-1359680 5070105,-1344077 5014369,-1385128 5002681,-1401117 5058418))
28355;POLYGON((-1898353 4895099,-1856934 4910386,-1836494 4854696,-1877489 4839421,-1898353 4895099))
28356;POLYGON((-2394424 4686272,-2353185 4705526,-2327423 4650102,-2368194 4630885,-2394424 4686272))
28357;POLYGON((-2886669 4427027,-2845888 4450692,-2814220 4395924,-2854479 4372338,-2886669 4427027))
28358;POLYGON((-3370674 4111587,-3330802 4140175,-3292557 4086692,-3331848 4058250,-3370674 4111587))
3113;POLYGON((-2845554 -2117389,-2804298 -2098128,-2778526 -2153573,-2819313 -2172798,-2845554 -2117389))
3111;POLYGON((292450 1601205,332259 1612694,347590 1559047,308063 1547638,292450 1601205))
3107;POLYGON((-417074 747269,-375725 753732,-367147 698007,-408238 691585,-417074 747269))
3308;POLYGON((6909286 3163818,6949468 3175165,6964623 3121001,6924700 3109728,6909286 3163818))
3112;POLYGON((-1349635 -4838105,-1307676 -4832819,-1300664 -4889384,-1342397 -4894642,-1349635 -4838105))
3577;POLYGON((-1184793 -4683740,-1142640 -4679185,-1136947 -4732858,-1178891 -4737390,-1184793 -4683740))
