4326;POLYGON((118.25 -11.25,118.75 -11.25,118.75 -11.75,118.25 -11.75,118.25 -11.25))
28348;POLYGON((1958378 8723036,2014391 8720412,2011619 8663618,1955716 8666352,1958378 8723036))
28349;POLYGON((1293313 8746546,1348327 8745133,1346814 8689374,1291901 8690847,1293313 8746546))
28350;POLYGON((636448 8756087,691041 8755808,690704 8700497,636207 8700788,636448 8756087))
28351;POLYGON((-19019 8752173,35713 8753013,36534 8697585,-18100 8696709,-19019 8752173))
28352;POLYGON((-679823 8734594,-624384 8736599,-622361 8680483,-677695 8678394,-679823 8734594))
28353;POLYGON((-1352955 8702387,-1296209 8705668,-1292872 8648260,-1349500 8644842,-1352955 8702387))
28354;POLYGON((-2046019 8653707,-1987300 8658457,-1982453 8599087,-2041034 8594141,-2046019 8653707))
28355;POLYGON((-2767639 8585572,-2706178 8592091,-2699516 8529988,-2760808 8523202,-2767639 8585572))
28356;POLYGON((-3527963 8493435,-3462841 8502177,-3453905 8436416,-3518810 8427321,-3527963 8493435))
28357;POLYGON((-4339284 8370521,-4269377 8382157,-4257486 8311593,-4327106 8299496,-4339284 8370521))
28358;POLYGON((-5216824 8206838,-5140730 8222355,-5124881 8145531,-5200587 8129414,-5216824 8206838))
3113;POLYGON((-3979534 1691258,-3914387 1700003,-3905448 1634217,-3970378 1625118,-3979534 1691258))
3111;POLYGON((-666096 4997010,-608439 5013488,-591930 4955139,-649280 4938750,-666096 4997010))
3107;POLYGON((-934136 4190892,-876843 4199711,-868056 4141736,-925081 4132958,-934136 4190892))
3308;POLYGON((5979746 6532464,6036062 6548221,6051864 6491221,5995820 6475540,5979746 6532464))
3112;POLYGON((-1758053 -1427204,-1702520 -1420320,-1695666 -1476526,-1750975 -1483383,-1758053 -1427204))
3577;POLYGON((-1532782 -1265607,-1477248 -1259717,-1471644 -1313554,-1526967 -1319422,-1532782 -1265607))
