4326;POLYGON((118.0 -11.75,118.5 -11.75,118.5 -12.25,118.0 -12.25,118.0 -11.75))
28348;POLYGON((1927804 8667678,1983654 8664999,1980822 8608270,1925085 8611056,1927804 8667678))
28349;POLYGON((1264466 8691545,1319350 8690123,1317824 8634396,1263044 8635875,1264466 8691545))
28350;POLYGON((608963 8700896,663454 8700654,663153 8645348,608762 8645600,608963 8700896))
28351;POLYGON((-45431 8696235,9221 8697159,10128 8641713,-44422 8640751,-45431 8696235))
28352;POLYGON((-705393 8677310,-650017 8679451,-647853 8623298,-703120 8621071,-705393 8677310))
28353;POLYGON((-1377865 8643089,-1321169 8646565,-1317628 8589105,-1374202 8585490,-1377865 8643089))
28354;POLYGON((-2070397 8591616,-2011719 8596631,-2006596 8537197,-2065129 8531984,-2070397 8591616))
28355;POLYGON((-2791553 8519745,-2730130 8526617,-2723102 8464442,-2784347 8457303,-2791553 8519745))
28356;POLYGON((-3551393 8422692,-3486315 8431896,-3476898 8366065,-3541749 8356508,-3551393 8422692))
28357;POLYGON((-4362085 8293339,-4292240 8305581,-4279720 8234960,-4349264 8222260,-4362085 8293339))
28358;POLYGON((-5238656 8121209,-5162662 8137521,-5145987 8060677,-5221574 8043769,-5238656 8121209))
3113;POLYGON((-4002973 1620487,-3937870 1629695,-3928450 1563838,-3993326 1554277,-4002973 1620487))
3111;POLYGON((-677923 4930442,-620616 4946982,-604011 4888881,-661014 4872428,-677923 4930442))
3107;POLYGON((-953577 4128470,-896574 4137380,-887678 4079591,-944415 4070723,-953577 4128470))
3308;POLYGON((5967827 6467600,6023833 6483414,6039723 6426624,5983988 6410886,5967827 6467600))
3112;POLYGON((-1778619 -1486893,-1723324 -1479927,-1716373 -1535996,-1771445 -1542934,-1778619 -1486893))
3577;POLYGON((-1554620 -1322437,-1499309 -1316461,-1493588 -1370398,-1548688 -1376351,-1554620 -1322437))
