4326;POLYGON((117.75 -10.75,118.25 -10.75,118.25 -11.25,117.75 -11.25,117.75 -10.75))
28348;POLYGON((1904915 8782142,1960926 8779729,1958378 8723036,1902471 8725555,1904915 8782142))
28349;POLYGON((1239614 8803508,1294666 8802247,1293313 8746546,1238357 8747863,1239614 8803508))
28350;POLYGON((582003 8811562,636678 8811384,636448 8756087,581865 8756273,582003 8811562))
28351;POLYGON((-74761 8806741,-19898 8807636,-19019 8752173,-73788 8751238,-74761 8806741))
28352;POLYGON((-737483 8788782,-681859 8790800,-679823 8734594,-735346 8732488,-737483 8788782))
28353;POLYGON((-1413259 8756696,-1356262 8759949,-1352955 8702387,-1409838 8698993,-1413259 8756696))
28354;POLYGON((-2109842 8708627,-2050792 8713307,-2046019 8653707,-2104935 8648823,-2109842 8708627))
28355;POLYGON((-2836077 8641594,-2774183 8648002,-2767639 8585572,-2829368 8578887,-2836077 8641594))
28356;POLYGON((-3602422 8551063,-3536736 8559652,-3527963 8493435,-3593437 8484481,-3602422 8551063))
28357;POLYGON((-4421611 8430276,-4350965 8441715,-4339284 8370521,-4409648 8358604,-4421611 8430276))
28358;POLYGON((-5309480 8269262,-5232412 8284535,-5216824 8206838,-5293508 8190940,-5309480 8269262))
3113;POLYGON((-4054023 1748909,-3988311 1757501,-3979534 1691258,-4045034 1682300,-4054023 1748909))
3111;POLYGON((-740848 5038610,-682971 5055479,-666096 4997010,-723666 4980231,-740848 5038610))
3107;POLYGON((-1000737 4239869,-943217 4248996,-934136 4190892,-991387 4181808,-1000737 4239869))
3308;POLYGON((5907109 6573460,5963623 6589564,5979746 6532464,5923506 6516438,5907109 6573460))
3112;POLYGON((-1820875 -1378031,-1765146 -1370898,-1758053 -1427204,-1813557 -1434309,-1820875 -1378031))
3577;POLYGON((-1594305 -1218035,-1538584 -1211904,-1532782 -1265607,-1588292 -1271714,-1594305 -1218035))
