4326;POLYGON((118.0 -24.25,118.5 -24.25,118.5 -24.75,118.0 -24.75,118.0 -24.25))
28348;POLYGON((1827260 7255525,1878928 7250527,1873313 7194145,1821868 7199218,1827260 7255525))
28349;POLYGON((1211776 7300176,1262804 7297509,1259764 7241835,1208943 7244542,1211776 7300176))
28350;POLYGON((601517 7317730,652282 7317275,651680 7261902,601116 7262364,601517 7317730))
28351;POLYGON((-7998 7308975,42875 7310711,44685 7255237,-5984 7253475,-7998 7308975))
28352;POLYGON((-621239 7273518,-569883 7277523,-565580 7221546,-616721 7217481,-621239 7273518))
28353;POLYGON((-1242731 7209754,-1190513 7216211,-1183521 7159321,-1235503 7152768,-1242731 7209754))
28354;POLYGON((-1877112 7114703,-1823639 7123919,-1813630 7065695,-1866832 7056348,-1877112 7114703))
28355;POLYGON((-2529165 6983718,-2474033 6996155,-2460510 6936168,-2515320 6923565,-2529165 6983718))
28356;POLYGON((-3203809 6810012,-3146604 6826332,-3128854 6764155,-3185666 6747633,-3203809 6810012))
28357;POLYGON((-3906047 6583959,-3846352 6605095,-3823370 6540326,-3882573 6518958,-3906047 6583959))
28358;POLYGON((-4640842 6292104,-4578248 6319353,-4548640 6251667,-4610603 6224164,-4640842 6292104))
3113;POLYGON((-3655254 7178,-3598027 23505,-3580269 -38696,-3637104 -55224,-3655254 7178))
3111;POLYGON((-269510 3529224,-219567 3543638,-204002 3489173,-253659 3474841,-269510 3529224))
3107;POLYGON((-730558 2722935,-680061 2730827,-671585 2675762,-721826 2667909,-730558 2722935))
3308;POLYGON((6360421 5089904,6409828 5103856,6424906 5049965,6375757 5036087,6360421 5089904))
3112;POLYGON((-1602609 -2861879,-1552786 -2855602,-1546049 -2909947,-1595656 -2916197,-1602609 -2861879))
3577;POLYGON((-1403545 -2695539,-1353608 -2690144,-1347702 -2745833,-1397420 -2751204,-1403545 -2695539))
