4326;POLYGON((118.5 -35.5,119.0 -35.5,119.0 -36.0,118.5 -36.0,118.5 -35.5))
28348;POLYGON((1728022 5986571,1773786 5980067,1765631 5924097,1720175 5930636,1728022 5986571))
28349;POLYGON((1180833 6045543,1226315 6041948,1221747 5986321,1176556 5989937,1180833 6045543))
28350;POLYGON((636044 6070472,681398 6069667,680266 6014201,635196 6015011,636044 6070472))
28351;POLYGON((91743 6062185,137130 6064144,139398 6008645,94295 6006675,91743 6062185))
28352;POLYGON((-454012 6020407,-408431 6025194,-402690 5969473,-447975 5964659,-454012 6020407))
28353;POLYGON((-1003075 5943750,-957151 5951525,-947747 5895404,-993353 5887589,-1003075 5943750))
28354;POLYGON((-1557061 5829639,-1510674 5840664,-1497293 5784001,-1543329 5772925,-1557061 5829639))
28355;POLYGON((-2117163 5674189,-2070236 5688842,-2052423 5631549,-2098956 5616842,-2117163 5674189))
28356;POLYGON((-2683877 5472027,-2636403 5490819,-2613547 5432904,-2660567 5414065,-2683877 5472027))
28357;POLYGON((-3256624 5216065,-3208705 5239657,-3180011 5181279,-3227401 5157662,-3256624 5216065))
28358;POLYGON((-3833240 4897216,-3785131 4926450,-3749592 4868008,-3797078 4838797,-3833240 4897216))
3113;POLYGON((-3135119 -1331327,-3087627 -1312529,-3064762 -1370466,-3111801 -1389312,-3135119 -1331327))
3111;POLYGON((126153 2333895,169813 2346248,184778 2292823,141399 2280549,126153 2333895))
3107;POLYGON((-490361 1498457,-445534 1505251,-437350 1450397,-481923 1443641,-490361 1498457))
3308;POLYGON((6746634 3900101,6790342 3912218,6805034 3858721,6761582 3846676,6746634 3900101))
3112;POLYGON((-1400816 -4081486,-1355847 -4076003,-1349246 -4131047,-1393996 -4136504,-1400816 -4081486))
3577;POLYGON((-1220801 -3942271,-1175745 -3937582,-1170106 -3992812,-1214945 -3997479,-1220801 -3942271))
