4326;POLYGON((117.75 -11.75,118.25 -11.75,118.25 -12.25,117.75 -12.25,117.75 -11.75))
28348;POLYGON((1899918 8668977,1955716 8666352,1952940 8609677,1897255 8612406,1899918 8668977))
28349;POLYGON((1237044 8692219,1291901 8690847,1290427 8635148,1235675 8636575,1237044 8692219))
28350;POLYGON((581720 8700981,636207 8700788,635957 8645486,581570 8645688,581720 8700981))
28351;POLYGON((-72771 8695735,-18100 8696709,-17142 8641245,-71711 8640232,-72771 8695735))
28352;POLYGON((-733113 8676200,-677695 8678394,-675476 8622199,-730785 8619917,-733113 8676200))
28353;POLYGON((-1406265 8641306,-1349500 8644842,-1345898 8587313,-1402539 8583636,-1406265 8641306))
28354;POLYGON((-2099810 8589055,-2041034 8594141,-2035838 8534609,-2094469 8529323,-2099810 8589055))
28355;POLYGON((-2822364 8516244,-2760808 8523202,-2753691 8460895,-2815068 8453666,-2822364 8516244))
28356;POLYGON((-3584063 8418006,-3518810 8427321,-3509281 8361315,-3574303 8351643,-3584063 8418006))
28357;POLYGON((-4397177 8287109,-4327106 8299496,-4314436 8228648,-4384203 8215796,-4397177 8287109))
28358;POLYGON((-5276872 8112903,-5200587 8129414,-5183709 8052274,-5259582 8035161,-5276872 8112903))
3113;POLYGON((-4035656 1615800,-3970378 1625118,-3960845 1559086,-4025893 1549411,-4035656 1615800))
3111;POLYGON((-706544 4922059,-649280 4938750,-632524 4880692,-689483 4864090,-706544 4922059))
3107;POLYGON((-982064 4123916,-925081 4132958,-916051 4075190,-972767 4066191,-982064 4123916))
3308;POLYGON((5939853 6459592,5995820 6475540,6011846 6418788,5956150 6402917,5939853 6459592))
3112;POLYGON((-1806256 -1490459,-1750975 -1483383,-1743913 -1539438,-1798971 -1546486,-1806256 -1490459))
3577;POLYGON((-1582267 -1325506,-1526967 -1319422,-1521141 -1373347,-1576230 -1379408,-1582267 -1325506))
