4326;POLYGON((118.5 -38.0,119.0 -38.0,119.0 -38.5,118.5 -38.5,118.5 -38.0))
28348;POLYGON((1687877 5707115,1732071 5700456,1723448 5644606,1679578 5651290,1687877 5707115))
28349;POLYGON((1158936 5767547,1202931 5763860,1198093 5708256,1154405 5711958,1158936 5767547))
28350;POLYGON((631699 5793123,675603 5792297,674403 5736811,630800 5737640,631699 5793123))
28351;POLYGON((104812 5784619,148741 5786629,151144 5731119,107518 5729100,104812 5784619))
28352;POLYGON((-423114 5741777,-379048 5746684,-372970 5691011,-416723 5686085,-423114 5741777))
28353;POLYGON((-953362 5663298,-909059 5671250,-899124 5615294,-943094 5607314,-953362 5663298))
28354;POLYGON((-1486937 5546790,-1442328 5558031,-1428235 5501710,-1472479 5490437,-1486937 5546790))
28355;POLYGON((-2024350 5388685,-1979419 5403559,-1960740 5346857,-2005266 5331954,-2024350 5388685))
28356;POLYGON((-2565334 5184124,-2520141 5203089,-2496311 5146095,-2541044 5127115,-2565334 5184124))
28357;POLYGON((-3108450 4926829,-3063172 4950465,-3033470 4893429,-3078222 4869808,-3108450 4926829))
28358;POLYGON((-3650558 4608968,-3605537 4637990,-3569081 4581407,-3613494 4552455,-3650558 4608968))
3113;POLYGON((-3016530 -1619343,-2971320 -1600371,-2947480 -1657387,-2992231 -1676375,-3016530 -1619343))
3111;POLYGON((202382 2067159,244639 2079115,259610 2025667,217633 2013790,202382 2067159))
3107;POLYGON((-448106 1223952,-404550 1230553,-396331 1175462,-439632 1168900,-448106 1223952))
3308;POLYGON((6821463 3632661,6863890 3644422,6878631 3590747,6836461 3579057,6821463 3632661))
3112;POLYGON((-1366606 -4357449,-1322735 -4352099,-1316078 -4407605,-1359729 -4412929,-1366606 -4357449))
3577;POLYGON((-1191611 -4217478,-1147633 -4212901,-1142038 -4267686,-1185803 -4272242,-1191611 -4217478))
