4326;POLYGON((118.5 -14.5,119.0 -14.5,119.0 -15.0,118.5 -15.0,118.5 -14.5))
28348;POLYGON((1966648 8353118,2021916 8349731,2018311 8292955,1963183 8296448,1966648 8353118))
28349;POLYGON((1310187 8383642,1364501 8381791,1362505 8326015,1308320 8327924,1310187 8383642))
28350;POLYGON((661646 8396445,715544 8396032,715053 8340702,661277 8341127,661646 8396445))
28351;POLYGON((14671 8392195,68678 8393200,69665 8337781,15782 8336745,14671 8392195))
28352;POLYGON((-637021 8370673,-582377 8373148,-579861 8317102,-634372 8314550,-637021 8370673))
28353;POLYGON((-1299917 8330740,-1244082 8334816,-1239901 8277578,-1295589 8273375,-1299917 8330740))
28354;POLYGON((-1980991 8270192,-1923357 8276102,-1917278 8217055,-1974739 8210965,-1980991 8270192))
28355;POLYGON((-2688022 8185481,-2627902 8193580,-2619559 8132028,-2679468 8123685,-2688022 8185481))
28356;POLYGON((-3429980 8071222,-3366570 8082045,-3355416 8017175,-3418559 8006033,-3429980 8071222))
28357;POLYGON((-4217475 7919459,-4149815 7933793,-4135047 7864632,-4202359 7849890,-4217475 7919459))
28358;POLYGON((-5063318 7718563,-4990242 7737550,-4970691 7662912,-5043301 7643406,-5063318 7718563))
3113;POLYGON((-3881513 1268880,-3818078 1279708,-3806920 1214812,-3870088 1203666,-3881513 1268880))
3111;POLYGON((-529974 4629811,-474248 4645579,-458239 4588426,-513665 4572743,-529974 4629811))
3107;POLYGON((-847944 3821465,-792363 3829889,-783858 3772889,-839176 3764504,-847944 3821465))
3308;POLYGON((6110666 6173070,6165260 6188205,6180640 6132204,6126314 6117144,6110666 6173070))
3112;POLYGON((-1685270 -1786895,-1631169 -1780298,-1624514 -1835792,-1678394 -1842362,-1685270 -1786895))
3577;POLYGON((-1467708 -1614400,-1413540 -1608762,-1407973 -1663276,-1461928 -1668892,-1467708 -1614400))
