4326;POLYGON((117.75 -12.5,118.25 -12.5,118.25 -13.0,117.75 -13.0,117.75 -12.5))
28348;POLYGON((1895884 8584124,1951510 8581344,1948564 8524683,1893058 8527566,1895884 8584124))
28349;POLYGON((1234969 8608753,1289668 8607300,1288104 8551603,1233515 8553111,1234969 8608753))
28350;POLYGON((581492 8618040,635827 8617835,635561 8562531,581333 8562744,581492 8618040))
28351;POLYGON((-71164 8612480,-16648 8613513,-15631 8558048,-70039 8556977,-71164 8612480))
28352;POLYGON((-729585 8591778,-674333 8594103,-671978 8537916,-727114 8535504,-729585 8591778))
28353;POLYGON((-1400620 8554808,-1344042 8558554,-1340221 8501050,-1396668 8497166,-1400620 8554808))
28354;POLYGON((-2091717 8499471,-2033162 8504856,-2027652 8445378,-2086053 8439796,-2091717 8499471))
28355;POLYGON((-2811311 8422403,-2750027 8429766,-2742484 8367558,-2803579 8359929,-2811311 8422403))
28356;POLYGON((-3569280 8318505,-3504375 8328353,-3494285 8262514,-3558947 8252318,-3569280 8318505))
28357;POLYGON((-4377529 8180210,-4307918 8193291,-4294518 8122718,-4363809 8109184,-4377529 8180210))
28358;POLYGON((-5250693 7996403,-5175033 8013813,-5157209 7937116,-5232436 7919122,-5250693 7996403))
3113;POLYGON((-4020868 1516260,-3955938 1526111,-3945844 1460247,-4010531 1450046,-4020868 1516260))
3111;POLYGON((-680974 4835180,-624167 4851738,-607495 4793975,-663999 4777506,-680974 4835180))
3107;POLYGON((-968129 4037388,-911546 4046366,-902554 3988837,-958871 3979901,-968129 4037388))
3308;POLYGON((5964280 6374642,6019841 6390475,6035796 6333972,5980506 6318216,5964280 6374642))
3112;POLYGON((-1795334 -1574454,-1740387 -1567420,-1733347 -1623299,-1788072 -1630304,-1795334 -1574454))
3577;POLYGON((-1573207 -1406400,-1518223 -1400350,-1512380 -1454436,-1567151 -1460462,-1573207 -1406400))
