4326;POLYGON((118.25 -42.75,118.75 -42.75,118.75 -43.25,118.25 -43.25,118.25 -42.75))
28348;POLYGON((1585056 5180980,1626051 5174299,1616769 5118682,1576125 5125369,1585056 5180980))
28349;POLYGON((1093449 5241388,1134395 5237729,1129238 5182171,1088629 5185834,1093449 5241388))
28350;POLYGON((602298 5266189,643218 5265461,642061 5209935,601471 5210664,602298 5266189))
28351;POLYGON((111234 5255994,152162 5258181,154977 5202646,114381 5200457,111234 5255994))
28352;POLYGON((-380147 5210553,-339179 5215707,-332324 5160126,-372949 5154967,-380147 5210553))
28353;POLYGON((-872114 5128743,-831093 5136993,-820030 5081353,-860690 5073099,-872114 5128743))
28354;POLYGON((-1364603 5008561,-1323552 5020107,-1308017 4964443,-1348679 4952898,-1364603 5008561))
28355;POLYGON((-1856993 4847097,-1815993 4862216,-1795616 4806640,-1836193 4791536,-1856993 4847097))
28356;POLYGON((-2347812 4640537,-2307027 4659582,-2281340 4604319,-2321659 4585316,-2347812 4640537))
28357;POLYGON((-2834357 4384179,-2794069 4407573,-2762511 4353019,-2802281 4329708,-2834357 4384179))
28358;POLYGON((-3312216 4072525,-3272872 4100754,-3234800 4047536,-3273570 4019455,-3312216 4072525))
3113;POLYGON((-2798923 -2163143,-2758122 -2144090,-2732425 -2199374,-2772759 -2218385,-2798923 -2163143))
3111;POLYGON((327819 1553368,367376 1564673,382582 1510932,343307 1499707,327819 1553368))
3107;POLYGON((-387696 694820,-346590 701147,-338126 645300,-378973 639012,-387696 694820))
3308;POLYGON((6944655 3115389,6984604 3126566,6999654 3072278,6959964 3061173,6944655 3115389))
3112;POLYGON((-1321533 -4891992,-1279789 -4886817,-1272871 -4943550,-1314389 -4948697,-1321533 -4891992))
3577;POLYGON((-1157921 -4735103,-1115969 -4730654,-1110397 -4784179,-1152140 -4788607,-1157921 -4735103))
