4326;POLYGON((118.5 -35.0,119.0 -35.0,119.0 -35.5,118.5 -35.5,118.5 -35.0))
28348;POLYGON((1735776 6042527,1781845 6036060,1773786 5980067,1728022 5986571,1735776 6042527))
28349;POLYGON((1185059 6101152,1230827 6097579,1226315 6041948,1180833 6045543,1185059 6101152))
28350;POLYGON((636882 6125929,682516 6125129,681398 6069667,636044 6070472,636882 6125929))
28351;POLYGON((89222 6117693,134891 6119639,137130 6064144,91743 6062185,89222 6117693))
28352;POLYGON((-459977 6076167,-414103 6080926,-408431 6025194,-454012 6020407,-459977 6076167))
28353;POLYGON((-1012684 5999946,-966447 6007678,-957151 5951525,-1003075 5943750,-1012684 5999946))
28354;POLYGON((-1570643 5886424,-1523909 5897396,-1510674 5840664,-1557061 5829639,-1570643 5886424))
28355;POLYGON((-2135187 5731658,-2087869 5746253,-2070236 5688842,-2117163 5674189,-2135187 5731658))
28356;POLYGON((-2706979 5530181,-2659054 5548919,-2636403 5490819,-2683877 5472027,-2706979 5530181))
28357;POLYGON((-3285630 5274748,-3237182 5298307,-3208705 5239657,-3256624 5216065,-3285630 5274748))
28358;POLYGON((-3869201 4956027,-3820466 4985274,-3785131 4926450,-3833240 4897216,-3869201 4956027))
3113;POLYGON((-3158230 -1273151,-3110286 -1254406,-3087627 -1312529,-3135119 -1331327,-3158230 -1273151))
3111;POLYGON((110906 2387249,154845 2399682,169813 2346248,126153 2333895,110906 2387249))
3107;POLYGON((-498793 1553238,-453713 1560070,-445534 1505251,-490361 1498457,-498793 1553238))
3308;POLYGON((6731692 3953504,6775656 3965692,6790342 3912218,6746634 3900101,6731692 3953504))
3112;POLYGON((-1407627 -4026547,-1362439 -4021036,-1355847 -4076003,-1400816 -4081486,-1407627 -4026547))
3577;POLYGON((-1226664 -3886991,-1181392 -3882278,-1175745 -3937582,-1220801 -3942271,-1226664 -3886991))
