4326;POLYGON((118.0 -15.25,118.5 -15.25,118.5 -15.75,118.0 -15.75,118.0 -15.25))
28348;POLYGON((1906450 8271522,1961407 8268117,1957771 8211465,1902960 8214969,1906450 8271522))
28349;POLYGON((1253297 8301874,1307363 8300065,1305402 8244349,1251470 8246212,1253297 8301874))
28350;POLYGON((607386 8313776,661088 8313467,660701 8258146,607128 8258464,607386 8313776))
28351;POLYGON((-37499 8307842,16351 8309019,17517 8253567,-36202 8252355,-37499 8307842))
28352;POLYGON((-687534 8283767,-633015 8286490,-630235 8230376,-684615 8227573,-687534 8283767))
28353;POLYGON((-1349106 8240286,-1293371 8244700,-1288831 8187365,-1344409 8182823,-1349106 8240286))
28354;POLYGON((-2029085 8175014,-1971537 8181367,-1964982 8122203,-2022347 8115667,-2029085 8175014))
28355;POLYGON((-2735127 8084140,-2675089 8092816,-2666128 8031135,-2725942 8022215,-2735127 8084140))
28356;POLYGON((-3476030 7961920,-3412716 7973487,-3400764 7908493,-3463795 7896609,-3476030 7961920))
28357;POLYGON((-4262155 7799891,-4194630 7815184,-4178833 7745930,-4245988 7730234,-4262155 7799891))
28358;POLYGON((-5105940 7585722,-5033074 7605952,-5012190 7531298,-5084560 7510559,-5105940 7585722))
3113;POLYGON((-3927581 1159536,-3864243 1171107,-3852286 1106088,-3915341 1094200,-3927581 1159536))
3111;POLYGON((-560724 4528344,-505530 4544274,-489294 4487464,-544190 4471620,-560724 4528344))
3107;POLYGON((-889948 3727456,-834800 3736076,-826064 3679318,-880948 3670739,-889948 3727456))
3308;POLYGON((6080002 6073952,6134123 6089234,6149711 6033521,6095857 6018313,6080002 6073952))
3112;POLYGON((-1728704 -1876831,-1674960 -1870060,-1668102 -1925385,-1721625 -1932129,-1728704 -1876831))
3577;POLYGON((-1512860 -1701987,-1459035 -1696172,-1453240 -1750800,-1506852 -1756592,-1512860 -1701987))
