4326;POLYGON((119.0 -25.5,119.5 -25.5,119.5 -26.0,119.0 -26.0,119.0 -25.5))
28348;POLYGON((1915863 7104213,1967102 7098609,1960754 7042123,1909751 7047803,1915863 7104213))
28349;POLYGON((1305637 7155367,1356216 7152209,1352596 7096457,1302235 7099658,1305637 7155367))
28350;POLYGON((701020 7178175,751294 7177324,750243 7121921,700180 7122784,701020 7178175))
28351;POLYGON((97802 7173635,148120 7175055,149593 7119620,99487 7118180,97802 7173635))
28352;POLYGON((-508213 7141550,-457502 7145302,-453441 7089454,-503930 7085650,-508213 7141550))
28353;POLYGON((-1121254 7080509,-1069795 7086759,-1062968 7030112,-1114184 7023778,-1121254 7080509))
28354;POLYGON((-1745604 6987757,-1693037 6996792,-1683133 6938957,-1735425 6929806,-1745604 6987757))
28355;POLYGON((-2385611 6858937,-2331572 6871190,-2318121 6811776,-2371836 6799374,-2385611 6858937))
28356;POLYGON((-3045646 6687670,-2989773 6703763,-2972097 6642392,-3027580 6626120,-3045646 6687670))
28357;POLYGON((-3730002 6464937,-3671943 6485742,-3649096 6422076,-3706671 6401067,-3730002 6464937))
28358;POLYGON((-4442712 6178204,-4382146 6204927,-4352819 6138721,-4412772 6111780,-4442712 6178204))
3113;POLYGON((-3497030 -115211,-3441134 -99111,-3423452 -160506,-3478957 -176785,-3497030 -115211))
3111;POLYGON((-131400 3421597,-82025 3435287,-67094 3380884,-116184 3367273,-131400 3421597))
3107;POLYGON((-608991 2600828,-559061 2608159,-551114 2553148,-600789 2545854,-608991 2600828))
3308;POLYGON((6496319 4982784,6545212 4996086,6559733 4942205,6511098 4928973,6496319 4982784))
3112;POLYGON((-1486639 -2985423,-1437309 -2979607,-1431008 -3033972,-1480122 -3039763,-1486639 -2985423))
3577;POLYGON((-1289425 -2824269,-1239993 -2819319,-1234517 -2875108,-1283731 -2880035,-1289425 -2824269))
