4326;POLYGON((118.75 -30.0,119.25 -30.0,119.25 -30.5,118.75 -30.5,118.75 -30.0))
28348;POLYGON((1832548 6600283,1881493 6594180,1874294 6537929,1825619 6544090,1832548 6600283))
28349;POLYGON((1248616 6655801,1297077 6652396,1293008 6596705,1244800 6600144,1248616 6655801))
28350;POLYGON((668796 6679925,717035 6679083,715938 6623655,667943 6624506,668796 6679925))
28351;POLYGON((89908 6673601,138191 6675289,140022 6619824,91985 6618119,89908 6673601))
28352;POLYGON((-491240 6636581,-442647 6640865,-437816 6585062,-486152 6580736,-491240 6636581))
28353;POLYGON((-1077811 6567407,-1028647 6574458,-1020626 6518022,-1069512 6510905,-1077811 6567407))
28354;POLYGON((-1672875 6463301,-1622890 6473405,-1611357 6416054,-1661030 6405862,-1672875 6463301))
28355;POLYGON((-2279313 6319955,-2228278 6333536,-2212752 6275017,-2263428 6261329,-2279313 6319955))
28356;POLYGON((-2899640 6131211,-2847364 6148863,-2827174 6088979,-2879024 6071207,-2899640 6131211))
28357;POLYGON((-3535740 5888599,-3482100 5911130,-3456333 5849786,-3509459 5827134,-3535740 5888599))
28358;POLYGON((-4188484 5580717,-4133457 5609208,-4100894 5546491,-4155288 5517898,-4188484 5580717))
3113;POLYGON((-3350966 -671887,-3298670 -654228,-3278473 -714135,-3330342 -731914,-3350966 -671887))
3111;POLYGON((-18570 2928722,28214 2941826,43122 2888061,-3380 2875035,-18570 2928722))
3107;POLYGON((-559175 2103762,-511546 2110868,-503509 2056134,-550885 2049066,-559175 2103762))
3308;POLYGON((6605622 4493660,6652173 4506445,6666730 4452938,6620436 4440224,6605622 4493660))
3112;POLYGON((-1451652 -3477497,-1404280 -3471816,-1397859 -3526270,-1445015 -3531925,-1451652 -3477497))
3577;POLYGON((-1261882 -3328816,-1214425 -3323970,-1208841 -3379734,-1256080 -3384558,-1261882 -3328816))
