4326;POLYGON((118.75 -26.5,119.25 -26.5,119.25 -27.0,118.75 -27.0,118.75 -26.5))
28348;POLYGON((1878175 6994208,1928904 6988562,1922455 6932156,1871969 6937873,1878175 6994208))
28349;POLYGON((1273717 7045499,1323837 7042356,1320200 6986634,1270306 6989818,1273717 7045499))
28350;POLYGON((674404 7067753,724247 7066977,723268 7011573,673642 7012360,674404 7067753))
28351;POLYGON((76251 7061921,126149 7063478,127785 7008029,78106 7006452,76251 7061921))
28352;POLYGON((-524720 7027754,-474434 7031711,-470113 6975852,-520169 6971845,-524720 7027754))
28353;POLYGON((-1132503 6963783,-1081496 6970311,-1074305 6913677,-1125060 6907068,-1132503 6963783))
28354;POLYGON((-1751117 6867186,-1699054 6876578,-1688672 6818801,-1740450 6809298,-1751117 6867186))
28355;POLYGON((-2384581 6733534,-2331128 6746228,-2317075 6686950,-2370195 6674114,-2384581 6733534))
28356;POLYGON((-3036843 6556387,-2981676 6573011,-2963266 6511893,-3018030 6495102,-3036843 6556387))
28357;POLYGON((-3711628 6326698,-3654452 6348124,-3630729 6284888,-3687409 6263276,-3711628 6326698))
28358;POLYGON((-4412211 6031981,-4352776 6059405,-4322430 5993890,-4381240 5966275,-4412211 6031981))
3113;POLYGON((-3488223 -246545,-3433035 -229915,-3414617 -291056,-3469403 -307854,-3488223 -246545))
3111;POLYGON((-125366 3306169,-76597 3319829,-61567 3265626,-110052 3252045,-125366 3306169))
3107;POLYGON((-617291 2487211,-567887 2494582,-559825 2439675,-608975 2432342,-617291 2487211))
3308;POLYGON((6501697 4868548,6550043 4881825,6564665 4828082,6516576 4814875,6501697 4868548))
3112;POLYGON((-1498047 -3097053,-1449160 -3091190,-1442752 -3145536,-1491423 -3151373,-1498047 -3097053))
3577;POLYGON((-1302525 -2938342,-1253540 -2933341,-1247952 -2989145,-1296719 -2994124,-1302525 -2938342))
