4326;POLYGON((119.0 -23.0,119.5 -23.0,119.5 -23.5,119.0 -23.5,119.0 -23.0))
28348;POLYGON((1944782 7386558,1997142 7381360,1991363 7324769,1939219 7330051,1944782 7386558))
28349;POLYGON((1321718 7433965,1373332 7431040,1370041 7375265,1318627 7378238,1321718 7433965))
28350;POLYGON((704992 7455081,756260 7454294,755306 7398906,704228 7399706,704992 7455081))
28351;POLYGON((89840 7450879,141158 7452194,142496 7396770,91371 7395434,89840 7450879))
28352;POLYGON((-528464 7421166,-476702 7424642,-473010 7368761,-524570 7365228,-528464 7421166))
28353;POLYGON((-1154717 7364567,-1102107 7370366,-1095890 7313596,-1148278 7307702,-1154717 7364567))
28354;POLYGON((-1793859 7278381,-1739981 7286786,-1730939 7228680,-1784564 7220143,-1793859 7278381))
28355;POLYGON((-2451055 7158306,-2395469 7169746,-2383144 7109840,-2438431 7098229,-2451055 7158306))
28356;POLYGON((-3131736 6997979,-3073978 7013078,-3057705 6950892,-3115095 6935581,-3131736 6997979))
28357;POLYGON((-3841610 6788285,-3781195 6807929,-3760028 6742984,-3819981 6723089,-3841610 6788285))
28358;POLYGON((-4586632 6516372,-4523056 6541806,-4495667 6473655,-4558650 6447936,-4586632 6516372))
3113;POLYGON((-3583153 195218,-3525372 210323,-3509093 148113,-3566506 132796,-3583153 195218))
3111;POLYGON((-207866 3694582,-157056 3708671,-141996 3653798,-192518 3639790,-207866 3694582))
3107;POLYGON((-650122 2876514,-598916 2884033,-590927 2828736,-641878 2821255,-650122 2876514))
3308;POLYGON((6422168 5252778,6472354 5266432,6486963 5212224,6437036 5198640,6422168 5252778))
3112;POLYGON((-1519251 -2713500,-1468838 -2707556,-1462527 -2762010,-1512723 -2767928,-1519251 -2713500))
3577;POLYGON((-1317859 -2545800,-1267337 -2540741,-1261875 -2596395,-1312179 -2601432,-1317859 -2545800))
