4326;POLYGON((119.0 -29.5,119.5 -29.5,119.5 -30.0,119.0 -30.0,119.0 -29.5))
28348;POLYGON((1863974 6653504,1913212 6647345,1905984 6591041,1857014 6597261,1863974 6653504))
28349;POLYGON((1276726 6709803,1325450 6706324,1321318 6650611,1272843 6654126,1276726 6709803))
28350;POLYGON((693875 6734949,742358 6734011,741157 6678582,692915 6679530,693875 6734949))
28351;POLYGON((112126 6729942,160644 6731508,162327 6676053,114051 6674471,112126 6729942))
28352;POLYGON((-471825 6694583,-422998 6698715,-418364 6642925,-466939 6638751,-471825 6694583))
28353;POLYGON((-1061263 6627462,-1011855 6634326,-1004087 6577894,-1053222 6570963,-1061263 6627462))
28354;POLYGON((-1659399 6525845,-1609147 6535724,-1597927 6478356,-1647873 6468387,-1659399 6525845))
28355;POLYGON((-2269283 6385470,-2217941 6398784,-2202796 6340210,-2253783 6326785,-2269283 6385470))
28356;POLYGON((-2893645 6200209,-2841004 6217551,-2821267 6157551,-2873488 6140083,-2893645 6200209))
28357;POLYGON((-3534652 5961601,-3480561 5983779,-3455323 5922229,-3508905 5899921,-3534652 5961601))
28358;POLYGON((-4193544 5658203,-4137946 5686305,-4105986 5623248,-4160956 5595031,-4193544 5658203))
3113;POLYGON((-3344969 -602862,-3292308 -585513,-3272563 -645537,-3324804 -663011,-3344969 -602862))
3111;POLYGON((-10249 2989082,36852 3002143,51633 2948287,4813 2935305,-10249 2989082))
3107;POLYGON((-543530 2162069,-495631 2169102,-487719 2114338,-535364 2107342,-543530 2162069))
3308;POLYGON((6614199 4553574,6661036 4566317,6675471 4512754,6628890 4500080,6614199 4553574))
3112;POLYGON((-1434495 -3420220,-1386894 -3414608,-1380585 -3469046,-1427969 -3474633,-1434495 -3420220))
3577;POLYGON((-1243850 -3270598,-1196166 -3265823,-1190689 -3321617,-1238156 -3326370,-1243850 -3270598))
