4326;POLYGON((119.0 -18.75,119.5 -18.75,119.5 -19.25,119.0 -19.25,119.0 -18.75))
28348;POLYGON((1987519 7867578,2041545 7863166,2036765 7806415,1982919 7810925,1987519 7867578))
28349;POLYGON((1345443 7907773,1398585 7905296,1395869 7849487,1342892 7852020,1345443 7907773))
28350;POLYGON((710846 7925650,763581 7924984,762794 7869619,710217 7870300,710846 7925650))
28351;POLYGON((78101 7922094,130895 7923207,131998 7867801,79363 7866663,78101 7922094))
28352;POLYGON((-558354 7896930,-505037 7899876,-501990 7843944,-555139 7840933,-558354 7896930))
28353;POLYGON((-1204211 7848904,-1149887 7853831,-1144742 7796872,-1198881 7791836,-1204211 7848904))
28354;POLYGON((-1865465 7775536,-1809618 7782704,-1802107 7724182,-1857740 7716859,-1865465 7775536))
28355;POLYGON((-2548617 7672831,-2490681 7682641,-2480386 7621973,-2538065 7611955,-2548617 7672831))
28356;POLYGON((-3260880 7534785,-3200221 7547831,-3186526 7484368,-3246865 7471058,-3260880 7534785))
28357;POLYGON((-4010406 7352644,-3946304 7369783,-3928314 7302802,-3992007 7285333,-4010406 7352644))
28358;POLYGON((-4806536 7113800,-4738159 7136266,-4714594 7064956,-4782433 7042091,-4806536 7113800))
3113;POLYGON((-3712347 732234,-3651665 745285,-3637964 681797,-3698327 668482,-3712347 732234))
3111;POLYGON((-339632 4164995,-286350 4179769,-271007 4123867,-323997 4109175,-339632 4164995))
3107;POLYGON((-720680 3349432,-667284 3357272,-659191 3301255,-712328 3293453,-720680 3349432))
3308;POLYGON((6294821 5716462,6347227 5730720,6362048 5675728,6309904 5661541,6294821 5716462))
3112;POLYGON((-1574930 -2249236,-1522669 -2243074,-1516314 -2297913,-1568356 -2304049,-1574930 -2249236))
3577;POLYGON((-1365949 -2074835,-1313584 -2069591,-1308164 -2124806,-1360313 -2130028,-1365949 -2074835))
