4326;POLYGON((119.5 -16.0,120.0 -16.0,120.0 -16.5,119.5 -16.5,119.5 -16.0))
28348;POLYGON((2065680 8175597,2120720 8171601,2116448 8114650,2061565 8118755,2065680 8175597))
28349;POLYGON((1412287 8212312,1466320 8210020,1463842 8154127,1409952 8156483,1412287 8212312))
28350;POLYGON((767551 8229454,821099 8228745,820287 8173373,766875 8174101,767551 8229454))
28351;POLYGON((125330 8227907,178900 8228745,179712 8173373,126278 8172511,125330 8227907))
28352;POLYGON((-520415 8207591,-466320 8210020,-463842 8154127,-517795 8151631,-520415 8207591))
28353;POLYGON((-1175868 8167455,-1120720 8171601,-1116448 8114650,-1171438 8110390,-1175868 8167455))
28354;POLYGON((-1847596 8105348,-1790827 8111438,-1784528 8052847,-1841115 8046592,-1847596 8105348))
28355;POLYGON((-2542830 8017746,-2483803 8026136,-2475113 7965258,-2533918 7956645,-2542830 8017746))
28356;POLYGON((-3269770 7899295,-3207758 7910517,-3196129 7846610,-3257864 7835099,-3269770 7899295))
28357;POLYGON((-4037960 7742095,-3972106 7756926,-3956738 7689126,-4022233 7673926,-4037960 7742095))
28358;POLYGON((-4858715 7534637,-4787996 7554209,-4767728 7481487,-4837971 7461452,-4858715 7534637))
3113;POLYGON((-3721241 1096886,-3659205 1108112,-3647571 1044181,-3709330 1032665,-3721241 1096886))
3111;POLYGON((-371455 4489860,-316466 4504797,-301194 4447987,-355886 4433131,-371455 4489860))
3107;POLYGON((-712080 3667343,-657213 3675140,-649292 3618460,-703897 3610700,-712080 3667343))
3308;POLYGON((6265148 6035282,6319081 6049679,6333814 5993951,6280147 5979625,6265148 6035282))
3112;POLYGON((-1557772 -1940193,-1504282 -1934102,-1498099 -1989372,-1551369 -1995439,-1557772 -1940193))
3577;POLYGON((-1343264 -1767213,-1289695 -1762060,-1284530 -1816882,-1337885 -1822014,-1343264 -1767213))
