4326;POLYGON((119.25 -20.0,119.75 -20.0,119.75 -20.5,119.25 -20.5,119.25 -20.0))
28348;POLYGON((2002576 7723670,2056189 7718926,2051015 7662170,1997594 7667010,2002576 7723670))
28349;POLYGON((1365299 7767107,1418048 7764411,1415074 7708583,1362500 7711335,1365299 7767107))
28350;POLYGON((735408 7786937,787749 7786155,786828 7730775,734655 7731572,735408 7786937))
28351;POLYGON((107514 7784121,159892 7785217,160981 7729817,108771 7728698,107514 7784121))
28352;POLYGON((-523712 7758524,-470851 7761550,-467701 7705663,-520384 7702575,-523712 7758524))
28353;POLYGON((-1163699 7708897,-1109896 7714002,-1104529 7657147,-1158137 7651938,-1163699 7708897))
28354;POLYGON((-1818130 7632736,-1762897 7640183,-1755039 7581850,-1810048 7574256,-1818130 7632736))
28355;POLYGON((-2493102 7526000,-2435912 7536194,-2425139 7475836,-2482062 7465447,-2493102 7526000))
28356;POLYGON((-3195287 7382632,-3135557 7396172,-3121244 7333191,-3180642 7319404,-3195287 7382632))
28357;POLYGON((-3932087 7193836,-3869169 7211581,-3850413 7145327,-3912910 7127278,-3932087 7193836))
28358;POLYGON((-4711805 6947009,-4644968 6970189,-4620484 6899962,-4686769 6876419,-4711805 6947009))
3113;POLYGON((-3646728 580022,-3586975 593566,-3572656 530561,-3632078 516769,-3646728 580022))
3111;POLYGON((-274349 4033018,-221760 4047452,-206655 3991843,-258952 3977490,-274349 4033018))
3107;POLYGON((-673458 3213574,-620692 3221197,-612763 3165404,-665271 3157818,-673458 3213574))
3308;POLYGON((6358341 5586431,6410125 5600387,6424744 5545621,6373222 5531736,6358341 5586431))
3112;POLYGON((-1532654 -2383082,-1480927 -2377087,-1474696 -2431795,-1526206 -2437764,-1532654 -2383082))
3577;POLYGON((-1325938 -2210317,-1274103 -2205229,-1268776 -2260610,-1320394 -2265677,-1325938 -2210317))
