4326;POLYGON((119.5 -15.0,120.0 -15.0,120.0 -15.5,119.5 -15.5,119.5 -15.0))
28348;POLYGON((2073543 8289323,2128882 8285551,2124865 8228568,2069673 8232453,2073543 8289323))
28349;POLYGON((1416748 8323979,1471052 8321815,1468723 8265916,1414553 8268144,1416748 8323979))
28350;POLYGON((768843 8340155,822650 8339486,821887 8284117,768207 8284806,768843 8340155))
28351;POLYGON((123519 8338695,177349 8339486,178112 8284117,124410 8283302,123519 8338695))
28352;POLYGON((-525422 8319523,-471052 8321815,-468723 8265916,-522958 8263555,-525422 8319523))
28353;POLYGON((-1184334 8281636,-1128882 8285551,-1124865 8228568,-1180167 8224537,-1184334 8281636))
28354;POLYGON((-1859989 8222976,-1802868 8228730,-1796940 8170066,-1853888 8164143,-1859989 8222976))
28355;POLYGON((-2559881 8140165,-2500431 8148100,-2492243 8087084,-2551485 8078920,-2559881 8140165))
28356;POLYGON((-3292575 8028057,-3230031 8038684,-3219060 7974542,-3281341 7963615,-3292575 8028057))
28357;POLYGON((-4068123 7879034,-4001579 7893106,-3987054 7824921,-4053258 7810466,-4068123 7879034))
28358;POLYGON((-4898571 7681965,-4826933 7700576,-4807734 7627241,-4878918 7608143,-4898571 7681965))
3113;POLYGON((-3744055 1225698,-3681486 1236330,-3670511 1172163,-3732817 1161232,-3744055 1225698))
3111;POLYGON((-402731 4603817,-347142 4618916,-331781 4561772,-387070 4546754,-402731 4603817))
3107;POLYGON((-728502 3781017,-673109 3788888,-665151 3731948,-720281 3724114,-728502 3781017))
3308;POLYGON((6235038 6147004,6289507 6161544,6304312 6105542,6250112 6091074,6235038 6147004))
3112;POLYGON((-1570608 -1829436,-1516677 -1823294,-1510474 -1878744,-1564184 -1884860,-1570608 -1829436))
3577;POLYGON((-1353997 -1657871,-1300000 -1652677,-1294851 -1707325,-1348635 -1712498,-1353997 -1657871))
