4326;POLYGON((119.25 -31.0,119.75 -31.0,119.75 -31.5,119.25 -31.5,119.25 -31.0))
28348;POLYGON((1866991 6481702,1915441 6475247,1907755 6418987,1859584 6425498,1866991 6481702))
28349;POLYGON((1288880 6541019,1336861 6537326,1332412 6481611,1284691 6485338,1288880 6541019))
28350;POLYGON((714824 6568224,762579 6567151,761197 6511706,713694 6512790,714824 6568224))
28351;POLYGON((141881 6564356,189656 6565861,191290 6510405,143767 6508886,141881 6564356))
28352;POLYGON((-432914 6529268,-384872 6533409,-380161 6477659,-427940 6473481,-432914 6529268))
28353;POLYGON((-1012490 6461615,-963940 6468552,-955972 6412234,-1004239 6405239,-1012490 6461615))
28354;POLYGON((-1599664 6358766,-1550378 6368771,-1538843 6311626,-1587814 6301542,-1599664 6358766))
28355;POLYGON((-2197025 6216610,-2146799 6230088,-2131235 6171890,-2181099 6158315,-2197025 6216610))
28356;POLYGON((-2806745 6029274,-2755421 6046791,-2735181 5987373,-2786080 5969750,-2806745 6029274))
28357;POLYGON((-3430297 5788715,-3377788 5811036,-3351999 5750341,-3403998 5727915,-3430297 5788715))
28358;POLYGON((-4068049 5484172,-4014378 5512314,-3981881 5450472,-4034930 5422248,-4068049 5484172))
3113;POLYGON((-3258035 -773863,-3206691 -756339,-3186443 -815781,-3237362 -833411,-3258035 -773863))
3111;POLYGON((58018 2834341,104306 2847045,118907 2793292,72901 2780666,58018 2834341))
3107;POLYGON((-495474 2001409,-448319 2008221,-440538 1953463,-487439 1946688,-495474 2001409))
3308;POLYGON((6681283 4399450,6727382 4411874,6741675 4358330,6695832 4345975,6681283 4399450))
3112;POLYGON((-1391434 -3580756,-1344473 -3575314,-1338261 -3629862,-1385005 -3635280,-1391434 -3580756))
3577;POLYGON((-1203260 -3435475,-1156221 -3430858,-1150860 -3486591,-1197681 -3491187,-1203260 -3435475))
