4326;POLYGON((119.25 -28.75,119.75 -28.75,119.75 -29.25,119.25 -29.25,119.25 -28.75))
28348;POLYGON((1899028 6734906,1948688 6728727,1941491 6672355,1892093 6678599,1899028 6734906))
28349;POLYGON((1306981 6791642,1356088 6788112,1351928 6732371,1303065 6735940,1306981 6791642))
28350;POLYGON((719705 6817636,768547 6816610,767256 6761180,718650 6762217,719705 6817636))
28351;POLYGON((133733 6813941,182599 6815378,184125 6759935,135495 6758482,133733 6813941))
28352;POLYGON((-454410 6780409,-405231 6784367,-400826 6728587,-449759 6724585,-454410 6780409))
28353;POLYGON((-1048189 6715675,-998408 6722317,-990946 6665878,-1040460 6659167,-1048189 6715675))
28354;POLYGON((-1651018 6617053,-1600355 6626658,-1589525 6569247,-1639889 6559548,-1651018 6617053))
28355;POLYGON((-2266195 6480316,-2214382 6493302,-2199717 6434625,-2251183 6421522,-2266195 6480316))
28356;POLYGON((-2896766 6299353,-2843563 6316312,-2824401 6256118,-2877191 6239024,-2896766 6299353))
28357;POLYGON((-3545301 6065679,-3490520 6087423,-3465952 6025544,-3520232 6003656,-3545301 6065679))
28358;POLYGON((-4213575 5767742,-4157108 5795373,-4125908 5731795,-4181754 5704029,-4213575 5767742))
3113;POLYGON((-3348091 -503679,-3294868 -486714,-3275698 -546931,-3328509 -564032,-3348091 -503679))
3111;POLYGON((-9119 3076472,38441 3089526,53103 3035547,5825 3022572,-9119 3076472))
3107;POLYGON((-531647 2247765,-483352 2254742,-475563 2199933,-523604 2192993,-531647 2247765))
3308;POLYGON((6615751 4640315,6663003 4653050,6677321 4599412,6630325 4586747,6615751 4640315))
3112;POLYGON((-1420318 -3335795,-1372382 -3330240,-1366185 -3384656,-1413905 -3390187,-1420318 -3335795))
3577;POLYGON((-1228392 -3184488,-1180370 -3179774,-1175001 -3235598,-1222804 -3240290,-1228392 -3184488))
