4326;POLYGON((119.5 -16.5,120.0 -16.5,120.0 -17.0,119.5 -17.0,119.5 -16.5))
28348;POLYGON((2061565 8118755,2116448 8114650,2112049 8057716,2057328 8061930,2061565 8118755))
28349;POLYGON((1409952 8156483,1463842 8154127,1461291 8098239,1407547 8100658,1409952 8156483))
28350;POLYGON((766875 8174101,820287 8173373,819451 8117998,766178 8118746,766875 8174101))
28351;POLYGON((126278 8172511,179712 8173373,180548 8117998,127255 8117113,126278 8172511))
28352;POLYGON((-517795 8151631,-463842 8154127,-461291 8098239,-515096 8095677,-517795 8151631))
28353;POLYGON((-1171438 8110390,-1116448 8114650,-1112049 8057716,-1166877 8053344,-1171438 8110390))
28354;POLYGON((-1841115 8046592,-1784528 8052847,-1778045 7994294,-1834443 7987876,-1841115 8046592))
28355;POLYGON((-2533918 7956645,-2475113 7965258,-2466173 7904450,-2524751 7895619,-2533918 7956645))
28356;POLYGON((-3257864 7835099,-3196129 7846610,-3184175 7782826,-3245626 7771030,-3257864 7835099))
28357;POLYGON((-4022233 7673926,-3956738 7689126,-3940955 7621524,-4006084 7605964,-4022233 7673926))
28358;POLYGON((-4837971 7461452,-4767728 7481487,-4746937 7409081,-4816695 7388595,-4837971 7461452))
3113;POLYGON((-3709330 1032665,-3647571 1044181,-3635612 980371,-3697088 968572,-3709330 1032665))
3111;POLYGON((-355886 4433131,-301194 4447987,-285966 4391337,-340360 4376562,-355886 4433131))
3107;POLYGON((-703897 3610700,-649292 3618460,-641388 3561903,-695731 3554181,-703897 3610700))
3308;POLYGON((6280147 5979625,6333814 5993951,6348512 5938353,6295112 5924098,6280147 5979625))
3112;POLYGON((-1551369 -1995439,-1498099 -1989372,-1491925 -2044560,-1544976 -2050601,-1551369 -1995439))
3577;POLYGON((-1337885 -1822014,-1284530 -1816882,-1279358 -1871786,-1332498 -1876897,-1337885 -1822014))
