4326;POLYGON((119.0 -18.25,119.5 -18.25,119.5 -18.75,119.0 -18.75,119.0 -18.25))
28348;POLYGON((1992004 7924248,2046205 7919935,2041545 7863166,1987519 7867578,1992004 7924248))
28349;POLYGON((1347930 7963530,1401232 7961110,1398585 7905296,1345443 7907773,1347930 7963530))
28350;POLYGON((711459 7980998,764348 7980348,763581 7924984,710846 7925650,711459 7980998))
28351;POLYGON((76872 7977524,129820 7978611,130895 7923207,78101 7922094,76872 7977524))
28352;POLYGON((-561488 7952934,-508008 7955813,-505037 7899876,-558354 7896930,-561488 7952934))
28353;POLYGON((-1209408 7905994,-1154903 7910810,-1149887 7853831,-1204211 7848904,-1209408 7905994))
28354;POLYGON((-1873000 7834261,-1816944 7841271,-1809618 7782704,-1865465 7775536,-1873000 7834261))
28355;POLYGON((-2558915 7733793,-2500728 7743392,-2490681 7682641,-2548617 7672831,-2558915 7733793))
28356;POLYGON((-3274570 7598658,-3213598 7611433,-3200221 7547831,-3260880 7534785,-3274570 7598658))
28357;POLYGON((-4028398 7420188,-3963893 7436990,-3946304 7369783,-4010406 7352644,-4028398 7420188))
28358;POLYGON((-4830137 7185876,-4761231 7207928,-4738159 7136266,-4806536 7113800,-4830137 7185876))
3113;POLYGON((-3726042 796132,-3665047 808912,-3651665 745285,-3712347 732234,-3726042 796132))
3111;POLYGON((-355308 4220956,-301731 4235812,-286350 4179769,-339632 4164995,-355308 4220956))
3107;POLYGON((-729047 3405515,-675392 3413393,-667284 3357272,-720680 3349432,-729047 3405515))
3308;POLYGON((6279707 5771494,6332377 5785824,6347227 5730720,6294821 5716462,6279707 5771494))
3112;POLYGON((-1581511 -2194358,-1529032 -2188170,-1522669 -2243074,-1574930 -2249236,-1581511 -2194358))
3577;POLYGON((-1371578 -2019710,-1318997 -2014445,-1313584 -2069591,-1365949 -2074835,-1371578 -2019710))
