4326;POLYGON((119.0 -17.0,119.5 -17.0,119.5 -17.5,119.0 -17.5,119.0 -17.0))
28348;POLYGON((2002708 8065987,2057328 8061930,2052969 8005120,1998514 8009280,2002708 8065987))
28349;POLYGON((1353862 8102934,1407547 8100658,1405073 8044836,1351538 8047171,1353862 8102934))
28350;POLYGON((712922 8119358,766178 8118746,765461 8063388,712349 8064016,712922 8119358))
28351;POLYGON((73938 8116091,127255 8117113,128259 8061713,75087 8060665,73938 8116091))
28352;POLYGON((-568966 8092970,-515096 8095677,-512319 8039727,-566036 8036951,-568966 8092970))
28353;POLYGON((-1221813 8048812,-1166877 8053344,-1162185 7996316,-1216952 7991669,-1221813 8048812))
28354;POLYGON((-1890999 7981274,-1834443 7987876,-1827584 7929202,-1883944 7922435,-1890999 7981274))
28355;POLYGON((-2583541 7886564,-2524751 7895619,-2515330 7834669,-2573883 7825394,-2583541 7886564))
28356;POLYGON((-3307351 7758956,-3245626 7771030,-3233059 7707092,-3294488 7694733,-3307351 7758956))
28357;POLYGON((-4071561 7590043,-4006084 7605964,-3989517 7538212,-4054611 7521933,-4071561 7590043))
28358;POLYGON((-4886886 7367633,-4816695 7388595,-4794894 7316073,-4864579 7294665,-4886886 7367633))
3113;POLYGON((-3758837 956493,-3697088 968572,-3684516 904608,-3745968 892244,-3758837 956493))
3111;POLYGON((-394676 4361502,-340360 4376562,-324877 4320149,-378897 4305171,-394676 4361502))
3107;POLYGON((-750038 3546207,-695731 3554181,-687583 3497780,-741629 3489844,-750038 3546207))
3308;POLYGON((6241780 5909588,6295112 5924098,6310042 5868698,6256976 5854260,6241780 5909588))
3112;POLYGON((-1598002 -2056853,-1544976 -2050601,-1538592 -2105684,-1591399 -2111911,-1598002 -2056853))
3577;POLYGON((-1385617 -1882216,-1332498 -1876897,-1327103 -1931859,-1380007 -1937157,-1385617 -1882216))
