4326;POLYGON((119.25 -21.5,119.75 -21.5,119.75 -22.0,119.25 -22.0,119.25 -21.5))
28348;POLYGON((1987282 7553744,2040307 7548717,2034774 7492020,1981953 7497139,1987282 7553744))
28349;POLYGON((1356704 7599800,1408915 7596940,1405731 7541125,1353708 7544038,1356704 7599800))
28350;POLYGON((733096 7620836,784922 7620007,783936 7564619,732290 7565463,733096 7620836))
28351;POLYGON((111375 7617848,163236 7619011,164401 7563604,112721 7562420,111375 7617848))
28352;POLYGON((-513494 7590697,-461177 7593906,-457805 7538035,-509932 7534767,-513494 7590697))
28353;POLYGON((-1146625 7538089,-1093421 7543499,-1087681 7486707,-1140678 7481199,-1146625 7538089))
28354;POLYGON((-1793335 7457445,-1738789 7465325,-1730397 7407135,-1784705 7399115,-1793335 7457445))
28355;POLYGON((-2459252 7344612,-2402880 7355379,-2391398 7295283,-2447486 7284333,-2459252 7344612))
28356;POLYGON((-3150425 7193403,-3091707 7207666,-3076490 7145126,-3134860 7130634,-3150425 7193403))
28357;POLYGON((-3873407 6994888,-3811774 7013518,-3791902 6947968,-3853094 6929062,-3873407 6994888))
28358;POLYGON((-4635314 6736366,-4570150 6760597,-4544319 6691466,-4608912 6666911,-4635314 6736366))
3113;POLYGON((-3601850 390719,-3543108 404987,-3527885 342423,-3586278 327926,-3601850 390719))
3111;POLYGON((-228262 3866809,-176547 3881002,-161542 3825760,-212967 3811647,-228262 3866809))
3107;POLYGON((-648937 3046572,-596944 3054083,-589052 2998547,-640788 2991073,-648937 3046572))
3308;POLYGON((6402906 5422632,6453905 5436376,6468450 5381890,6417711 5368216,6402906 5422632))
3112;POLYGON((-1513328 -2546982,-1462253 -2541063,-1456039 -2595632,-1506897 -2601526,-1513328 -2546982))
3577;POLYGON((-1309291 -2376560,-1258107 -2371536,-1252766 -2427075,-1303732 -2432078,-1309291 -2376560))
