4326;POLYGON((119.25 -21.75,119.75 -21.75,119.75 -22.25,119.25 -22.25,119.25 -21.75))
28348;POLYGON((1984632 7525439,2037556 7520366,2031963 7463679,1979246 7468843,1984632 7525439))
28349;POLYGON((1355214 7571919,1407332 7569032,1404113 7513219,1352185 7516158,1355214 7571919))
28350;POLYGON((732695 7593150,784431 7592313,783435 7536924,731880 7537776,732695 7593150))
28351;POLYGON((112044 7590134,163815 7591308,164994 7535900,113405 7534706,112044 7590134))
28352;POLYGON((-511722 7562731,-459500 7565970,-456091 7510102,-508122 7506804,-511722 7562731))
28353;POLYGON((-1143667 7509641,-1090567 7515100,-1084766 7458320,-1137656 7452763,-1143667 7509641))
28354;POLYGON((-1789042 7428274,-1734615 7436224,-1726135 7378058,-1780322 7369970,-1789042 7428274))
28355;POLYGON((-2453399 7314461,-2397168 7325320,-2385569 7265269,-2441513 7254229,-2453399 7314461))
28356;POLYGON((-3142680 7161999,-3084135 7176377,-3068770 7113913,-3126964 7099309,-3142680 7161999))
28357;POLYGON((-3863297 6961944,-3801883 6980713,-3781829 6915284,-3842800 6896242,-3863297 6961944))
28358;POLYGON((-4622168 6701591,-4557289 6725985,-4531242 6657039,-4595547 6632327,-4622168 6701591))
3113;POLYGON((-3594102 359303,-3535534 373687,-3520163 311197,-3578379 296588,-3594102 359303))
3111;POLYGON((-220611 3839213,-169040 3853367,-154051 3798183,-205331 3784108,-220611 3839213))
3107;POLYGON((-644861 3018812,-592996 3026305,-585110 2970808,-636718 2963353,-644861 3018812))
3308;POLYGON((6410311 5395413,6461180 5409122,6475713 5354679,6425105 5341040,6410311 5395413))
3112;POLYGON((-1510112 -2574259,-1459145 -2568352,-1452933 -2622902,-1503683 -2628783,-1510112 -2574259))
3577;POLYGON((-1306512 -2404313,-1255437 -2399300,-1250093 -2454861,-1300951 -2459854,-1306512 -2404313))
