4326;POLYGON((119.25 -17.0,119.75 -17.0,119.75 -17.5,119.25 -17.5,119.25 -17.0))
28348;POLYGON((2030005 8063978,2084676 8059842,2080235 8002980,2025729 8007220,2030005 8063978))
28349;POLYGON((1380698 8101814,1434412 8099467,1431862 8043614,1378299 8046022,1380698 8101814))
28350;POLYGON((739548 8119069,792812 8118389,792024 8063022,738903 8063720,739548 8119069))
28351;POLYGON((100599 8116619,153904 8117572,154837 8062185,101676 8061207,100599 8116619))
28352;POLYGON((-542022 8094342,-488185 8096976,-485484 8041060,-539169 8038358,-542022 8094342))
28353;POLYGON((-1194331 8051098,-1139450 8055550,-1134842 7998578,-1189555 7994013,-1194331 8051098))
28354;POLYGON((-1862701 7984598,-1806225 7991108,-1799463 7932515,-1855744 7925842,-1862701 7984598))
28355;POLYGON((-2554119 7891119,-2495436 7900062,-2486132 7839221,-2544581 7830060,-2554119 7891119))
28356;POLYGON((-3276454 7765029,-3214867 7776963,-3202445 7713164,-3263740 7700948,-3276454 7765029))
28357;POLYGON((-4038779 7598049,-3973476 7613789,-3957097 7546214,-4022021 7530119,-4038779 7598049))
28358;POLYGON((-4851736 7378174,-4781762 7398897,-4760211 7326595,-4829683 7305430,-4851736 7378174))
3113;POLYGON((-3727928 962567,-3666316 974506,-3653890 910682,-3715208 898462,-3727928 962567))
3111;POLYGON((-367528 4369068,-313173 4383986,-297838 4327532,-351897 4312695,-367528 4369068))
3107;POLYGON((-722889 3550225,-668564 3558073,-660547 3501654,-714611 3493843,-722889 3550225))
3308;POLYGON((6268437 5916875,6321804 5931257,6336602 5875821,6283500 5861510,6268437 5916875))
3112;POLYGON((-1571492 -2053701,-1518454 -2047554,-1512179 -2102650,-1564999 -2108771,-1571492 -2053701))
3577;POLYGON((-1359060 -1879530,-1305930 -1874315,-1300643 -1929288,-1353558 -1934482,-1359060 -1879530))
