4326;POLYGON((119.25 -37.25,119.75 -37.25,119.75 -37.75,119.25 -37.75,119.25 -37.25))
28348;POLYGON((1767176 5780873,1811885 5773872,1802920 5717943,1758533 5724972,1767176 5780873))
28349;POLYGON((1232319 5845354,1276791 5841330,1271577 5785693,1227409 5789734,1232319 5845354))
28350;POLYGON((699552 5875021,743906 5873849,742283 5818361,698225 5819538,699552 5875021))
28351;POLYGON((167371 5870799,211735 5872442,213653 5816947,169585 5815297,167371 5870799))
28352;POLYGON((-365782 5832557,-321278 5837065,-315760 5781408,-359957 5776880,-365782 5832557))
28353;POLYGON((-901377 5759101,-856619 5766616,-847330 5710656,-891763 5703111,-901377 5759101))
28354;POLYGON((-1440644 5648126,-1395541 5658884,-1382192 5602516,-1426939 5591721,-1440644 5648126))
28355;POLYGON((-1984363 5496124,-1938876 5510466,-1921047 5453643,-1966139 5439263,-1984363 5496124))
28356;POLYGON((-2532602 5298252,-2486759 5316637,-2463890 5259408,-2509282 5240996,-2532602 5298252))
28357;POLYGON((-3084330 5048181,-3038271 5071198,-3009638 5013764,-3055180 4990746,-3084330 5048181))
28358;POLYGON((-3636918 4737922,-3590938 4766303,-3555645 4709096,-3601024 4680764,-3636918 4737922))
3113;POLYGON((-2983785 -1505171,-2937924 -1486778,-2915046 -1544030,-2960456 -1562449,-2983785 -1505171))
3111;POLYGON((243551 2165219,286322 2176958,300867 2123411,258377 2111749,243551 2165219))
3107;POLYGON((-394884 1316338,-350901 1322692,-343076 1267629,-386804 1261312,-394884 1316338))
3308;POLYGON((6863227 3730710,6906123 3742270,6920461 3688556,6877822 3677065,6863227 3730710))
3112;POLYGON((-1310589 -4266400,-1266356 -4261274,-1260048 -4316667,-1304060 -4321768,-1310589 -4266400))
3577;POLYGON((-1133886 -4128295,-1089559 -4123944,-1084272 -4178910,-1128384 -4183240,-1133886 -4128295))
