4326;POLYGON((118.75 -10.5,119.25 -10.5,119.25 -11.0,118.75 -11.0,118.75 -10.5))
28348;POLYGON((2018326 8805620,2074608 8803061,2071910 8746138,2015733 8748812,2018326 8805620))
28349;POLYGON((1350474 8828775,1405691 8827360,1404181 8771535,1349059 8773013,1350474 8828775))
28350;POLYGON((691519 8838771,746263 8838423,745857 8783099,691204 8783463,691519 8838771))
28351;POLYGON((34547 8836154,89385 8836853,90062 8781458,35315 8780727,34547 8836154))
28352;POLYGON((-627257 8820782,-571753 8822566,-569956 8766524,-625363 8764659,-627257 8820782))
28353;POLYGON((-1300949 8791809,-1244172 8794777,-1241157 8737480,-1297825 8734378,-1300949 8791809))
28354;POLYGON((-1994185 8747570,-1935466 8751898,-1931054 8692675,-1989647 8688154,-1994185 8747570))
28355;POLYGON((-2715645 8685353,-2654208 8691315,-2648123 8629391,-2709404 8623165,-2715645 8685353))
28356;POLYGON((-3475548 8601002,-3410469 8609012,-3402290 8543456,-3467170 8535095,-3475548 8601002))
28357;POLYGON((-4286303 8488305,-4216445 8498979,-4205547 8428635,-4275141 8417500,-4286303 8488305))
28358;POLYGON((-5163312 8338081,-5087254 8352327,-5072716 8275714,-5148417 8260866,-5163312 8338081))
3113;POLYGON((-3927100 1798867,-3861995 1806880,-3853813 1741298,-3918718 1732934,-3927100 1798867))
3111;POLYGON((-633314 5101402,-575109 5117706,-558819 5058957,-616715 5042740,-633314 5101402))
3107;POLYGON((-890072 4286994,-832335 4295608,-823779 4237336,-881246 4228762,-890072 4286994))
3308;POLYGON((6012268 6634054,6069070 6649654,6084671 6592312,6028143 6576787,6012268 6634054))
3112;POLYGON((-1712831 -1335769,-1656935 -1329066,-1650282 -1385492,-1705953 -1392169,-1712831 -1335769))
3577;POLYGON((-1485632 -1179173,-1429760 -1173468,-1424384 -1227156,-1480046 -1232840,-1485632 -1179173))
