4326;POLYGON((119.5 -27.5,120.0 -27.5,120.0 -28.0,119.5 -28.0,119.5 -27.5))
28348;POLYGON((1941038 6872796,1991371 6866675,1984324 6810207,1934246 6816398,1941038 6872796))
28349;POLYGON((1341346 6929227,1391066 6925693,1386952 6869918,1337468 6873494,1341346 6929227))
28350;POLYGON((746976 6955694,796396 6954598,795043 6899169,745850 6900278,746976 6955694))
28351;POLYGON((154171 6953301,203603 6954598,204956 6899169,155750 6897857,154171 6953301))
28352;POLYGON((-440824 6921951,-391066 6925693,-386952 6869918,-436474 6866131,-440824 6921951))
28353;POLYGON((-1041768 6860329,-991371 6866675,-984324 6810207,-1034465 6803787,-1041768 6860329))
28354;POLYGON((-1652413 6765793,-1601064 6775019,-1590780 6717515,-1641841 6708187,-1652413 6765793))
28355;POLYGON((-2276459 6634150,-2223855 6646672,-2209874 6587800,-2262143 6575150,-2276459 6634150))
28356;POLYGON((-2917464 6459289,-2863317 6475702,-2844983 6415159,-2898730 6398595,-2917464 6459289))
28357;POLYGON((-3578666 6232648,-3522725 6253774,-3499126 6191325,-3554578 6170032,-3578666 6232648))
28358;POLYGON((-4262714 5942464,-4204788 5969431,-4174686 5904966,-4232000 5877833,-4262714 5942464))
3113;POLYGON((-3368798 -343681,-3314630 -327261,-3296288 -387828,-3350056 -404398,-3368798 -343681))
3111;POLYGON((-22432 3218152,25873 3231273,40436 3177098,-7584 3164054,-22432 3218152))
3107;POLYGON((-527308 2388368,-478362 2395323,-470691 2340432,-519383 2333512,-527308 2388368))
3308;POLYGON((6603214 4780868,6651139 4793661,6665352 4739901,6617684 4727177,6603214 4780868))
3112;POLYGON((-1412108 -3197051,-1363620 -3191529,-1357535 -3245922,-1405807 -3251419,-1412108 -3197051))
3577;POLYGON((-1218082 -3042549,-1169505 -3037877,-1164244 -3093723,-1212602 -3098374,-1218082 -3042549))
