4326;POLYGON((118.75 -8.25,119.25 -8.25,119.25 -8.75,118.75 -8.75,118.75 -8.25))
28348;POLYGON((2028523 9061359,2085213 9059330,2083074 9002366,2026466 9004514,2028523 9061359))
28349;POLYGON((1356038 9079718,1411626 9078597,1410429 9022763,1354916 9023950,1356038 9079718))
28350;POLYGON((692758 9087641,747856 9087365,747535 9032047,692508 9032339,692758 9087641))
28351;POLYGON((31528 9085567,86723 9086121,87260 9030730,32137 9030143,31528 9085567))
28352;POLYGON((-634698 9073382,-578813 9074796,-577389 9018739,-633198 9017242,-634698 9073382))
28353;POLYGON((-1313232 9050403,-1256029 9052758,-1253638 8995410,-1310754 8992917,-1313232 9050403))
28354;POLYGON((-2012042 9015288,-1952821 9018725,-1949318 8959387,-2008438 8955750,-2012042 9015288))
28355;POLYGON((-2740224 8965839,-2678171 8970580,-2673332 8908441,-2735261 8903425,-2740224 8965839))
28356;POLYGON((-3508588 8898678,-3442719 8905061,-3436202 8839135,-3501911 8832384,-3508588 8898678))
28357;POLYGON((-4330391 8808734,-4259487 8817263,-4250780 8746305,-4321471 8737289,-4330391 8808734))
28358;POLYGON((-5222272 8688476,-5144790 8699898,-5133135 8622288,-5210327 8610224,-5222272 8688476))
3113;POLYGON((-3960152 2096659,-3894258 2103044,-3887738 2037092,-3953472 2030339,-3960152 2096659))
3111;POLYGON((-708781 5368124,-649174 5384821,-632604 5325060,-691897 5308452,-708781 5368124))
3107;POLYGON((-930131 4551300,-871171 4560096,-862492 4500988,-921179 4492232,-930131 4551300))
3308;POLYGON((5940181 6894092,5998228 6910034,6014065 6851828,5956296 6835962,5940181 6894092))
3112;POLYGON((-1743992 -1080241,-1687079 -1073416,-1680350 -1130483,-1737036 -1137281,-1743992 -1080241))
3577;POLYGON((-1510614 -939154,-1453803 -933353,-1448482 -986495,-1505085 -992275,-1510614 -939154))
