4326;POLYGON((120.0 -35.0,120.5 -35.0,120.5 -35.5,120.0 -35.5,120.0 -35.0))
28348;POLYGON((1874078 6022375,1920245 6015154,1911262 5959043,1865405 5966304,1874078 6022375))
28349;POLYGON((1322423 6089726,1368252 6085445,1362871 6029741,1317333 6034048,1322423 6089726))
28350;POLYGON((773798 6122843,819449 6121356,817490 6065871,772120 6067367,773798 6122843))
28351;POLYGON((226201 6122843,271845 6124100,273243 6068632,227879 6067367,226201 6122843))
28352;POLYGON((-322423 6089726,-276615 6093771,-271814 6038117,-317333 6034048,-322423 6089726))
28353;POLYGON((-874078 6022375,-827945 6029343,-819580 5973312,-865405 5966304,-874078 6022375))
28354;POLYGON((-1430579 5918493,-1383980 5928623,-1371767 5872049,-1418028 5861867,-1430579 5918493))
28355;POLYGON((-1993383 5774487,-1946216 5788133,-1929734 5730897,-1976522 5717193,-1993383 5774487))
28356;POLYGON((-2563351 5585293,-2515574 5602938,-2494246 5545004,-2541587 5527303,-2563351 5585293))
28357;POLYGON((-3140398 5344136,-3092066 5366417,-3065132 5307880,-3112957 5285559,-3140398 5344136))
28358;POLYGON((-3723029 5042239,-3674334 5069972,-3640823 5011139,-3688919 4983405,-3723029 5042239))
3113;POLYGON((-3014546 -1218018,-2966751 -1200366,-2945414 -1258322,-2992774 -1276030,-3014546 -1218018))
3111;POLYGON((242918 2423853,287048 2435592,301171 2381929,257323 2370266,242918 2423853))
3107;POLYGON((-363460 1573109,-318290 1579315,-310873 1524387,-355789 1518216,-363460 1573109))
3308;POLYGON((6863756 3989435,6907890 4000990,6921807 3947311,6877929 3935823,6863756 3989435))
3112;POLYGON((-1272000 -4010555,-1226749 -4005584,-1220814 -4060625,-1265845 -4065572,-1272000 -4010555))
3577;POLYGON((-1090794 -3873386,-1045470 -3869205,-1040473 -3924571,-1085581 -3928731,-1090794 -3873386))
