4326;POLYGON((119.75 -15.25,120.25 -15.25,120.25 -15.75,119.75 -15.75,119.75 -15.25))
28348;POLYGON((2099243 8258990,2154564 8255089,2150407 8198057,2095236 8202071,2099243 8258990))
28349;POLYGON((1442770 8294979,1497040 8292718,1494605 8236786,1440472 8239114,1442770 8294979))
28350;POLYGON((795397 8312156,849152 8311415,848312 8256034,794687 8256797,795397 8312156))
28351;POLYGON((150847 8311415,204602 8312156,205312 8256797,151687 8256034,150847 8311415))
28352;POLYGON((-497040 8292718,-442770 8294979,-440472 8239114,-494605 8236786,-497040 8292718))
28353;POLYGON((-1154564 8255089,-1099243 8258990,-1095236 8202071,-1150407 8198057,-1154564 8255089))
28354;POLYGON((-1828425 8196495,-1771471 8202250,-1765537 8143686,-1822316 8137765,-1828425 8196495))
28355;POLYGON((-2526014 8113584,-2466778 8121533,-2458569 8060663,-2517595 8052489,-2526014 8113584))
28356;POLYGON((-3255757 8001242,-3193488 8011893,-3182483 7947955,-3244488 7937010,-3255757 8001242))
28357;POLYGON((-4027511 7851899,-3961321 7865999,-3946754 7798096,-4012602 7783620,-4027511 7851899))
28358;POLYGON((-4853048 7654498,-4781870 7673135,-4762626 7600187,-4833350 7581075,-4853048 7654498))
3113;POLYGON((-3707223 1198873,-3644929 1209528,-3633919 1145565,-3695949 1134616,-3707223 1198873))
3111;POLYGON((-367185 4582830,-311707 4597743,-296519 4540644,-351697 4525811,-367185 4582830))
3107;POLYGON((-696763 3756507,-641483 3764232,-633667 3707340,-688684 3699652,-696763 3756507))
3308;POLYGON((6269738 6126306,6324107 6140679,6338760 6084712,6284659 6070409,6269738 6126306))
3112;POLYGON((-1540488 -1854068,-1486655 -1848047,-1480568 -1903462,-1534180 -1909459,-1540488 -1854068))
3577;POLYGON((-1324374 -1682555,-1270474 -1677477,-1265429 -1732179,-1319115 -1737237,-1324374 -1682555))
