4326;POLYGON((119.75 -33.25,120.25 -33.25,120.25 -33.75,119.75 -33.75,119.75 -33.25))
28348;POLYGON((1880019 6222279,1927224 6215342,1918766 6159150,1871858 6166135,1880019 6222279))
28349;POLYGON((1316344 6286658,1363149 6282593,1358141 6226876,1311613 6230970,1316344 6286658))
28350;POLYGON((756206 6317624,802807 6316285,801069 6260815,754735 6262165,756206 6317624))
28351;POLYGON((197192 6316285,243793 6317624,245264 6262165,198930 6260815,197192 6316285))
28352;POLYGON((-363149 6282593,-316344 6286658,-311613 6230970,-358141 6226876,-363149 6282593))
28353;POLYGON((-927224 6215342,-880019 6222279,-871858 6166135,-918766 6159150,-927224 6215342))
28354;POLYGON((-1497277 6112098,-1449494 6122159,-1437610 6065352,-1485065 6055227,-1497277 6112098))
28355;POLYGON((-2075250 5969048,-2026744 5982609,-2010697 5924975,-2058832 5911339,-2075250 5969048))
28356;POLYGON((-2662554 5780781,-2613235 5798362,-2592418 5739807,-2641307 5722149,-2662554 5780781))
28357;POLYGON((-3259750 5539981,-3209613 5562272,-3183219 5502828,-3232847 5480470,-3259750 5539981))
28358;POLYGON((-3866098 5237023,-3815269 5264926,-3782244 5204827,-3832465 5176889,-3866098 5237023))
3113;POLYGON((-3113788 -1022453,-3064449 -1004866,-3043625 -1063443,-3092532 -1081108,-3113788 -1022453))
3111;POLYGON((169934 2605438,215019 2617558,229298 2563874,184495 2551831,169934 2605438))
3107;POLYGON((-413299 1761785,-367255 1768220,-359722 1713394,-405513 1706995,-413299 1761785))
3308;POLYGON((6791685 4170980,6836689 4182878,6850722 4129280,6805974 4117449,6791685 4170980))
3112;POLYGON((-1316479 -3821136,-1270474 -3815990,-1264455 -3870783,-1310242 -3875905,-1316479 -3821136))
3577;POLYGON((-1132126 -3681371,-1086050 -3677031,-1080925 -3732600,-1126783 -3736920,-1132126 -3681371))
