4326;POLYGON((120.5 -25.25,121.0 -25.25,121.0 -25.75,120.5 -25.75,120.5 -25.25))
28348;POLYGON((2073163 7115092,2124742 7108884,2117735 7052140,2066396 7058432,2073163 7115092))
28349;POLYGON((1459505 7173228,1510326 7169503,1506081 7113599,1455481 7117377,1459505 7173228))
28350;POLYGON((852606 7202771,903027 7201362,901358 7145908,851146 7147338,852606 7202771))
28351;POLYGON((248187 7205025,298564 7205869,299397 7150480,249228 7149623,248187 7205025))
28352;POLYGON((-358002 7180087,-307315 7183222,-303944 7127512,-354414 7124332,-358002 7180087))
28353;POLYGON((-970234 7126861,-918879 7132426,-912821 7076005,-963942 7070363,-970234 7126861))
28354;POLYGON((-1592840 7042949,-1540453 7051198,-1531434 6993673,-1583558 6985314,-1592840 7042949))
28355;POLYGON((-2230232 6924429,-2176442 6935755,-2164036 6876729,-2217519 6865259,-2230232 6924429))
28356;POLYGON((-2886880 6765474,-2831315 6780448,-2814902 6719527,-2870098 6704378,-2886880 6765474))
28357;POLYGON((-3567240 6557783,-3509531 6577209,-3488240 6514028,-3545493 6494399,-3567240 6557783))
28358;POLYGON((-4275605 6289760,-4215406 6314756,-4188025 6249023,-4247649 6223805,-4275605 6289760))
3113;POLYGON((-3338202 -37376,-3282615 -22396,-3266195 -83341,-3321413 -98496,-3338202 -37376))
3111;POLYGON((9750 3489200,59478 3502149,73561 3447475,24120 3434601,9750 3489200))
3107;POLYGON((-462823 2649688,-412669 2656342,-405483 2601201,-455382 2594581,-462823 2649688))
3308;POLYGON((6636179 5049018,6685387 5061650,6699140 5007538,6650191 4994972,6636179 5049018))
3112;POLYGON((-1341514 -2941352,-1292009 -2936113,-1286357 -2990554,-1335646 -2995770,-1341514 -2941352))
3577;POLYGON((-1143592 -2782092,-1093997 -2777713,-1089177 -2833553,-1138554 -2837913,-1143592 -2782092))
