4326;POLYGON((120.5 -25.75,121.0 -25.75,121.0 -26.25,120.5 -26.25,120.5 -25.75))
28348;POLYGON((2066396 7058432,2117735 7052140,2110603 6995423,2059509 7001799,2066396 7058432))
28349;POLYGON((1455481 7117377,1506081 7113599,1501760 7057703,1451384 7061532,1455481 7117377))
28350;POLYGON((851146 7147338,901358 7145908,899658 7090452,849660 7091902,851146 7147338))
28351;POLYGON((249228 7149623,299397 7150480,300245 7095087,250289 7094219,249228 7149623))
28352;POLYGON((-354414 7124332,-303944 7127512,-300511 7071805,-350762 7068582,-354414 7124332))
28353;POLYGON((-963942 7070363,-912821 7076005,-906655 7019605,-957537 7013888,-963942 7070363))
28354;POLYGON((-1583558 6985314,-1531434 6993673,-1522258 6936196,-1574114 6927730,-1583558 6985314))
28355;POLYGON((-2217519 6865259,-2164036 6876729,-2151422 6817790,-2204593 6806182,-2217519 6865259))
28356;POLYGON((-2870098 6704378,-2814902 6719527,-2798230 6658754,-2853053 6643435,-2870098 6704378))
28357;POLYGON((-3545493 6494399,-3488240 6514028,-3466638 6451080,-3523432 6431257,-3545493 6494399))
28358;POLYGON((-4247649 6223805,-4188025 6249023,-4160289 6183644,-4219334 6158217,-4247649 6223805))
3113;POLYGON((-3321413 -98496,-3266195 -83341,-3249517 -144138,-3304361 -159462,-3321413 -98496))
3111;POLYGON((24120 3434601,73561 3447475,87622 3392885,38467 3380086,24120 3434601))
3107;POLYGON((-455382 2594581,-405483 2601201,-398303 2546108,-447948 2539521,-455382 2594581))
3308;POLYGON((6650191 4994972,6699140 5007538,6712879 4953481,6664188 4940982,6650191 4994972))
3112;POLYGON((-1335646 -2995770,-1286357 -2990554,-1280706 -3044987,-1329778 -3050180,-1335646 -2995770))
3577;POLYGON((-1138554 -2837913,-1089177 -2833553,-1084356 -2889411,-1133514 -2893751,-1138554 -2837913))
