4326;POLYGON((119.75 -43.5,120.25 -43.5,120.25 -44.0,119.75 -44.0,119.75 -43.5))
28348;POLYGON((1693038 5076731,1733511 5069265,1723030 5013679,1682917 5021146,1693038 5076731))
28349;POLYGON((1207527 5146320,1247973 5141910,1241716 5086350,1201614 5090762,1207527 5146320))
28350;POLYGON((722326 5179984,762751 5178526,760570 5122990,720481 5124450,722326 5179984))
28351;POLYGON((237248 5178526,277673 5179984,279518 5124450,239429 5122990,237248 5178526))
28352;POLYGON((-247973 5141910,-207527 5146320,-201614 5090762,-241716 5086350,-247973 5141910))
28353;POLYGON((-733511 5069265,-693038 5076731,-682917 5021146,-723030 5013679,-733511 5069265))
28354;POLYGON((-1219257 4958873,-1178781 4969571,-1164217 4913997,-1204310 4903304,-1219257 4958873))
28355;POLYGON((-1704603 4808163,-1664200 4822340,-1644862 4766883,-1684849 4752724,-1704603 4808163))
28356;POLYGON((-2188171 4613705,-2147994 4631679,-2123454 4576553,-2163176 4558620,-2188171 4613705))
28357;POLYGON((-2667466 4371251,-2627775 4393406,-2597518 4338973,-2636707 4316898,-2667466 4371251))
28358;POLYGON((-3138433 4075822,-3099638 4102596,-3063076 4049432,-3101317 4022798,-3138433 4075822))
3113;POLYGON((-2639220 -2189985,-2599027 -2172003,-2574478 -2227152,-2614215 -2245091,-2639220 -2189985))
3111;POLYGON((468632 1505789,507937 1516355,522318 1462291,483297 1451802,468632 1505789))
3107;POLYGON((-252366 629306,-211565 635008,-203854 578883,-244395 573218,-252366 629306))
3308;POLYGON((7086466 3066669,7126181 3077168,7140487 3022527,7101033 3012097,7086466 3066669))
3112;POLYGON((-1186534 -4962205,-1145071 -4957567,-1138803 -5014622,-1180040 -5019235,-1186534 -4962205))
3577;POLYGON((-1024291 -4802537,-982604 -4798609,-977684 -4851947,-1019163 -4855854,-1024291 -4802537))
