4326;POLYGON((120.5 -16.0,121.0 -16.0,121.0 -16.5,120.5 -16.5,120.5 -16.0))
28348;POLYGON((2175868 8167455,2231129 8163157,2226539 8105975,2171438 8110390,2175868 8167455))
28349;POLYGON((1520415 8207591,1574578 8205025,1571813 8148995,1517795 8151631,1520415 8207591))
28350;POLYGON((874669 8227907,928263 8226939,927178 8171516,873721 8172511,874669 8227907))
28351;POLYGON((232448 8229454,285979 8230034,286520 8174697,233124 8174101,232448 8229454))
28352;POLYGON((-412287 8212312,-358315 8214469,-356121 8158701,-409952 8156483,-412287 8212312))
28353;POLYGON((-1065680 8175597,-1010745 8179444,-1006785 8122708,-1061565 8118755,-1065680 8175597))
28354;POLYGON((-1734215 8117354,-1677757 8123100,-1671818 8064825,-1728097 8058924,-1734215 8117354))
28355;POLYGON((-2424992 8034317,-2366389 8042292,-2358129 7981844,-2416518 7973656,-2424992 8034317))
28356;POLYGON((-3146026 7921477,-3084567 7932180,-3073476 7868835,-3134668 7857854,-3146026 7921477))
28357;POLYGON((-3906609 7771420,-3841461 7785583,-3826786 7718498,-3891591 7703981,-3906609 7771420))
28358;POLYGON((-4717727 7573332,-4647898 7592017,-4628547 7520195,-4697922 7501064,-4717727 7573332))
3113;POLYGON((-3597449 1119077,-3535966 1129784,-3524870 1066414,-3586086 1055429,-3597449 1119077))
3111;POLYGON((-261398 4519445,-206255 4533803,-191582 4476836,-246426 4462555,-261398 4519445))
3107;POLYGON((-602310 3682683,-547373 3689972,-539977 3633221,-594652 3625967,-602310 3682683))
3308;POLYGON((6373082 6063817,6427151 6077697,6441350 6021830,6387548 6008019,6373082 6063817))
3112;POLYGON((-1450768 -1928223,-1397231 -1922558,-1391489 -1977876,-1444805 -1983518,-1450768 -1928223))
3577;POLYGON((-1236106 -1757118,-1182498 -1752385,-1177763 -1807245,-1231156 -1811959,-1236106 -1757118))
