4326;POLYGON((120.25 -9.75,120.75 -9.75,120.75 -10.25,120.25 -10.25,120.25 -9.75))
28348;POLYGON((2191639 8883414,2248437 8880745,2245629 8823430,2188931 8826229,2191639 8883414))
28349;POLYGON((1518730 8908210,1574293 8906635,1572620 8850588,1517147 8852240,1518730 8908210))
28350;POLYGON((856635 8920513,911572 8919944,910941 8864550,856089 8865147,856635 8920513))
28351;POLYGON((198274 8921001,253163 8921407,253541 8866084,198736 8865659,198274 8921001))
28352;POLYGON((-463243 8909699,-407826 8911102,-406420 8855274,-461749 8853802,-463243 8909699))
28353;POLYGON((-1134969 8885987,-1078423 8888464,-1075910 8831527,-1132360 8828928,-1134969 8885987))
28354;POLYGON((-1824479 8848511,-1766140 8852208,-1762376 8793500,-1820601 8789623,-1824479 8848511))
28355;POLYGON((-2540288 8795000,-2479401 8800147,-2474151 8738912,-2534899 8733516,-2540288 8795000))
28356;POLYGON((-3292369 8721931,-3228032 8728882,-3220938 8664216,-3285100 8656932,-3292369 8721931))
28357;POLYGON((-4092787 8624011,-4023897 8633291,-4014427 8564075,-4083087 8554356,-4092787 8624011))
28358;POLYGON((-4956512 8493386,-4881687 8505772,-4869051 8430573,-4943566 8417610,-4956512 8493386))
3113;POLYGON((-3743848 1919843,-3679487 1926797,-3672390 1862105,-3736577 1854819,-3743848 1919843))
3111;POLYGON((-482062 5238178,-423141 5253685,-407694 5194360,-466304 5178934,-482062 5238178))
3107;POLYGON((-728816 4399892,-670558 4407758,-662776 4349105,-720762 4341275,-728816 4399892))
3308;POLYGON((6160227 6766618,6217662 6781508,6232509 6723670,6175351 6708851,6160227 6766618))
3112;POLYGON((-1554400 -1231355,-1498089 -1225283,-1492088 -1281989,-1548173 -1288037,-1554400 -1231355))
3577;POLYGON((-1325365 -1082340,-1269115 -1077263,-1264386 -1130835,-1320426 -1135893,-1325365 -1082340))
