4326;POLYGON((119.75 -24.0,120.25 -24.0,120.25 -24.5,119.75 -24.5,119.75 -24.0))
28348;POLYGON((2011459 7265438,2063499 7259764,2057151 7203086,2005338 7208846,2011459 7265438))
28349;POLYGON((1392307 7317913,1443586 7314610,1439851 7258768,1388779 7262123,1392307 7317913))
28350;POLYGON((779777 7343041,830680 7341956,829387 7286537,778684 7287639,779777 7343041))
28351;POLYGON((169319 7341956,220222 7343041,221315 7287639,170612 7286537,169319 7341956))
28352;POLYGON((-443586 7314610,-392307 7317913,-388779 7262123,-439851 7258768,-443586 7314610))
28353;POLYGON((-1063499 7259764,-1011459 7265438,-1005338 7208846,-1057151 7203086,-1063499 7259764))
28354;POLYGON((-1695083 7174871,-1641889 7183182,-1632887 7125365,-1685823 7116933,-1695083 7174871))
28355;POLYGON((-2343157 7055814,-2288400 7067174,-2276075 7007700,-2330528 6996182,-2343157 7055814))
28356;POLYGON((-3012705 6896496,-2955965 6911502,-2939673 6849931,-2996046 6834729,-3012705 6896496))
28357;POLYGON((-3708853 6688198,-3649698 6707698,-3628532 6643603,-3687229 6623874,-3708853 6688198))
28358;POLYGON((-4436777 6418680,-4374778 6443856,-4347467 6376862,-4408883 6351431,-4436777 6418680))
3113;POLYGON((-3464075 93696,-3407313 108708,-3391015 47112,-3447410 31905,-3464075 93696))
3111;POLYGON((-101819 3605893,-51476 3619426,-36902 3564637,-86958 3551181,-101819 3605893))
3107;POLYGON((-557588 2777138,-506843 2784229,-499255 2729004,-549745 2721949,-557588 2777138))
3308;POLYGON((6526410 5164757,6576174 5177913,6590356 5123745,6540851 5110657,6526410 5164757))
3112;POLYGON((-1431221 -2813566,-1381207 -2807971,-1375226 -2862414,-1425023 -2867984,-1431221 -2813566))
3577;POLYGON((-1231358 -2649649,-1181243 -2644928,-1176101 -2700679,-1225998 -2705379,-1231358 -2649649))
