4326;POLYGON((119.75 -35.5,120.25 -35.5,120.25 -36.0,119.75 -36.0,119.75 -35.5))
28348;POLYGON((1842489 5969840,1888329 5962705,1879398 5906643,1833869 5913815,1842489 5969840))
28349;POLYGON((1294571 6036112,1340100 6031924,1334801 5976241,1289566 5980452,1294571 6036112))
28350;POLYGON((749437 6068028,794804 6066648,792963 6011164,747880 6012553,749437 6068028))
28351;POLYGON((205195 6066648,250562 6068028,252119 6012553,207036 6011164,205195 6066648))
28352;POLYGON((-340100 6031924,-294571 6036112,-289566 5980452,-334801 5976241,-340100 6031924))
28353;POLYGON((-888329 5962705,-842489 5969840,-833869 5913815,-879398 5906643,-888329 5962705))
28354;POLYGON((-1441174 5856671,-1394892 5866992,-1382372 5810451,-1428311 5800082,-1441174 5856671))
28355;POLYGON((-1999933 5710224,-1953122 5724084,-1936278 5666925,-1982704 5653011,-1999933 5710224))
28356;POLYGON((-2565275 5518318,-2517911 5536198,-2496165 5478405,-2543089 5460476,-2565275 5518318))
28357;POLYGON((-3136882 5274242,-3089040 5296772,-3061638 5238467,-3108968 5215906,-3136882 5274242))
28358;POLYGON((-3712970 4969353,-3664870 4997333,-3630852 4938855,-3678350 4910886,-3712970 4969353))
3113;POLYGON((-3016471 -1285019,-2969088 -1267132,-2947334 -1324947,-2994276 -1342884,-3016471 -1285019))
3111;POLYGON((235422 2364348,279239 2376126,293501 2322509,249965 2310806,235422 2364348))
3107;POLYGON((-378237 1515052,-333335 1521327,-325786 1466383,-370434 1460143,-378237 1515052))
3308;POLYGON((6856011 3930000,6899861 3941593,6913912 3887925,6870319 3876400,6856011 3930000))
3112;POLYGON((-1288353 -4068112,-1243332 -4063076,-1237278 -4118183,-1282081 -4123195,-1288353 -4068112))
3577;POLYGON((-1108128 -3930878,-1063029 -3926629,-1057930 -3981912,-1102813 -3986141,-1108128 -3930878))
