4326;POLYGON((119.75 -36.75,120.25 -36.75,120.25 -37.25,119.75 -37.25,119.75 -36.75))
28348;POLYGON((1820753 5829829,1865807 5822605,1856619 5766616,1811885 5773872,1820753 5829829))
28349;POLYGON((1281945 5896974,1326734 5892730,1321278 5837065,1276791 5841330,1281945 5896974))
28350;POLYGON((745509 5929333,790160 5927933,788264 5872442,743906 5873849,745509 5929333))
28351;POLYGON((209839 5927933,254490 5929333,256093 5873849,211735 5872442,209839 5927933))
28352;POLYGON((-326734 5892730,-281945 5896974,-276791 5841330,-321278 5837065,-326734 5892730))
28353;POLYGON((-865807 5822605,-820753 5829829,-811885 5773872,-856619 5766616,-865807 5822605))
28354;POLYGON((-1408754 5715316,-1363333 5725752,-1350471 5669361,-1395541 5658884,-1408754 5715316))
28355;POLYGON((-1956535 5567401,-1910690 5581387,-1893420 5524495,-1938876 5510466,-1956535 5567401))
28356;POLYGON((-2509437 5374041,-2463176 5392034,-2440942 5334665,-2486759 5316637,-2509437 5374041))
28357;POLYGON((-3066703 5128888,-3020141 5151480,-2992220 5093802,-3038271 5071198,-3066703 5128888))
28358;POLYGON((-3626046 4823866,-3579447 4851802,-3544935 4794205,-3590938 4766303,-3626046 4823866))
3113;POLYGON((-2960611 -1429352,-2914332 -1411352,-2892090 -1468744,-2937924 -1486778,-2960611 -1429352))
3111;POLYGON((271779 2230498,314893 2242088,329155 2188472,286322 2176958,271779 2230498))
3107;POLYGON((-358719 1377706,-314453 1383892,-306889 1328843,-350901 1322692,-358719 1377706))
3308;POLYGON((6891795 3795947,6935003 3807370,6949074 3753625,6906123 3742270,6891795 3795947))
3112;POLYGON((-1272654 -4205976,-1228181 -4201001,-1222103 -4256324,-1266356 -4261274,-1272654 -4205976))
3577;POLYGON((-1094854 -4068887,-1050295 -4064689,-1045215 -4119767,-1089559 -4123944,-1094854 -4068887))
