4326;POLYGON((120.5 -23.5,121.0 -23.5,121.0 -24.0,120.5 -24.0,120.5 -23.5))
28348;POLYGON((2095890 7313596,2148278 7307702,2141712 7250864,2089549 7256850,2095890 7313596))
28349;POLYGON((1473010 7368761,1524570 7365228,1520598 7309297,1469244 7312886,1473010 7368761))
28350;POLYGON((857503 7396770,908628 7395434,907067 7339987,856137 7341345,857503 7396770))
28351;POLYGON((244693 7398906,295771 7399706,296550 7344328,245667 7343515,244693 7398906))
28352;POLYGON((-370041 7375265,-318627 7378238,-315472 7322515,-366684 7319494,-370041 7375265))
28353;POLYGON((-991363 7324769,-939219 7330051,-933545 7273563,-985469 7268197,-991363 7324769))
28354;POLYGON((-1624044 7245054,-1570767 7252896,-1562306 7195211,-1615334 7187249,-1624044 7245054))
28355;POLYGON((-2273034 7132236,-2218204 7143029,-2206538 7083701,-2261077 7072751,-2273034 7132236))
28356;POLYGON((-2943498 6980506,-2886676 6994820,-2871194 6933391,-2927663 6918881,-2943498 6980506))
28357;POLYGON((-3640811 6781511,-3581542 6800160,-3561373 6736174,-3620203 6717292,-3640811 6781511))
28358;POLYGON((-4370509 6523474,-4308328 6547597,-4282253 6480633,-4343874 6456245,-4370509 6523474))
3113;POLYGON((-3394842 177738,-3337998 192058,-3322509 130605,-3379000 116089,-3394842 177738))
3111;POLYGON((-40734 3681019,10002 3694230,24169 3639229,-26278 3626093,-40734 3681019))
3107;POLYGON((-488925 2842990,-437876 2849763,-430664 2794426,-481458 2787687,-488925 2842990))
3308;POLYGON((6587009 5238673,6637125 5251539,6650936 5197200,6601079 5184402,6587009 5238673))
3112;POLYGON((-1362066 -2750771,-1311803 -2745452,-1306145 -2799952,-1356191 -2805248,-1362066 -2750771))
3577;POLYGON((-1161209 -2586911,-1110850 -2582465,-1106038 -2638214,-1156179 -2642641,-1161209 -2586911))
