4326;POLYGON((120.0 -25.25,120.5 -25.25,120.5 -25.75,120.0 -25.75,120.0 -25.25))
28348;POLYGON((2021661 7121083,2073163 7115092,2066396 7058432,2015133 7064506,2021661 7121083))
28349;POLYGON((1408731 7176756,1459505 7173228,1455481 7117377,1404926 7120954,1408731 7176756))
28350;POLYGON((802202 7203992,852606 7202771,851146 7147338,800951 7148576,802202 7203992))
28351;POLYGON((197797 7203992,248187 7205025,249228 7149623,199048 7148576,197797 7203992))
28352;POLYGON((-408731 7176756,-358002 7180087,-354414 7124332,-404926 7120954,-408731 7176756))
28353;POLYGON((-1021661 7121083,-970234 7126861,-963942 7070363,-1015133 7064506,-1021661 7121083))
28354;POLYGON((-1645330 7034460,-1592840 7042949,-1583558 6985314,-1635781 6976713,-1645330 7034460))
28355;POLYGON((-2284155 6912823,-2230232 6924429,-2217519 6865259,-2271130 6853508,-2284155 6912823))
28356;POLYGON((-2942611 6750164,-2886880 6765474,-2870098 6704378,-2925453 6688890,-2942611 6750164))
28357;POLYGON((-3625144 6537940,-3567240 6557783,-3545493 6494399,-3602932 6474351,-3625144 6537940))
28358;POLYGON((-4336026 6264237,-4275605 6289760,-4247649 6223805,-4307482 6198059,-4336026 6264237))
3113;POLYGON((-3393954 -52693,-3338202 -37376,-3321413 -98496,-3376790 -113990,-3393954 -52693))
3111;POLYGON((-39909 3475991,9750 3489200,24120 3434601,-25253 3421468,-39909 3475991))
3107;POLYGON((-512947 2642801,-462823 2649688,-455382 2594581,-505250 2587730,-512947 2642801))
3308;POLYGON((6587031 5036150,6636179 5049018,6650191 4994972,6601302 4982172,6587031 5036150))
3112;POLYGON((-1390998 -2946788,-1341514 -2941352,-1335646 -2995770,-1384913 -3001182,-1390998 -2946788))
3577;POLYGON((-1193171 -2786665,-1143592 -2782092,-1138554 -2837913,-1187914 -2842465,-1193171 -2786665))
