4326;POLYGON((119.75 -13.25,120.25 -13.25,120.25 -13.75,119.75 -13.75,119.75 -13.25))
28348;POLYGON((2114012 8486810,2169890 8483377,2166255 8426282,2110509 8429834,2114012 8486810))
28349;POLYGON((1451238 8518473,1506011 8516485,1503884 8460537,1449230 8462595,1451238 8518473))
28350;POLYGON((798015 8533577,852248 8532925,851514 8477550,797394 8478224,798015 8533577))
28351;POLYGON((147751 8532925,201984 8533577,202605 8478224,148485 8477550,147751 8532925))
28352;POLYGON((-506011 8516485,-451238 8518473,-449230 8462595,-503884 8460537,-506011 8516485))
28353;POLYGON((-1169890 8483377,-1114012 8486810,-1110509 8429834,-1166255 8426282,-1169890 8483377))
28354;POLYGON((-1850963 8431770,-1793365 8436842,-1788169 8378145,-1845614 8372900,-1850963 8431770))
28355;POLYGON((-2557117 8358630,-2497101 8365648,-2489900 8304528,-2549730 8297272,-2557117 8358630))
28356;POLYGON((-3297454 8259308,-3234203 8268736,-3224525 8204367,-3287542 8194627,-3297454 8259308))
28357;POLYGON((-4082792 8126884,-4015326 8139406,-4002473 8070794,-4069634 8057867,-4082792 8126884))
28358;POLYGON((-4926282 7951181,-4853398 7967801,-4836348 7893717,-4908823 7876576,-4926282 7951181))
3113;POLYGON((-3748935 1457040,-3685660 1466471,-3675978 1402077,-3739019 1392333,-3748935 1457040))
3111;POLYGON((-429615 4812663,-372929 4827901,-357551 4770088,-413933 4754932,-429615 4812663))
3107;POLYGON((-729278 3985314,-672939 3993187,-665045 3935731,-721118 3927895,-729278 3985314))
3308;POLYGON((6209667 6351346,6265113 6366005,6279921 6309446,6224745 6294859,6209667 6351346))
3112;POLYGON((-1565831 -1631527,-1511113 -1625406,-1504981 -1681221,-1559477 -1687317,-1565831 -1631527))
3577;POLYGON((-1345322 -1464758,-1290569 -1459600,-1285559 -1513924,-1340099 -1519062,-1345322 -1464758))
