4326;POLYGON((120.25 -13.75,120.75 -13.75,120.75 -14.25,120.25 -14.25,120.25 -13.75))
28348;POLYGON((2166255 8426282,2222118 8422598,2218214 8365397,2162488 8369202,2166255 8426282))
28349;POLYGON((1503884 8460537,1558607 8458360,1556278 8402344,1501679 8404594,1503884 8460537))
28350;POLYGON((851514 8477550,905658 8476763,904779 8421360,850753 8422174,851514 8477550))
28351;POLYGON((202605 8478224,256704 8478786,257230 8423450,203248 8422870,202605 8478224))
28352;POLYGON((-449230 8462595,-394642 8464534,-392684 8408724,-447149 8406720,-449230 8462595))
28353;POLYGON((-1110509 8429834,-1054876 8433255,-1051382 8376406,-1106879 8372872,-1110509 8429834))
28354;POLYGON((-1788169 8378145,-1730891 8383240,-1725666 8324742,-1782788 8319481,-1788169 8378145))
28355;POLYGON((-2489900 8304528,-2430297 8311600,-2423031 8250768,-2482445 8243467,-2489900 8304528))
28356;POLYGON((-3224525 8204367,-3161808 8213877,-3152032 8149913,-3214512 8140102,-3224525 8204367))
28357;POLYGON((-4002473 8070794,-3935699 8083422,-3922718 8015371,-3989185 8002353,-4002473 8070794))
28358;POLYGON((-4836348 7893717,-4764366 7910457,-4747167 7837146,-4818738 7819906,-4836348 7893717))
3113;POLYGON((-3675978 1402077,-3613237 1411591,-3603456 1347602,-3665961 1337787,-3675978 1402077))
3111;POLYGON((-357551 4770088,-301090 4784948,-286064 4727241,-342222 4712461,-357551 4770088))
3107;POLYGON((-665045 3935731,-608937 3943308,-601329 3885964,-657172 3878423,-665045 3935731))
3308;POLYGON((6279921 6309446,6335166 6323769,6349664 6267295,6294689 6253042,6279921 6309446))
3112;POLYGON((-1504981 -1681221,-1450461 -1675342,-1444563 -1731075,-1498862 -1736930,-1504981 -1681221))
3577;POLYGON((-1285559 -1513924,-1230999 -1508999,-1226192 -1563441,-1280539 -1568346,-1285559 -1513924))
