4326;POLYGON((120.5 -9.5,121.0 -9.5,121.0 -10.0,120.5 -10.0,120.5 -9.5))
28348;POLYGON((2221350 8910720,2278261 8908070,2275473 8850682,2218660 8853465,2221350 8910720))
28349;POLYGON((1547286 8935439,1602930 8933860,1601255 8877771,1545698 8879429,1547286 8935439))
28350;POLYGON((884383 8947928,939375 8947334,938719 8891924,883810 8892549,884383 8947928))
28351;POLYGON((225519 8948879,280439 8949235,280766 8893922,225928 8893548,225519 8948879))
28352;POLYGON((-436224 8938343,-380799 8939669,-379471 8883873,-434810 8882480,-436224 8938343))
28353;POLYGON((-1107914 8915740,-1051380 8918110,-1048977 8861227,-1105416 8858737,-1107914 8915740))
28354;POLYGON((-1797127 8879780,-1738824 8883333,-1735207 8824703,-1793400 8820972,-1797127 8879780))
28355;POLYGON((-2512375 8828286,-2451546 8833243,-2446490 8772110,-2507186 8766905,-2512375 8828286))
28356;POLYGON((-3263619 8757871,-3199363 8764572,-3192525 8700034,-3256612 8693002,-3263619 8757871))
28357;POLYGON((-4062908 8663444,-3994124 8672394,-3984990 8603333,-4053553 8593946,-4062908 8663444))
28358;POLYGON((-4925198 8537436,-4850504 8549386,-4838314 8474371,-4912709 8461848,-4925198 8537436))
3113;POLYGON((-3715087 1955798,-3650806 1962501,-3643966 1897937,-3708078 1890903,-3715087 1955798))
3111;POLYGON((-460435 5275696,-401318 5291089,-385997 5231612,-444803 5216300,-460435 5275696))
3107;POLYGON((-703660 4433246,-645248 4440995,-637590 4382232,-695730 4374518,-703660 4433246))
3308;POLYGON((6181424 6803070,6239033 6817859,6253766 6759890,6196434 6745172,6181424 6803070))
3112;POLYGON((-1529310 -1199891,-1472875 -1193919,-1466980 -1250707,-1523189 -1256655,-1529310 -1199891))
3577;POLYGON((-1299656 -1053038,-1243292 -1048062,-1238672 -1101583,-1294827 -1106540,-1299656 -1053038))
