4326;POLYGON((120.25 -21.5,120.75 -21.5,120.75 -22.0,120.25 -22.0,120.25 -21.5))
28348;POLYGON((2093421 7543499,2146625 7538089,2140678 7481199,2087681 7486707,2093421 7543499))
28349;POLYGON((1461177 7593906,1513494 7590697,1509932 7534767,1457805 7538035,1461177 7593906))
28350;POLYGON((836763 7619011,888624 7617848,887278 7562420,835598 7563604,836763 7619011))
28351;POLYGON((215077 7620007,266903 7620836,267709 7565463,216063 7564619,215077 7620007))
28352;POLYGON((-408915 7596940,-356704 7599800,-353708 7544038,-405731 7541125,-408915 7596940))
28353;POLYGON((-1040307 7548717,-987282 7553744,-981953 7497139,-1034774 7492020,-1040307 7548717))
28354;POLYGON((-1684373 7472986,-1630083 7480431,-1622159 7422508,-1676216 7414931,-1684373 7472986))
28355;POLYGON((-2346681 7365886,-2290649 7376136,-2279720 7316394,-2335477 7305969,-2346681 7365886))
28356;POLYGON((-3033205 7221609,-2974915 7235236,-2960376 7173142,-3018329 7159294,-3033205 7221609))
28357;POLYGON((-3750407 7031742,-3689301 7049570,-3670283 6984562,-3730966 6966466,-3750407 7031742))
28358;POLYGON((-4505306 6784304,-4440776 6807496,-4416049 6739001,-4480033 6715492,-4505306 6784304))
3113;POLYGON((-3484583 418935,-3426271 432568,-3411726 370450,-3469702 356596,-3484583 418935))
3111;POLYGON((-124758 3894923,-72897 3908573,-58473 3853177,-110043 3839604,-124758 3894923))
3107;POLYGON((-544916 3061354,-492856 3068383,-485478 3012777,-537281 3005782,-544916 3061354))
3308;POLYGON((6504970 5449876,6556098 5463132,6570120 5408509,6519253 5395321,6504970 5449876))
3112;POLYGON((-1411155 -2535347,-1360034 -2529834,-1354254 -2584451,-1405157 -2589940,-1411155 -2535347))
3577;POLYGON((-1206904 -2366712,-1155682 -2362089,-1150775 -2417668,-1201780 -2422272,-1206904 -2366712))
