4326;POLYGON((120.0 -42.0,120.5 -42.0,120.5 -42.5,120.0 -42.5,120.0 -42.0))
28348;POLYGON((1743639 5239959,1785180 5232380,1774796 5176700,1733608 5184287,1743639 5239959))
28349;POLYGON((1245674 5310864,1287137 5306345,1280883 5250759,1239755 5255284,1245674 5310864))
28350;POLYGON((748464 5345869,789880 5344295,787597 5288768,746508 5290344,748464 5345869))
28351;POLYGON((251535 5345869,292948 5347200,294578 5291678,253491 5290344,251535 5345869))
28352;POLYGON((-245674 5310864,-204217 5315134,-198632 5259560,-239755 5255284,-245674 5310864))
28353;POLYGON((-743639 5239959,-702106 5247277,-692425 5191613,-733608 5184287,-743639 5239959))
28354;POLYGON((-1242568 5131346,-1200956 5141898,-1186937 5086145,-1228172 5075588,-1242568 5131346))
28355;POLYGON((-1742185 4982278,-1700543 4996330,-1681837 4940555,-1723069 4926507,-1742185 4982278))
28356;POLYGON((-2241461 4789044,-2199911 4806942,-2176062 4751315,-2217160 4733441,-2241461 4789044))
28357;POLYGON((-2738250 4546964,-2697024 4569134,-2667474 4513975,-2708196 4491864,-2738250 4546964))
28358;POLYGON((-3228835 4250425,-3188316 4277369,-3152409 4223213,-3192366 4196386,-3228835 4250425))
3113;POLYGON((-2692530 -2014577,-2650964 -1996673,-2627106 -2052321,-2668220 -2070202,-2692530 -2014577))
3111;POLYGON((444802 1672830,484985 1683518,499180 1629585,459280 1618972,444802 1672830))
3107;POLYGON((-255400 799854,-213810 805568,-206272 749744,-247604 744065,-255400 799854))
3308;POLYGON((7063154 3235205,7103676 3245814,7117780 3191413,7077519 3180872,7063154 3235205))
3112;POLYGON((-1184841 -4789696,-1142691 -4785066,-1136588 -4841660,-1178513 -4846266,-1184841 -4789696))
3577;POLYGON((-1018613 -4639587,-976288 -4635683,-971430 -4689515,-1013544 -4693400,-1018613 -4639587))
