4326;POLYGON((120.5 -43.5,121.0 -43.5,121.0 -44.0,120.5 -44.0,120.5 -43.5))
28348;POLYGON((1753749 5065433,1794225 5057574,1783201 5001987,1743087 5009847,1753749 5065433))
28349;POLYGON((1268197 5139611,1308647 5134826,1301872 5079263,1261767 5084050,1268197 5139611))
28350;POLYGON((782964 5177705,823391 5175881,820705 5120344,780615 5122169,782964 5177705))
28351;POLYGON((297885 5180622,338309 5181715,339650 5126182,299562 5125088,297885 5180622))
28352;POLYGON((-187305 5148431,-146862 5152468,-141463 5096914,-181563 5092875,-187305 5148431))
28353;POLYGON((-672802 5080366,-632331 5087442,-622747 5031860,-662860 5024782,-672802 5080366))
28354;POLYGON((-1158542 4974816,-1118063 4985098,-1104071 4929519,-1144170 4919240,-1158542 4974816))
28355;POLYGON((-1643995 4829316,-1603576 4843042,-1584856 4787562,-1624863 4773851,-1643995 4829316))
28356;POLYGON((-2127895 4640543,-2087678 4658022,-2063814 4602838,-2103581 4585396,-2127895 4640543))
28357;POLYGON((-2607909 4404347,-2568138 4425956,-2538626 4371410,-2577901 4349875,-2607909 4404347))
28358;POLYGON((-3080205 4115833,-3041269 4142004,-3005529 4088641,-3043917 4062600,-3080205 4115833))
3113;POLYGON((-2578920 -2163137,-2538687 -2145650,-2514815 -2200856,-2554597 -2218305,-2578920 -2163137))
3111;POLYGON((527611 1521560,566998 1531816,580953 1477641,541850 1467459,527611 1521560))
3107;POLYGON((-191154 637788,-150314 643206,-142993 587029,-183573 581646,-191154 637788))
3308;POLYGON((7146057 3082347,7185846 3092561,7199760 3037819,7160232 3027672,7146057 3082347))
3112;POLYGON((-1124332 -4955310,-1082842 -4950919,-1076915 -5008010,-1118178 -5012377,-1124332 -4955310))
3577;POLYGON((-961754 -4796707,-920045 -4793025,-915439 -4846390,-956939 -4850054,-961754 -4796707))
