4326;POLYGON((120.0 -28.75,120.5 -28.75,120.5 -29.25,120.0 -29.25,120.0 -28.75))
28348;POLYGON((1973541 6725551,2023291 6719026,2015696 6662552,1966211 6669146,1973541 6725551))
28349;POLYGON((1380655 6786266,1429816 6782415,1425288 6726613,1376373 6730506,1380655 6786266))
28350;POLYGON((792972 6816020,841831 6814685,840187 6759234,791564 6760584,792972 6816020))
28351;POLYGON((207027 6816020,255874 6817148,257047 6761725,208435 6760584,207027 6816020))
28352;POLYGON((-380655 6786266,-331530 6789903,-327493 6734183,-376373 6730506,-380655 6786266))
28353;POLYGON((-973541 6725551,-923851 6731845,-916785 6675506,-966211 6669146,-973541 6725551))
28354;POLYGON((-1575055 6631362,-1524517 6640577,-1514130 6583304,-1564373 6573998,-1575055 6631362))
28355;POLYGON((-2188515 6499681,-2136860 6512216,-2122706 6453712,-2174021 6441062,-2188515 6499681))
28356;POLYGON((-2817009 6324656,-2763991 6341079,-2745435 6281086,-2798049 6264530,-2817009 6324656))
28357;POLYGON((-3463181 6098132,-3408605 6119224,-3384773 6057561,-3438860 6036324,-3463181 6098132))
28358;POLYGON((-4128928 5808985,-4072675 5835808,-4042384 5772436,-4098034 5745475,-4128928 5808985))
3113;POLYGON((-3268303 -478366,-3215265 -461937,-3196701 -521954,-3249336 -538516,-3268303 -478366))
3111;POLYGON((62247 3095958,109910 3108637,124146 3054545,76768 3041942,62247 3095958))
3107;POLYGON((-459192 2258147,-410850 2264789,-403442 2209927,-451530 2203320,-459192 2258147))
3308;POLYGON((6686652 4659332,6733995 4671727,6747927 4617988,6700842 4605661,6686652 4659332))
3112;POLYGON((-1348406 -3327533,-1300437 -3322264,-1294565 -3376717,-1342317 -3381962,-1348406 -3327533))
3577;POLYGON((-1156353 -3177488,-1108304 -3173056,-1103263 -3228911,-1151093 -3233322,-1156353 -3177488))
