4326;POLYGON((120.5 -33.75,121.0 -33.75,121.0 -34.25,120.5 -34.25,120.5 -33.75))
28348;POLYGON((1942235 6155564,1989203 6148203,1980183 6091969,1933520 6099378,1942235 6155564))
28349;POLYGON((1381414 6224741,1427979 6220295,1422481 6164540,1376199 6169016,1381414 6224741))
28350;POLYGON((824238 6260056,870585 6258369,868416 6202879,822341 6204578,824238 6260056))
28351;POLYGON((268427 6262755,314750 6263766,315833 6208314,269781 6207296,268427 6262755))
28352;POLYGON((-288358 6232930,-241865 6236675,-237492 6181034,-283705 6177262,-288358 6232930))
28353;POLYGON((-848419 6169534,-801568 6176146,-793752 6120094,-840305 6113438,-848419 6169534))
28354;POLYGON((-1413902 6070312,-1366523 6080027,-1354987 6023367,-1402038 6013594,-1413902 6070312))
28355;POLYGON((-1986653 5931676,-1938609 5944849,-1922936 5887423,-1970611 5874182,-1986653 5931676))
28356;POLYGON((-2567998 5748501,-2519206 5765623,-2498816 5707345,-2547184 5690151,-2567998 5748501))
28357;POLYGON((-3158427 5513848,-3108886 5535575,-3083010 5476477,-3132052 5454688,-3158427 5513848))
28358;POLYGON((-3757149 5218607,-3706988 5245791,-3674625 5186100,-3724192 5158885,-3757149 5218607))
3113;POLYGON((-3019195 -1054746,-2970384 -1037617,-2949986 -1095918,-2998373 -1113119,-3019195 -1054746))
3111;POLYGON((251724 2569808,296620 2581498,310471 2527726,265857 2516109,251724 2569808))
3107;POLYGON((-336816 1716514,-290982 1722595,-283828 1667700,-329408 1661652,-336816 1716514))
3308;POLYGON((6873117 4135114,6917948 4146623,6931598 4092917,6887024 4081474,6873117 4135114))
3112;POLYGON((-1241555 -3868291,-1195738 -3863442,-1190040 -3918332,-1235638 -3923158,-1241555 -3868291))
3577;POLYGON((-1057989 -3730507,-1012106 -3726456,-1007312 -3782000,-1052977 -3786032,-1057989 -3730507))
