4326;POLYGON((120.0 -26.5,120.5 -26.5,120.5 -27.0,120.0 -27.0,120.0 -26.5))
28348;POLYGON((2005122 6979685,2056020 6973492,2048954 6916897,1998304 6923168,2005122 6979685))
28349;POLYGON((1399089 7037262,1449308 7033612,1445102 6977778,1395111 6981475,1399089 7037262))
28350;POLYGON((799033 7065447,848907 7064183,847381 7008743,797726 7010024,799033 7065447))
28351;POLYGON((200966 7065447,250826 7066515,251915 7011106,202273 7010024,200966 7065447))
28352;POLYGON((-399089 7037262,-348911 7040709,-345161 6984966,-395111 6981475,-399089 7037262))
28353;POLYGON((-1005122 6979685,-954293 6985658,-947721 6929216,-998304 6923168,-1005122 6979685))
28354;POLYGON((-1621147 6890192,-1569332 6898957,-1559649 6841448,-1611187 6832578,-1621147 6890192))
28355;POLYGON((-2251188 6764716,-2198052 6776679,-2184813 6717742,-2237627 6705645,-2251188 6764716))
28356;POLYGON((-2899216 6597280,-2844433 6613023,-2826999 6552314,-2881396 6536409,-2899216 6597280))
28357;POLYGON((-3569020 6379438,-3512285 6399777,-3489763 6337001,-3546024 6316479,-3569020 6379438))
28358;POLYGON((-4263991 6099504,-4205044 6125561,-4176208 6060525,-4234560 6034277,-4263991 6099504))
3113;POLYGON((-3350543 -205636,-3295738 -189887,-3278297 -250620,-3332716 -266531,-3350543 -205636))
3111;POLYGON((-3310 3339840,45633 3352859,59950 3298463,11291 3285519,-3310 3339840))
3107;POLYGON((-493719 2505209,-444232 2512008,-436806 2457012,-486038 2450248,-493719 2505209))
3308;POLYGON((6622680 4901308,6671182 4914006,6685159 4860092,6636916 4847461,6622680 4901308))
3112;POLYGON((-1375787 -3082760,-1326845 -3077384,-1320977 -3131791,-1369704 -3137143,-1375787 -3082760))
3577;POLYGON((-1180026 -2926197,-1130994 -2921675,-1125952 -2977531,-1174766 -2982033,-1180026 -2926197))
