4326;POLYGON((120.0 -8.5,120.5 -8.5,120.5 -9.0,120.0 -9.0,120.0 -8.5))
28348;POLYGON((2169361 9027559,2226322 9025263,2223904 8967986,2167031 8970413,2169361 9027559))
28349;POLYGON((1494491 9048808,1550219 9047467,1548792 8991451,1493143 8992869,1494491 9048808))
28350;POLYGON((830327 9059146,885443 9058683,884928 9003306,829886 9003795,830327 9059146))
28351;POLYGON((169672 9059146,224764 9059537,225131 9004209,170113 9003795,169672 9059146))
28352;POLYGON((-494491 9048808,-438837 9050075,-437566 8994208,-493143 8992869,-494491 9048808))
28353;POLYGON((-1169361 9027559,-1112529 9029772,-1110285 8972751,-1167031 8970413,-1169361 9027559))
28354;POLYGON((-1862705 8994172,-1804016 8997461,-1800666 8938610,-1859255 8935135,-1862705 8994172))
28355;POLYGON((-2583302 8946594,-2521972 8951169,-2517304 8889707,-2578512 8884875,-2583302 8946594))
28356;POLYGON((-3341493 8881645,-3276585 8887825,-3270277 8822813,-3335029 8816289,-3341493 8881645))
28357;POLYGON((-4149876 8794538,-4080234 8802798,-4071803 8733063,-4141239 8724346,-4149876 8794538))
28358;POLYGON((-5024181 8678152,-4948350 8689198,-4937080 8613222,-5012632 8601574,-5024181 8678152))
3113;POLYGON((-3792992 2079620,-3728058 2085802,-3721748 2020765,-3786525 2014238,-3792992 2079620))
3111;POLYGON((-551544 5379303,-491881 5395174,-476128 5335319,-535477 5319532,-551544 5379303))
3107;POLYGON((-778517 4543172,-719596 4551267,-711615 4492160,-770263 4484103,-778517 4543172))
3308;POLYGON((6093157 6904242,6151251 6919452,6166363 6861161,6108548 6846025,6093157 6904242))
3112;POLYGON((-1598464 -1092175,-1541600 -1085928,-1535447 -1142984,-1592084 -1149205,-1598464 -1092175))
3577;POLYGON((-1366042 -951639,-1309281 -946404,-1304474 -999658,-1361027 -1004874,-1366042 -951639))
