4326;POLYGON((119.75 -28.75,120.25 -28.75,120.25 -29.25,119.75 -29.25,119.75 -28.75))
28348;POLYGON((1948688 6728727,1998408 6722317,1990946 6665878,1941491 6672355,1948688 6728727))
28349;POLYGON((1356088 6788112,1405231 6784367,1400826 6728587,1351928 6732371,1356088 6788112))
28350;POLYGON((768547 6816610,817400 6815378,815874 6759935,767256 6761180,768547 6816610))
28351;POLYGON((182599 6815378,231452 6816610,232743 6761180,184125 6759935,182599 6815378))
28352;POLYGON((-405231 6784367,-356088 6788112,-351928 6732371,-400826 6728587,-405231 6784367))
28353;POLYGON((-998408 6722317,-948688 6728727,-941491 6672355,-990946 6665878,-998408 6722317))
28354;POLYGON((-1600355 6626658,-1549776 6636002,-1539242 6578684,-1589525 6569247,-1600355 6626658))
28355;POLYGON((-2214382 6493302,-2162675 6505985,-2148351 6447425,-2199717 6434625,-2214382 6493302))
28356;POLYGON((-2843563 6316312,-2790485 6332912,-2771728 6272852,-2824401 6256118,-2843563 6316312))
28357;POLYGON((-3490520 6087423,-3435876 6108732,-3411801 6046996,-3465952 6025544,-3490520 6087423))
28358;POLYGON((-4157108 5795373,-4100784 5822463,-4070192 5759021,-4125908 5731795,-4157108 5795373))
3113;POLYGON((-3294868 -486714,-3241768 -470107,-3223004 -530190,-3275698 -546931,-3294868 -486714))
3111;POLYGON((38441 3089526,86070 3102329,100449 3048275,53103 3035547,38441 3089526))
3107;POLYGON((-483352 2254742,-435025 2261496,-427490 2206651,-475563 2199933,-483352 2254742))
3308;POLYGON((6663003 4653050,6710316 4665558,6724377 4611853,6677321 4599412,6663003 4653050))
3112;POLYGON((-1372382 -3330240,-1324424 -3324875,-1318444 -3379316,-1366185 -3384656,-1372382 -3330240))
3577;POLYGON((-1180370 -3179774,-1132331 -3175248,-1127180 -3231093,-1175001 -3235598,-1180370 -3179774))
