4326;POLYGON((120.0 -18.0,120.5 -18.0,120.5 -18.5,120.0 -18.5,120.0 -18.0))
28348;POLYGON((2102875 7943900,2157363 7939307,2152411 7882318,2098101 7887018,2102875 7943900))
28349;POLYGON((1455967 7986476,1509464 7983783,1506532 7927843,1453195 7930600,1455967 7986476))
28350;POLYGON((817706 8007242,870706 8006312,869645 7950909,816797 7951861,817706 8007242))
28351;POLYGON((182293 8007242,235275 8008028,236031 7952666,183202 7951861,182293 8007242))
28352;POLYGON((-455967 7986476,-402530 7989018,-399917 7933203,-453195 7930600,-455967 7986476))
28353;POLYGON((-1102875 7943900,-1048490 7948326,-1043890 7891549,-1098101 7887018,-1102875 7943900))
28354;POLYGON((-1764531 7877306,-1708673 7883851,-1701844 7825569,-1757501 7818873,-1764531 7877306))
28355;POLYGON((-2447551 7783057,-2389643 7792087,-2380204 7731708,-2437872 7722474,-2447551 7783057))
28356;POLYGON((-3159302 7655633,-3098695 7667696,-3086080 7604555,-3146389 7592230,-3159302 7655633))
28357;POLYGON((-3908164 7486933,-3844115 7502825,-3827498 7436173,-3891165 7419951,-3908164 7486933))
28358;POLYGON((-4703820 7265239,-4635464 7286108,-4613656 7215089,-4681511 7193815,-4703820 7265239))
3113;POLYGON((-3610730 853129,-3550099 865197,-3537480 802032,-3597812 789701,-3610730 853129))
3111;POLYGON((-255634 4278502,-201757 4292833,-186946 4236560,-240529 4222307,-255634 4278502))
3107;POLYGON((-625630 3449143,-571774 3456542,-564179 3400294,-617775 3392931,-625630 3449143))
3308;POLYGON((6377811 5827532,6430748 5841392,6445085 5786091,6392412 5772300,6377811 5827532))
3112;POLYGON((-1479604 -2154701,-1426969 -2148919,-1421039 -2203905,-1473456 -2209664,-1479604 -2154701))
3577;POLYGON((-1268991 -1981828,-1216263 -1976965,-1211285 -2032117,-1263798 -2036960,-1268991 -1981828))
