4326;POLYGON((120.75 -23.5,121.25 -23.5,121.25 -24.0,120.75 -24.0,120.75 -23.5))
28348;POLYGON((2122073 7310675,2174505 7304678,2167825 7247792,2115620 7253883,2122073 7310675))
28349;POLYGON((1498784 7367018,1550370 7363390,1546294 7307430,1494915 7311115,1498784 7367018))
28350;POLYGON((883063 7396125,934199 7394699,932539 7339240,881600 7340689,883063 7396125))
28351;POLYGON((270234 7399329,321305 7400040,321986 7344667,271110 7343944,270234 7399329))
28352;POLYGON((-344328 7376775,-292936 7379655,-289882 7323955,-341073 7321028,-344328 7376775))
28353;POLYGON((-965281 7327435,-913176 7332617,-907611 7276169,-959498 7270905,-965281 7327435))
28354;POLYGON((-1597391 7249003,-1544170 7256732,-1535832 7199106,-1588806 7191259,-1597391 7249003))
28355;POLYGON((-2245601 7137666,-2190844 7148326,-2179322 7089076,-2233790 7078260,-2245601 7137666))
28356;POLYGON((-2915064 6987703,-2858334 7001857,-2843026 6940524,-2899406 6926177,-2915064 6987703))
28357;POLYGON((-3611149 6790886,-3551991 6809334,-3532039 6745463,-3590761 6726784,-3611149 6790886))
28358;POLYGON((-4339386 6535600,-4277335 6559467,-4251536 6492634,-4313032 6468504,-4339386 6535600))
3113;POLYGON((-3366397 184939,-3309644 199098,-3294330 137742,-3350732 123388,-3366397 184939))
3111;POLYGON((-15374 3687658,35396 3700735,49419 3645698,-1063 3632694,-15374 3687658))
3107;POLYGON((-463405 2846406,-412340 2853061,-405256 2797707,-456065 2791086,-463405 2846406))
3308;POLYGON((6612059 5245136,6662206 5257881,6675887 5203510,6626000 5190831,6612059 5245136))
3112;POLYGON((-1336937 -2748087,-1286663 -2742868,-1281114 -2797378,-1331171 -2802575,-1336937 -2748087))
3577;POLYGON((-1136032 -2584664,-1085663 -2580316,-1080960 -2636074,-1131111 -2640403,-1136032 -2584664))
