4326;POLYGON((121.25 -14.0,121.75 -14.0,121.75 -14.5,121.25 -14.5,121.25 -14.0))
28348;POLYGON((2276099 8390115,2332140 8386097,2327882 8328648,2271984 8332796,2276099 8390115))
28349;POLYGON((1612187 8428016,1666997 8425558,1664372 8369388,1609690 8371927,1612187 8428016))
28350;POLYGON((959335 8448146,1013479 8447115,1012344 8391648,958321 8392713,959335 8448146))
28351;POLYGON((310990 8451575,365002 8451917,365299 8396607,311406 8396253,310990 8451575))
28352;POLYGON((-339205 8438481,-284796 8440214,-283052 8384522,-337337 8382732,-339205 8438481))
28353;POLYGON((-997687 8408175,-942335 8411391,-939052 8354762,-994269 8351441,-997687 8408175))
28354;POLYGON((-1671260 8359014,-1614376 8363890,-1609373 8305726,-1666102 8300693,-1671260 8359014))
28355;POLYGON((-2367406 8288181,-2308332 8295006,-2301316 8234641,-2360204 8227600,-2367406 8288181))
28356;POLYGON((-3094652 8191315,-3032628 8200523,-3023154 8137189,-3084948 8127695,-3094652 8191315))
28357;POLYGON((-3863015 8061902,-3797136 8074139,-3784547 8006920,-3850128 7994313,-3863015 8061902))
28358;POLYGON((-4684536 7890363,-4613707 7906573,-4597039 7834355,-4667472 7817671,-4684536 7890363))
3113;POLYGON((-3546054 1389020,-3484006 1398232,-3474529 1334873,-3536347 1325375,-3546054 1389020))
3111;POLYGON((-237185 4770596,-180723 4784823,-166326 4727053,-222485 4712901,-237185 4770596))
3107;POLYGON((-549120 3921917,-493076 3928957,-486008 3871617,-541787 3864611,-549120 3921917))
3308;POLYGON((6397598 6309537,6452842 6323296,6466779 6266762,6411806 6253070,6397598 6309537))
3112;POLYGON((-1393079 -1697571,-1338625 -1692136,-1333176 -1747863,-1387408 -1753275,-1393079 -1697571))
3577;POLYGON((-1174124 -1531506,-1119634 -1527017,-1115250 -1581544,-1169527 -1586015,-1174124 -1531506))
