4326;POLYGON((121.5 -18.75,122.0 -18.75,122.0 -19.25,121.5 -19.25,121.5 -18.75))
28348;POLYGON((2258642 7843802,2313183 7838523,2307477 7781225,2253125 7786621,2258642 7843802))
28349;POLYGON((1611737 7893827,1665187 7890564,1661634 7834424,1608353 7837760,1611737 7893827))
28350;POLYGON((974717 7920833,1027565 7919421,1025984 7863930,973296 7865373,974717 7920833))
28351;POLYGON((341876 7926168,394589 7926538,394904 7871207,342348 7870829,341876 7926168))
28352;POLYGON((-292353 7910096,-239311 7912265,-237087 7856613,-289965 7854395,-292353 7910096))
28353;POLYGON((-933587 7871822,-879743 7875899,-875497 7819431,-929164 7815263,-933587 7871822))
28354;POLYGON((-1587668 7809403,-1532521 7815597,-1526038 7757795,-1580984 7751464,-1587668 7809403))
28355;POLYGON((-2260865 7719522,-2203872 7728172,-2194799 7668473,-2251556 7659638,-2260865 7719522))
28356;POLYGON((-2960067 7597087,-2900625 7608697,-2888437 7546482,-2947589 7534632,-2960067 7597087))
28357;POLYGON((-3693006 7434600,-3630432 7449909,-3614362 7384486,-3676568 7368877,-3693006 7434600))
28358;POLYGON((-4468495 7221220,-4402008 7241287,-4380953 7171884,-4446961 7151448,-4468495 7221220))
3113;POLYGON((-3411417 794560,-3351951 806175,-3339759 743936,-3398934 732081,-3411417 794560))
3111;POLYGON((-72465 4236061,-18813 4249431,-4943 4193146,-58300 4179850,-72465 4236061))
3107;POLYGON((-453355 3386159,-399793 3392761,-392998 3336572,-446301 3330002,-453355 3386159))
3308;POLYGON((6557519 5785240,6610252 5798241,6623752 5742910,6571284 5729975,6557519 5785240))
3112;POLYGON((-1313395 -2220506,-1261022 -2215384,-1255759 -2270339,-1307913 -2275439,-1313395 -2220506))
3577;POLYGON((-1103929 -2050668,-1051471 -2046450,-1047133 -2101760,-1099374 -2105961,-1103929 -2050668))
