4326;POLYGON((121.5 -24.25,122.0 -24.25,122.0 -24.75,121.5 -24.75,121.5 -24.25))
28348;POLYGON((2190513 7216211,2242731 7209754,2235503 7152768,2183521 7159321,2190513 7216211))
28349;POLYGON((1569883 7277523,1621239 7273518,1616721 7217481,1565580 7221546,1569883 7277523))
28350;POLYGON((957124 7310711,1007998 7308975,1005984 7253475,955314 7255237,957124 7310711))
28351;POLYGON((347717 7317275,398482 7317730,398883 7262364,348319 7261902,347717 7317275))
28352;POLYGON((-262804 7297509,-211776 7300176,-208943 7244542,-259764 7241835,-262804 7297509))
28353;POLYGON((-878928 7250527,-827260 7255525,-821868 7199218,-873313 7194145,-878928 7250527))
28354;POLYGON((-1505219 7174176,-1452526 7181738,-1444327 7124343,-1496770 7116672,-1505219 7174176))
28355;POLYGON((-2146374 7064827,-2092259 7075319,-2080858 7016413,-2134682 7005775,-2146374 7064827))
28356;POLYGON((-2807235 6917011,-2751290 6930972,-2736107 6870123,-2791704 6855981,-2807235 6917011))
28357;POLYGON((-3492768 6722857,-3434575 6741052,-3414787 6677841,-3472549 6659431,-3492768 6722857))
28358;POLYGON((-4207976 6471285,-4147121 6494784,-4121575 6428833,-4181885 6405090,-4207976 6471285))
3113;POLYGON((-3258525 114219,-3202559 128185,-3187370 67313,-3242988 53165,-3258525 114219))
3111;POLYGON((81615 3624600,132054 3637169,145606 3582169,95456 3569672,81615 3624600))
3107;POLYGON((-376366 2773268,-325640 2779521,-318952 2724210,-369422 2717988,-376366 2773268))
3308;POLYGON((6707622 5182585,6757469 5194873,6770733 5140508,6721146 5128284,6707622 5182585))
3112;POLYGON((-1253358 -2822107,-1203379 -2817220,-1198158 -2871731,-1247920 -2876597,-1253358 -2822107))
3577;POLYGON((-1053581 -2661879,-1003516 -2657854,-999137 -2713684,-1048984 -2717691,-1053581 -2661879))
