4326;POLYGON((121.0 -17.0,121.5 -17.0,121.5 -17.5,121.0 -17.5,121.0 -17.0))
28348;POLYGON((2221813 8048812,2276862 8044118,2271830 7986857,2216952 7991669,2221813 8048812))
28349;POLYGON((1568966 8092970,1622905 8090118,1619821 8034026,1566036 8036951,1568966 8092970))
28350;POLYGON((926061 8116091,979406 8114932,978111 8059476,924912 8060665,926061 8116091))
28351;POLYGON((287077 8119358,340319 8119833,340749 8064504,287650 8064016,287077 8119358))
28352;POLYGON((-353862 8102934,-300232 8105068,-298057 8049359,-351538 8047171,-353862 8102934))
28353;POLYGON((-1002708 8065987,-948186 8069889,-944155 8013281,-998514 8009280,-1002708 8065987))
28354;POLYGON((-1665704 8006584,-1609753 8012462,-1603652 7954403,-1659417 7948378,-1665704 8006584))
28355;POLYGON((-2349632 7921460,-2291660 7929645,-2283147 7869528,-2340898 7861142,-2349632 7921460))
28356;POLYGON((-3062072 7805601,-3001410 7816591,-2989971 7753734,-3050360 7742482,-3062072 7805601))
28357;POLYGON((-3811711 7651596,-3747584 7666123,-3732466 7599742,-3796242 7584882,-3811711 7651596))
28358;POLYGON((-4608692 7448665,-4540190 7467786,-4520300 7396970,-4588342 7377434,-4608692 7448665))
3113;POLYGON((-3513462 1003156,-3452776 1014150,-3441333 951269,-3501745 940012,-3513462 1003156))
3111;POLYGON((-176949 4420029,-122329 4433946,-108035 4377220,-162357 4363379,-176949 4420029))
3107;POLYGON((-532598 3576593,-478152 3583560,-471050 3527019,-525233 3520085,-532598 3576593))
3308;POLYGON((6455515 5966094,6509115 5979581,6522982 5923904,6469649 5910485,6455515 5966094))
3112;POLYGON((-1385754 -2033110,-1332636 -2027703,-1327129 -2082880,-1380028 -2088266,-1385754 -2033110))
3577;POLYGON((-1173020 -1862188,-1119824 -1857701,-1115290 -1912741,-1168271 -1917210,-1173020 -1862188))
