4326;POLYGON((120.75 -38.0,121.25 -38.0,121.25 -38.5,120.75 -38.5,120.75 -38.0))
28348;POLYGON((1886916 5675128,1931208 5667307,1921106 5611337,1877147 5619186,1886916 5675128))
28349;POLYGON((1357020 5749044,1401079 5744261,1394845 5688579,1351098 5693381,1357020 5749044))
28350;POLYGON((829297 5787545,873222 5785654,870668 5730139,827045 5732038,829297 5787545))
28351;POLYGON((302443 5791796,346348 5792740,347398 5737255,303793 5736307,302443 5791796))
28352;POLYGON((-224934 5761926,-180932 5765734,-176247 5710137,-219941 5706314,-224934 5761926))
28353;POLYGON((-754175 5697031,-709971 5703818,-701511 5647980,-745391 5641168,-754175 5697031))
28354;POLYGON((-1286410 5595137,-1241922 5605109,-1229431 5548932,-1273568 5538928,-1286410 5595137))
28355;POLYGON((-1822366 5453128,-1777554 5466592,-1760653 5410030,-1805077 5396534,-1822366 5453128))
28356;POLYGON((-2362107 5266645,-2316999 5284014,-2295176 5227111,-2339847 5209719,-2362107 5266645))
28357;POLYGON((-2904687 5029956,-2859411 5051764,-2832006 4994701,-2876782 4972894,-2904687 5029956))
28358;POLYGON((-3447675 4735829,-3402504 4762738,-3368695 4705908,-3413290 4679044,-3447675 4735829))
3113;POLYGON((-2813224 -1536790,-2768098 -1519414,-2746267 -1576340,-2790955 -1593738,-2813224 -1536790))
3111;POLYGON((393021 2119211,435549 2130166,449254 2076379,407008 2065497,393021 2119211))
3107;POLYGON((-251875 1252069,-208191 1257762,-201121 1202512,-244549 1196853,-251875 1252069))
3308;POLYGON((7012818 3683986,7055488 3694831,7069070 3640851,7026658 3630071,7012818 3683986))
3112;POLYGON((-1169026 -4334749,-1125067 -4330186,-1119404 -4385803,-1163143 -4390343,-1169026 -4334749))
3577;POLYGON((-993574 -4198235,-949522 -4194433,-944894 -4249309,-988731 -4253092,-993574 -4198235))
