4326;POLYGON((121.0 -41.0,121.5 -41.0,121.5 -41.5,121.0 -41.5,121.0 -41.0))
28348;POLYGON((1847911 5336015,1890170 5327933,1879276 5272164,1837368 5280260,1847911 5336015))
28349;POLYGON((1341601 5412794,1383742 5407794,1376944 5352171,1335135 5357181,1341601 5412794))
28350;POLYGON((836444 5453531,878511 5451480,875630 5395950,833884 5398006,836444 5453531))
28351;POLYGON((331792 5459316,373845 5460159,374804 5404649,333070 5403804,331792 5459316))
28352;POLYGON((-173115 5430304,-131012 5434064,-126188 5378495,-167965 5374728,-173115 5430304))
28353;POLYGON((-678983 5365719,-636777 5372496,-627960 5316804,-669824 5310015,-678983 5365719))
28354;POLYGON((-1186287 5263833,-1143952 5273808,-1130909 5217962,-1172878 5207974,-1186287 5263833))
28355;POLYGON((-1695066 5121932,-1652622 5135370,-1635011 5079399,-1677056 5065955,-1695066 5121932))
28356;POLYGON((-2204664 4936272,-2162199 4953525,-2139565 4897553,-2181586 4880309,-2204664 4936272))
28357;POLYGON((-2713374 4702040,-2671081 4723551,-2642852 4667842,-2684649 4646371,-2713374 4702040))
28358;POLYGON((-3217998 4413352,-3176214 4439651,-3141705 4384676,-3182930 4358468,-3217998 4413352))
3113;POLYGON((-2655719 -1867292,-2613238 -1850032,-2590594 -1906026,-2632632 -1923277,-2655719 -1867292))
3111;POLYGON((497437 1801871,538297 1812282,551901 1758293,511325 1747955,497437 1801871))
3107;POLYGON((-186716 922526,-144558 927921,-137560 872215,-179460 866853,-186716 922526))
3308;POLYGON((7116623 3364925,7157765 3375277,7171308 3320902,7130426 3310616,7116623 3364925))
3112;POLYGON((-1112234 -4667800,-1069600 -4663460,-1063976 -4719814,-1106386 -4724132,-1112234 -4667800))
3577;POLYGON((-943283 -4523805,-900505 -4520197,-896044 -4574356,-938609 -4577946,-943283 -4523805))
