4326;POLYGON((120.75 -37.0,121.25 -37.0,121.25 -37.5,120.75 -37.5,120.75 -37.0))
28348;POLYGON((1906146 5787108,1951093 5779350,1941204 5723311,1896583 5731102,1906146 5787108))
28349;POLYGON((1368669 5860399,1413342 5855658,1407245 5799954,1362877 5804717,1368669 5860399))
28350;POLYGON((833726 5898549,878244 5896676,875747 5841166,831524 5843048,833726 5898549))
28351;POLYGON((299789 5902761,344285 5903696,345311 5848220,301108 5847280,299789 5902761))
28352;POLYGON((-234753 5873165,-190145 5876938,-185565 5821334,-229871 5817543,-234753 5873165))
28353;POLYGON((-771463 5808832,-726619 5815562,-718341 5759678,-762866 5752919,-771463 5808832))
28354;POLYGON((-1311705 5707726,-1266522 5717627,-1254286 5661341,-1299123 5651403,-1311705 5707726))
28355;POLYGON((-1856459 5566624,-1810877 5580011,-1794295 5523253,-1839494 5509825,-1856459 5566624))
28356;POLYGON((-2406074 5380986,-2360094 5398293,-2338639 5341075,-2384184 5323734,-2406074 5380986))
28357;POLYGON((-2959914 5144801,-2913639 5166589,-2886623 5109060,-2932399 5087258,-2959914 5144801))
28358;POLYGON((-3515898 4850404,-3469569 4877380,-3436130 4819895,-3481879 4792948,-3515898 4850404))
3113;POLYGON((-2857207 -1422405,-2811210 -1405091,-2789747 -1462331,-2835309 -1479679,-2857207 -1422405))
3111;POLYGON((365058 2226606,408150 2237706,421849 2183940,379038 2172913,365058 2226606))
3107;POLYGON((-266505 1362337,-222311 1368097,-215254 1312956,-259193 1307229,-266505 1362337))
3308;POLYGON((6985171 3791685,7028357 3802661,7041918 3748766,6998989 3737855,6985171 3791685))
3112;POLYGON((-1180761 -4223864,-1136360 -4219255,-1130718 -4274672,-1174899 -4279258,-1180761 -4223864))
3577;POLYGON((-1003287 -4088225,-958804 -4084386,-954159 -4139457,-998426 -4143278,-1003287 -4088225))
