4326;POLYGON((121.0 -37.25,121.5 -37.25,121.5 -37.75,121.0 -37.75,121.0 -37.25))
28348;POLYGON((1923766 5755246,1968564 5747341,1958457 5691304,1913988 5699241,1923766 5755246))
28349;POLYGON((1388040 5830211,1432569 5825337,1426283 5769628,1382062 5774524,1388040 5830211))
28350;POLYGON((854813 5869889,899188 5867893,896528 5812378,852450 5814383,854813 5869889))
28351;POLYGON((322622 5875519,366970 5876339,367854 5820863,323801 5820039,322622 5875519))
28352;POLYGON((-210088 5847275,-165638 5850937,-161182 5795342,-205330 5791664,-210088 5847275))
28353;POLYGON((-744831 5784277,-700157 5790895,-691993 5735036,-736347 5728391,-744831 5784277))
28354;POLYGON((-1282921 5684552,-1237926 5694334,-1225799 5638093,-1270448 5628275,-1282921 5684552))
28355;POLYGON((-1825297 5544954,-1779923 5558209,-1763452 5501519,-1808444 5488225,-1825297 5544954))
28356;POLYGON((-2372267 5361045,-2326519 5378196,-2305187 5321073,-2350502 5303890,-2372267 5361045))
28357;POLYGON((-2923167 5126947,-2877148 5148544,-2850281 5091137,-2895803 5069530,-2923167 5126947))
28358;POLYGON((-3475894 4835173,-3429849 4861904,-3396603 4804569,-3442073 4777868,-3475894 4835173))
3113;POLYGON((-2823388 -1442353,-2777622 -1425195,-2756282 -1482341,-2801614 -1499530,-2823388 -1442353))
3111;POLYGON((393516 2205320,436497 2216271,450055 2162466,407357 2151587,393516 2205320))
3107;POLYGON((-240820 1337686,-196740 1343327,-189808 1288144,-233633 1282536,-240820 1337686))
3308;POLYGON((7013601 3770272,7056684 3781112,7070121 3727166,7027295 3716390,7013601 3770272))
3112;POLYGON((-1155688 -4249228,-1111388 -4244718,-1105852 -4300194,-1149931 -4304682,-1155688 -4249228))
3577;POLYGON((-978670 -4113826,-934287 -4110083,-929754 -4165116,-973921 -4168841,-978670 -4113826))
