4326;POLYGON((121.25 -8.25,121.75 -8.25,121.75 -8.75,121.25 -8.75,121.25 -8.25))
28348;POLYGON((2313232 9050403,2370576 9047964,2368010 8990335,2310754 8992917,2313232 9050403))
28349;POLYGON((1634698 9073382,1690668 9071893,1689090 9015666,1633198 9017242,1634698 9073382))
28350;POLYGON((968471 9085567,1023701 9084943,1023020 9029483,967862 9030143,968471 9085567))
28351;POLYGON((307241 9087641,362325 9087848,362504 9032558,307491 9032339,307241 9087641))
28352;POLYGON((-356038 9079718,-300514 9080767,-299466 9025061,-354916 9023950,-356038 9079718))
28353;POLYGON((-1028523 9061359,-971950 9063308,-969974 9006578,-1026466 9004514,-1028523 9061359))
28354;POLYGON((-1717856 9031513,-1659567 9034477,-1656549 8976059,-1714744 8972922,-1717856 9031513))
28355;POLYGON((-2432599 8988370,-2371834 8992534,-2367586 8931670,-2428237 8927264,-2432599 8988370))
28356;POLYGON((-3182769 8929093,-3118622 8934742,-3112856 8870528,-3176858 8864553,-3182769 8929093))
28357;POLYGON((-3980501 8849395,-3911862 8856955,-3904143 8788266,-3972594 8780273,-3980501 8849395))
28358;POLYGON((-4840898 8742882,-4766370 8752988,-4756055 8678377,-4830329 8667699,-4840898 8742882))
3113;POLYGON((-3634206 2127086,-3570034 2132737,-3564265 2068498,-3628293 2062521,-3634206 2127086))
3111;POLYGON((-409895 5448469,-349870 5463594,-334875 5403419,-394583 5388373,-409895 5448469))
3107;POLYGON((-634940 4592552,-575792 4599982,-568483 4540689,-627357 4533293,-634940 4592552))
3308;POLYGON((6231161 6971020,6289573 6985568,6304012 6927000,6245880 6912521,6231161 6971020))
3112;POLYGON((-1459170 -1048379,-1402133 -1042687,-1396540 -1099878,-1453350 -1105547,-1459170 -1048379))
3577;POLYGON((-1226344 -912374,-1169430 -907686,-1165150 -960922,-1221856 -965593,-1226344 -912374))
