4326;POLYGON((121.5 -15.25,122.0 -15.25,122.0 -15.75,121.5 -15.75,121.5 -15.25))
28348;POLYGON((2293371 8244700,2349106 8240286,2344409 8182823,2288831 8187365,2293371 8244700))
28349;POLYGON((1633015 8286490,1687534 8283767,1684615 8227573,1630235 8230376,1633015 8286490))
28350;POLYGON((983648 8309019,1037499 8307842,1036202 8252355,982482 8253567,983648 8309019))
28351;POLYGON((338911 8313467,392613 8313776,392871 8258464,339298 8258146,338911 8313467))
28352;POLYGON((-307363 8300065,-253297 8301874,-251470 8246212,-305402 8244349,-307363 8300065))
28353;POLYGON((-961407 8268117,-906450 8271522,-902960 8214969,-957771 8211465,-961407 8268117))
28354;POLYGON((-1629776 8215919,-1573362 8221104,-1568020 8163085,-1624267 8157750,-1629776 8215919))
28355;POLYGON((-2319627 8140539,-2261129 8147805,-2253629 8087681,-2311928 8080209,-2319627 8140539))
28356;POLYGON((-3039046 8037438,-2977746 8047236,-2967623 7984279,-3028677 7974208,-3039046 8037438))
28357;POLYGON((-3797426 7899851,-3732481 7912850,-3719050 7846206,-3783679 7832856,-3797426 7899851))
28358;POLYGON((-4605925 7717868,-4536325 7735044,-4518586 7663692,-4587770 7646071,-4605925 7717868))
3113;POLYGON((-3490427 1235083,-3429103 1244885,-3418976 1181903,-3480054 1171829,-3490427 1235083))
3111;POLYGON((-172677 4633749,-116935 4647640,-102799 4590271,-158240 4576456,-172677 4633749))
3107;POLYGON((-503133 3782425,-447736 3789254,-440842 3732243,-495976 3725447,-503133 3782425))
3308;POLYGON((6460324 6175474,6514926 6188935,6528640 6132730,6474307 6119335,6460324 6175474))
3112;POLYGON((-1351973 -1833929,-1298062 -1828657,-1292747 -1884152,-1346437 -1889402,-1351973 -1833929))
3577;POLYGON((-1135640 -1665706,-1081675 -1661367,-1077379 -1716133,-1131130 -1720455,-1135640 -1665706))
