4326;POLYGON((121.0 -38.5,121.5 -38.5,121.5 -39.0,121.0 -39.0,121.0 -38.5))
28348;POLYGON((1899124 5615294,1943094 5607314,1932718 5551366,1889085 5559372,1899124 5615294))
28349;POLYGON((1372970 5691011,1416723 5686085,1410263 5630404,1366826 5635348,1372970 5691011))
28350;POLYGON((848855 5731119,892481 5729100,889746 5673580,846426 5675606,848855 5731119))
28351;POLYGON((325596 5736811,369199 5737640,370109 5682153,326809 5681320,325596 5736811))
28352;POLYGON((-198093 5708256,-154405 5711958,-149824 5656372,-193202 5652657,-198093 5708256))
28353;POLYGON((-723448 5644606,-679578 5651290,-671191 5595487,-714735 5588780,-723448 5644606))
28354;POLYGON((-1251497 5543964,-1207371 5553830,-1194930 5497720,-1238703 5487827,-1251497 5543964))
28355;POLYGON((-1782862 5403320,-1738450 5416663,-1721588 5360212,-1765610 5346842,-1782862 5403320))
28356;POLYGON((-2317509 5218458,-2272847 5235678,-2251064 5178940,-2295289 5161703,-2317509 5218458))
28357;POLYGON((-2854394 4983847,-2809618 5005458,-2782272 4948624,-2826551 4927019,-2854394 4983847))
28358;POLYGON((-3390997 4692532,-3346386 4719171,-3312686 4662638,-3356726 4636052,-3390997 4692532))
3113;POLYGON((-2768609 -1584996,-2723929 -1567769,-2702137 -1624529,-2746379 -1641773,-2768609 -1584996))
3111;POLYGON((428124 2070965,470398 2081736,483965 2027896,441973 2017197,428124 2070965))
3107;POLYGON((-222838 1199708,-179397 1205267,-172447 1149939,-215632 1144413,-222838 1199708))
3308;POLYGON((7047858 3635486,7090296 3646164,7103761 3592103,7061581 3581490,7047858 3635486))
3112;POLYGON((-1141276 -4388051,-1097529 -4383598,-1091966 -4439333,-1135492 -4443764,-1141276 -4388051))
3577;POLYGON((-966814 -4251179,-922969 -4247481,-918457 -4302260,-962088 -4305940,-966814 -4251179))
