4326;POLYGON((121.5 -34.25,122.0 -34.25,122.0 -34.75,121.5 -34.75,121.5 -34.25))
28348;POLYGON((2026886 6084306,2073629 6076386,2063878 6020090,2017447 6028057,2026886 6084306))
28349;POLYGON((1468788 6159827,1515123 6154875,1508978 6099067,1462933 6104051,1468788 6159827))
28350;POLYGON((914501 6200951,960597 6198795,957846 6143276,912026 6145446,914501 6200951))
28351;POLYGON((361879 6209106,407921 6209671,408470 6154225,362701 6153655,361879 6209106))
28352;POLYGON((-191299 6184572,-145125 6187878,-141259 6132286,-187152 6128958,-191299 6184572))
28353;POLYGON((-747233 6126501,-700749 6132663,-693431 6076713,-739619 6070513,-747233 6126501))
28354;POLYGON((-1307982 6032869,-1261023 6042102,-1250000 5985604,-1296635 5976317,-1307982 6032869))
28355;POLYGON((-1875316 5900359,-1827751 5912992,-1812634 5855793,-1859835 5843096,-1875316 5900359))
28356;POLYGON((-2450507 5724187,-2402256 5740681,-2382500 5682696,-2430334 5666135,-2450507 5724187))
28357;POLYGON((-3034021 5497853,-2985086 5518824,-2959963 5460079,-3008412 5439052,-3034021 5497853))
28358;POLYGON((-3625093 5212826,-3575596 5239070,-3544166 5179778,-3593087 5153506,-3625093 5212826))
3113;POLYGON((-2901658 -1079070,-2853388 -1062569,-2833624 -1120577,-2881477 -1137144,-2901658 -1079070))
3111;POLYGON((355146 2539108,399879 2550255,413160 2496358,368709 2485281,355146 2539108))
3107;POLYGON((-238220 1673536,-192586 1679161,-185938 1624179,-231317 1618585,-238220 1673536))
3308;POLYGON((6976227 4104146,7020909 4115161,7034047 4061315,6989623 4050363,6976227 4104146))
3112;POLYGON((-1144423 -3913688,-1098788 -3909226,-1093521 -3964226,-1138937 -3968667,-1144423 -3913688))
3577;POLYGON((-961630 -3778147,-915934 -3774473,-911579 -3829993,-957058 -3833650,-961630 -3778147))
