4326;POLYGON((121.5 -36.25,122.0 -36.25,122.0 -36.75,121.5 -36.75,121.5 -36.25))
28348;POLYGON((1988450 5859522,2033927 5851427,2023714 5795281,1978562 5803414,1988450 5859522))
28349;POLYGON((1444929 5936789,1490086 5931719,1483639 5875962,1438785 5881057,1444929 5936789))
28350;POLYGON((904416 5978920,949384 5976710,946494 5921186,901817 5923407,904416 5978920))
28351;POLYGON((365231 5987279,410156 5987858,410732 5932394,366095 5931811,365231 5987279))
28352;POLYGON((-174398 5962135,-129368 5965523,-125309 5909939,-170043 5906534,-174398 5962135))
28353;POLYGON((-716217 5902677,-670941 5908982,-663268 5853111,-708232 5846775,-716217 5902677))
28354;POLYGON((-1261800 5806972,-1216157 5816400,-1204622 5760096,-1249927 5750627,-1261800 5806972))
28355;POLYGON((-1812382 5671877,-1766288 5684740,-1750514 5627904,-1796233 5614996,-1812382 5671877))
28356;POLYGON((-2368623 5492907,-2322052 5509633,-2301519 5452244,-2347666 5435475,-2368623 5492907))
28357;POLYGON((-2930281 5264050,-2883297 5285204,-2857322 5227362,-2903816 5206181,-2930281 5264050))
28358;POLYGON((-3495761 4977554,-3448562 5003853,-3416277 4945856,-3462904 4919565,-3495761 4977554))
3113;POLYGON((-2819742 -1310439,-2773153 -1293707,-2752612 -1351119,-2798777 -1367895,-2819742 -1310439))
3111;POLYGON((409384 2323866,452987 2334732,466260 2280865,422940 2270070,409384 2323866))
3107;POLYGON((-210586 1453548,-165970 1459048,-159305 1403929,-203666 1398460,-210586 1453548))
3308;POLYGON((7029839 3888896,7073490 3899658,7086650 3845719,7043257 3835021,7029839 3888896))
3112;POLYGON((-1122432 -4134047,-1077675 -4129670,-1072377 -4184982,-1116915 -4189338,-1122432 -4134047))
3577;POLYGON((-943376 -3999747,-898548 -3996142,-894216 -4051371,-938828 -4054958,-943376 -3999747))
