4326;POLYGON((121.0 -22.0,121.5 -22.0,121.5 -22.5,121.0 -22.5,121.0 -22.0))
28348;POLYGON((2167210 7478372,2220346 7472567,2213948 7415551,2161028 7421457,2167210 7478372))
28349;POLYGON((1536016 7533066,1588228 7529528,1584297 7473512,1532280 7477112,1536016 7533066))
28350;POLYGON((913126 7561764,964839 7560325,963186 7504857,911658 7506323,913126 7561764))
28351;POLYGON((293527 7565822,345155 7566413,345704 7511055,294260 7510453,293527 7565822))
28352;POLYGON((-327714 7545428,-275760 7548077,-272984 7492391,-324748 7489695,-327714 7545428))
28353;POLYGON((-955574 7499626,-902876 7504458,-897742 7448000,-950234 7443083,-955574 7499626))
28354;POLYGON((-1595176 7426214,-1541298 7433465,-1533558 7375773,-1587203 7368398,-1595176 7426214))
28355;POLYGON((-2251902 7321510,-2196383 7331552,-2185643 7272142,-2240888 7261935,-2251902 7321510))
28356;POLYGON((-2931475 7179949,-2873825 7193331,-2859501 7131692,-2916820 7118101,-2931475 7179949))
28357;POLYGON((-3640035 6993462,-3579723 7010972,-3560982 6946571,-3620878 6928806,-3640035 6993462))
28358;POLYGON((-4384169 6750565,-4320630 6773318,-4296289 6705618,-4359294 6682565,-4384169 6750565))
3113;POLYGON((-3382814 377260,-3325141 390647,-3310812 328984,-3368153 315387,-3382814 377260))
3111;POLYGON((-32661 3859861,19014 3873028,32973 3817634,-18411 3804542,-32661 3859861))
3107;POLYGON((-459564 3016184,-407714 3022820,-400732 2967241,-452325 2960639,-459564 3016184))
3308;POLYGON((6595577 5415011,6646538 5427834,6660146 5373197,6609447 5360440,6595577 5415011))
3112;POLYGON((-1328794 -2581782,-1277859 -2576596,-1272409 -2631208,-1323127 -2636371,-1328794 -2581782))
3577;POLYGON((-1125266 -2415441,-1074236 -2411137,-1069652 -2466789,-1120464 -2471075,-1125266 -2415441))
