4326;POLYGON((121.25 -32.25,121.75 -32.25,121.75 -32.75,121.25 -32.75,121.25 -32.25))
28348;POLYGON((2039532 6313401,2087464 6305822,2078338 6249408,2030704 6257043,2039532 6313401))
28349;POLYGON((1467757 6385356,1515197 6380664,1509500 6324826,1462334 6329555,1467757 6385356))
28350;POLYGON((900501 6423917,947663 6421937,945185 6366430,898285 6368427,900501 6423917))
28351;POLYGON((335142 6430509,382248 6431167,382898 6375736,336052 6375072,335142 6430509))
28352;POLYGON((-230999 6405372,-183725 6408694,-179924 6353080,-226930 6349732,-230999 6405372))
28353;POLYGON((-800580 6347583,-752920 6353690,-745828 6297641,-793203 6291486,-800580 6347583))
28354;POLYGON((-1376148 6254989,-1327897 6264110,-1317250 6207389,-1365189 6198202,-1376148 6254989))
28355;POLYGON((-1960024 6124071,-1911000 6136558,-1896394 6078959,-1945064 6066392,-1960024 6124071))
28356;POLYGON((-2554111 5949721,-2504179 5966066,-2485041 5907442,-2534565 5891008,-2554111 5949721))
28357;POLYGON((-3159625 5724915,-3108717 5745787,-3084277 5686091,-3134701 5665132,-3159625 5724915))
28358;POLYGON((-3776696 5440290,-3724855 5466571,-3694093 5405927,-3745351 5379580,-3776696 5440290))
3113;POLYGON((-3005303 -853448,-2955351 -837096,-2936206 -895742,-2985749 -912184,-3005303 -853448))
3111;POLYGON((277925 2748827,323762 2760377,337208 2706420,291655 2694941,277925 2748827))
3107;POLYGON((-289123 1890196,-242486 1896054,-235718 1841154,-282102 1835328,-289123 1890196))
3308;POLYGON((6899829 4313478,6945514 4324857,6958775 4271067,6913347 4259753,6899829 4313478))
3112;POLYGON((-1189555 -3696733,-1143057 -3692093,-1137703 -3746845,-1183983 -3751464,-1189555 -3696733))
3577;POLYGON((-1003241 -3557531,-956681 -3553695,-952201 -3609416,-998543 -3613233,-1003241 -3557531))
