4326;POLYGON((121.25 -27.5,121.75 -27.5,121.75 -28.0,121.25 -28.0,121.25 -27.5))
28348;POLYGON((2117492 6850382,2168062 6843462,2160109 6786727,2109800 6793726,2117492 6850382))
28349;POLYGON((1515540 6915945,1565405 6911676,1560459 6855735,1510833 6860053,1515540 6915945))
28350;POLYGON((920006 6950981,969480 6949183,967333 6893689,918086 6895509,920006 6950981))
28351;POLYGON((327132 6956963,376528 6957561,377091 6902168,327920 6901563,327132 6956963))
28352;POLYGON((-266836 6934140,-217205 6937157,-213909 6881519,-263308 6878465,-266836 6934140))
28353;POLYGON((-865657 6881557,-815479 6887121,-809312 6830891,-859242 6825262,-865657 6881557))
28354;POLYGON((-1473087 6796980,-1422048 6805330,-1412748 6748163,-1463509 6739719,-1473087 6796980))
28355;POLYGON((-2092848 6676698,-2040641 6688206,-2027796 6629765,-2079684 6618136,-2092848 6676698))
28356;POLYGON((-2728554 6515205,-2674885 6530409,-2657901 6470382,-2711192 6455033,-2728554 6515205))
28357;POLYGON((-3383559 6304722,-3328164 6324373,-3306212 6262498,-3361147 6242684,-3383559 6304722))
28358;POLYGON((-4060718 6034512,-4003386 6059638,-3975332 5995761,-4032093 5970467,-4060718 6034512))
3113;POLYGON((-3179813 -287743,-3126124 -272533,-3109133 -332583,-3162444 -347938,-3179813 -287743))
3111;POLYGON((146932 3262965,195471 3275196,209035 3220762,160783 3208603,146932 3262965))
3107;POLYGON((-355862 2411720,-306810 2417882,-300029 2362873,-348827 2356744,-355862 2411720))
3308;POLYGON((6771216 4824638,6819348 4836627,6832658 4782637,6784784 4770713,6771216 4824638))
3112;POLYGON((-1242307 -3178569,-1193746 -3173723,-1188420 -3228195,-1236763 -3233020,-1242307 -3178569))
3577;POLYGON((-1047986 -3027028,-999349 -3023022,-994854 -3078935,-1043271 -3082923,-1047986 -3027028))
