4326;POLYGON((121.0 -40.75,121.5 -40.75,121.5 -41.25,121.0 -41.25,121.0 -40.75))
28348;POLYGON((1853146 5363905,1895579 5355830,1884736 5300044,1842652 5308133,1853146 5363905))
28349;POLYGON((1344810 5440605,1387116 5435610,1380351 5379981,1338376 5384986,1344810 5440605))
28350;POLYGON((837714 5481292,879941 5479244,877074 5423715,835167 5425769,837714 5481292))
28351;POLYGON((331157 5487070,373370 5487912,374323 5432405,332429 5431561,331157 5487070))
28352;POLYGON((-175671 5458094,-133405 5461849,-128606 5406279,-170546 5402516,-175671 5458094))
28353;POLYGON((-683529 5393581,-641153 5400350,-632379 5344647,-674414 5337864,-683529 5393581))
28354;POLYGON((-1192946 5291784,-1150429 5301751,-1137445 5245878,-1179597 5235897,-1192946 5291784))
28355;POLYGON((-1704016 5149958,-1661373 5163391,-1643835 5107373,-1686080 5093931,-1704016 5149958))
28356;POLYGON((-2216140 4964312,-2173455 4981568,-2150902 4925520,-2193145 4908271,-2216140 4964312))
28357;POLYGON((-2727674 4729960,-2685133 4751489,-2656987 4695669,-2699032 4674177,-2727674 4729960))
28358;POLYGON((-3235476 4440911,-3193412 4467253,-3158978 4412126,-3200482 4385871,-3235476 4440911))
3113;POLYGON((-2667200 -1839241,-2624498 -1821978,-2601936 -1878048,-2644196 -1895304,-2667200 -1839241))
3111;POLYGON((490497 1828815,531498 1839261,545098 1785292,504380 1774918,490497 1828815))
3107;POLYGON((-190339 950330,-148053 955741,-141060 900079,-183089 894700,-190339 950330))
3308;POLYGON((7109728 3392053,7151000 3402437,7164534 3348099,7123522 3337780,7109728 3392053))
3112;POLYGON((-1115153 -4639685,-1072407 -4635333,-1066789 -4691620,-1109312 -4695949,-1115153 -4639685))
3577;POLYGON((-945624 -4496683,-902740 -4493066,-898273 -4547294,-940944 -4550893,-945624 -4496683))
