4326;POLYGON((121.25 -35.5,121.75 -35.5,121.75 -36.0,121.25 -36.0,121.25 -35.5))
28348;POLYGON((1980109 5947670,2026049 5939766,2016168 5883584,1970546 5891529,1980109 5947670))
28349;POLYGON((1431219 6022831,1476812 6017924,1470626 5962161,1425330 5967096,1431219 6022831))
28350;POLYGON((885561 6063193,930954 6061119,928258 6005603,883151 6007689,885561 6063193))
28351;POLYGON((341278 6070098,386630 6070788,387337 6015329,342269 6014635,341278 6070098))
28352;POLYGON((-203572 6043775,-158098 6047252,-153966 5991655,-199149 5988159,-203572 6043775))
28353;POLYGON((-750900 5983350,-705151 5989729,-697457 5933812,-742900 5927398,-750900 5983350))
28354;POLYGON((-1302451 5886805,-1256289 5896301,-1244778 5839901,-1290606 5830359,-1302451 5886805))
28355;POLYGON((-1859638 5750874,-1812965 5763809,-1797249 5706811,-1843550 5693822,-1859638 5750874))
28356;POLYGON((-2423319 5570892,-2376091 5587715,-2355633 5530076,-2402437 5513201,-2423319 5570892))
28357;POLYGON((-2993460 5340589,-2945724 5361888,-2919817 5303690,-2967061 5282353,-2993460 5340589))
28358;POLYGON((-3568698 5051831,-3520632 5078362,-3488370 5019880,-3535859 4993346,-3568698 5051831))
3113;POLYGON((-2874459 -1232424,-2827213 -1215595,-2806748 -1273257,-2853569 -1290137,-2874459 -1232424))
3111;POLYGON((367057 2398993,411055 2410079,424471 2356244,380755 2345228,367057 2398993))
3107;POLYGON((-243446 1533254,-198461 1538904,-191675 1483860,-236406 1478241,-243446 1533254))
3308;POLYGON((6987725 3964148,7031737 3975110,7045016 3921246,7001262 3910348,6987725 3964148))
3112;POLYGON((-1153230 -4053541,-1108152 -4049042,-1102756 -4104218,-1147615 -4108694,-1153230 -4053541))
3577;POLYGON((-972782 -3918662,-927636 -3914943,-923186 -3970282,-968116 -3973983,-972782 -3918662))
