4326;POLYGON((122.5 -18.0,123.0 -18.0,123.0 -18.5,122.5 -18.5,122.5 -18.0))
28348;POLYGON((2376407 7919243,2431461 7913795,2425598 7856209,2370731 7861785,2376407 7919243))
28349;POLYGON((1724120 7971484,1777969 7968022,1774219 7911709,1720537 7915253,1724120 7971484))
28350;POLYGON((1082973 8001148,1136122 7999495,1134293 7943929,1081299 7945622,1082973 8001148))
28351;POLYGON((447068 8009743,500000 8009814,500000 7954494,447219 7954421,447068 8009743))
28352;POLYGON((-189311 7997694,-136122 7999495,-134293 7943929,-187327 7942086,-189311 7997694))
28353;POLYGON((-831897 7964403,-777969 7968022,-774219 7911709,-827981 7908005,-831897 7964403))
28354;POLYGON((-1486639 7908169,-1431461 7913795,-1425598 7856209,-1480588 7850452,-1486639 7908169))
28355;POLYGON((-2159910 7825993,-2102930 7833932,-2094636 7774503,-2151394 7766382,-2159910 7825993))
28356;POLYGON((-2858736 7713208,-2799338 7723927,-2788130 7662023,-2847257 7651067,-2858736 7713208))
28357;POLYGON((-3591040 7562895,-3528523 7577075,-3513694 7511984,-3575869 7497503,-3591040 7562895))
28358;POLYGON((-4365925 7364994,-4299477 7383621,-4280006 7314533,-4346007 7295533,-4365925 7364994))
3113;POLYGON((-3310047 910727,-3250626 921450,-3239413 859522,-3298563 848561,-3310047 910727))
3111;POLYGON((14484 4347323,68719 4360235,82047 4303592,28109 4290751,14484 4347323))
3107;POLYGON((-356024 3483644,-302011 3489795,-295719 3433386,-349471 3427265,-356024 3483644))
3308;POLYGON((6643143 5894293,6696397 5906882,6709407 5851254,6656419 5838728,6643143 5894293))
3112;POLYGON((-1216208 -2127886,-1163467 -2123152,-1158633 -2178246,-1211154 -2182960,-1216208 -2127886))
3577;POLYGON((-1005170 -1959576,-952356 -1955746,-948458 -2010985,-1001056 -2014800,-1005170 -1959576))
