4326;POLYGON((121.75 -41.5,122.25 -41.5,122.25 -42.0,121.75 -42.0,121.75 -41.5))
28348;POLYGON((1900234 5268017,1942155 5259523,1930626 5203775,1889061 5212280,1900234 5268017))
28349;POLYGON((1397852 5349571,1439672 5344185,1432304 5288559,1390820 5293955,1397852 5349571))
28350;POLYGON((896504 5394831,938254 5392411,934856 5336872,893431 5339298,896504 5394831))
28351;POLYGON((395670 5404981,437402 5405464,437886 5349951,396477 5349468,395670 5404981))
28352;POLYGON((-105301 5380287,-63532 5383685,-59154 5328130,-100594 5324725,-105301 5380287))
28353;POLYGON((-607031 5320102,-565179 5326505,-556793 5270850,-598302 5264437,-607031 5320102))
28354;POLYGON((-1109928 5222852,-1067971 5232427,-1055361 5176648,-1096952 5167064,-1109928 5222852))
28355;POLYGON((-1613990 5086009,-1571951 5099004,-1554793 5043134,-1596435 5030135,-1613990 5086009))
28356;POLYGON((-2118551 4906050,-2076517 4922798,-2054380 4866959,-2095975 4850223,-2118551 4906050))
28357;POLYGON((-2621942 4678439,-2580102 4699355,-2552441 4643805,-2593793 4622929,-2621942 4678439))
28358;POLYGON((-3121067 4397624,-3079745 4423210,-3045911 4368401,-3086686 4342905,-3121067 4397624))
3113;POLYGON((-2569572 -1897525,-2527523 -1880772,-2505376 -1936632,-2546988 -1953374,-2569572 -1897525))
3111;POLYGON((572210 1763382,612867 1773400,626056 1719263,585683 1709315,572210 1763382))
3107;POLYGON((-116601 874823,-74665 879894,-68043 824050,-109721 819011,-116601 874823))
3308;POLYGON((7191768 3325972,7232723 3335964,7245894 3281417,7205200 3271488,7191768 3325972))
3112;POLYGON((-1042764 -4717719,-1000329 -4713654,-995029 -4770182,-1037239 -4774225,-1042764 -4717719))
3577;POLYGON((-874756 -4572623,-832170 -4569283,-828037 -4623325,-870412 -4626649,-874756 -4572623))
