4326;POLYGON((121.75 -35.0,122.25 -35.0,122.25 -35.5,121.75 -35.5,121.75 -35.0))
28348;POLYGON((2035817 5995984,2082110 5987863,2072024 5931601,2026049 5939766,2035817 5995984))
28349;POLYGON((1482924 6073698,1528835 6068578,1522428 6012774,1476812 6017924,1482924 6073698))
28350;POLYGON((933616 6116633,979302 6114340,976357 6058812,930954 6061119,933616 6116633))
28351;POLYGON((385932 6126243,431560 6126699,431979 6071248,386630 6070788,385932 6126243))
28352;POLYGON((-162181 6102850,-116438 6106072,-112641 6050493,-158098 6047252,-162181 6102850))
28353;POLYGON((-712754 6045667,-666731 6051763,-659430 5995860,-705151 5989729,-712754 6045667))
28354;POLYGON((-1267671 5952750,-1221220 5961928,-1210167 5905526,-1256289 5896301,-1267671 5952750))
28355;POLYGON((-1828516 5820901,-1781522 5833478,-1766337 5776443,-1812965 5763809,-1828516 5820901))
28356;POLYGON((-2396353 5645506,-2348753 5661926,-2328909 5604193,-2376091 5587715,-2396353 5645506))
28357;POLYGON((-2971417 5420316,-2923234 5441169,-2898025 5382788,-2945724 5361888,-2971417 5420316))
28358;POLYGON((-3552680 5137173,-3504060 5163219,-3472582 5104424,-3520632 5078362,-3552680 5137173))
3113;POLYGON((-2847483 -1157781,-2799865 -1141355,-2780012 -1199110,-2827213 -1215595,-2847483 -1157781))
3111;POLYGON((397637 2463923,441976 2474848,455110 2420935,411055 2410079,397637 2463923))
3107;POLYGON((-205242 1593914,-159976 1599388,-153450 1544347,-198461 1538904,-205242 1593914))
3308;POLYGON((7018463 4028952,7062785 4039766,7075800 3985861,7031737 3975110,7018463 4028952))
3112;POLYGON((-1113540 -3993945,-1068224 -3989604,-1063056 -4044723,-1108152 -4049042,-1113540 -3993945))
3577;POLYGON((-932091 -3859531,-886714 -3855972,-882475 -3911401,-927636 -3914943,-932091 -3859531))
