4326;POLYGON((122.0 -40.5,122.5 -40.5,122.5 -41.0,122.0 -41.0,122.0 -40.5))
28348;POLYGON((1943582 5375405,1986215 5366806,1974720 5310970,1932440 5319585,1943582 5375405))
28349;POLYGON((1432953 5458191,1475443 5452702,1468050 5397042,1425892 5402544,1432953 5458191))
28350;POLYGON((923754 5504720,966148 5502190,962657 5446650,920582 5449186,923754 5504720))
28351;POLYGON((415265 5516265,457632 5516625,457949 5461122,415897 5460761,415265 5516265))
28352;POLYGON((-93368 5493141,-50955 5496401,-46823 5440846,-88914 5437577,-93368 5493141))
28353;POLYGON((-602976 5434715,-560454 5440965,-552394 5385278,-594581 5379015,-602976 5434715))
28354;POLYGON((-1114191 5339390,-1071519 5348800,-1059314 5292933,-1101627 5283507,-1114191 5339390))
28355;POLYGON((-1627255 5204562,-1584433 5217389,-1567754 5161346,-1610184 5148507,-1627255 5204562))
28356;POLYGON((-2141763 5026572,-2098858 5043162,-2077259 4987034,-2119730 4970445,-2141763 5026572))
28357;POLYGON((-2656333 4800649,-2613507 4821444,-2586424 4765455,-2628764 4744688,-2656333 4800649))
28358;POLYGON((-3168174 4520888,-3125726 4546423,-3092472 4490990,-3134371 4465529,-3168174 4520888))
3113;POLYGON((-2592793 -1776957,-2549871 -1760361,-2528265 -1816510,-2570753 -1833106,-2592793 -1776957))
3111;POLYGON((565900 1876498,607150 1886548,620178 1832458,579211 1822477,565900 1876498))
3107;POLYGON((-109105 988773,-66641 993808,-60170 938125,-102376 933121,-109105 988773))
3308;POLYGON((7185691 3439799,7227191 3449819,7240196 3395389,7198957 3385432,7185691 3439799))
3112;POLYGON((-1032335 -4603047,-989444 -4599025,-984281 -4655288,-1026948 -4659289,-1032335 -4603047))
3577;POLYGON((-861973 -4462444,-818956 -4459154,-814909 -4513483,-857714 -4516756,-861973 -4462444))
