4326;POLYGON((122.5 -21.25,123.0 -21.25,123.0 -21.75,122.5 -21.75,122.5 -21.25))
28348;POLYGON((2336896 7546256,2390656 7540016,2383819 7482628,2330274 7488982,2336896 7546256))
28349;POLYGON((1699155 7606155,1751849 7602182,1747467 7545941,1694966 7549989,1699155 7606155))
28350;POLYGON((1071302 7640224,1123374 7638323,1121233 7582760,1069342 7584696,1071302 7640224))
28351;POLYGON((448122 7650101,500000 7650183,500000 7594844,448299 7594760,448122 7650101))
28352;POLYGON((-175481 7636255,-123374 7638323,-121233 7582760,-173159 7580652,-175481 7636255))
28353;POLYGON((-804615 7598029,-751849 7602182,-747467 7545941,-800038 7541710,-804615 7598029))
28354;POLYGON((-1444526 7533574,-1390656 7540016,-1383819 7482628,-1437470 7476068,-1444526 7533574))
28355;POLYGON((-2100730 7439649,-2045283 7448710,-2035642 7389679,-2090834 7380457,-2100730 7439649))
28356;POLYGON((-2779126 7311257,-2721593 7323433,-2708625 7262229,-2765850 7249846,-2779126 7311257))
28357;POLYGON((-3486104 7141076,-3425932 7157085,-3408879 7093144,-3468668 7076880,-3486104 7141076))
28358;POLYGON((-4228634 6918611,-4165217 6939475,-4143002 6872208,-4205927 6851040,-4228634 6918611))
3113;POLYGON((-3230406 508619,-3172850 520800,-3159877 459571,-3217124 447184,-3230406 508619))
3111;POLYGON((102454 3982067,154770 3994522,167895 3938741,115872 3926356,102454 3982067))
3107;POLYGON((-313641 3118979,-261316 3124937,-255093 3069149,-307160 3063219,-313641 3118979))
3308;POLYGON((6728975 5535055,6780508 5547237,6793361 5492280,6742090 5480160,6728975 5535055))
3112;POLYGON((-1183457 -2484780,-1132137 -2480174,-1127334 -2534906,-1178437 -2539493,-1183457 -2484780))
3577;POLYGON((-978343 -2319685,-926938 -2315957,-923013 -2371589,-974199 -2375302,-978343 -2319685))
