4326;POLYGON((121.75 -21.0,122.25 -21.0,122.25 -21.5,121.75 -21.5,121.75 -21.0))
28348;POLYGON((2259554 7583809,2313260 7577922,2306816 7520689,2253320 7526686,2259554 7583809))
28349;POLYGON((1622160 7639815,1674847 7636144,1670799 7580008,1618301 7583749,1622160 7639815))
28350;POLYGON((994085 7670501,1046198 7668867,1044349 7613356,992414 7615021,994085 7670501))
28351;POLYGON((370081 7677344,422051 7677669,422314 7622328,370518 7621996,370081 7677344))
28352;POLYGON((-254991 7660670,-202735 7662969,-200349 7607346,-252424 7605002,-254991 7660670))
28353;POLYGON((-886300 7619684,-833324 7624068,-828701 7567703,-881481 7563236,-886300 7619684))
28354;POLYGON((-1529178 7552387,-1475028 7559073,-1467940 7501490,-1521870 7494680,-1529178 7552387))
28355;POLYGON((-2189252 7455357,-2133444 7464692,-2123525 7405384,-2179075 7395881,-2189252 7455357))
28356;POLYGON((-2872568 7323361,-2814581 7335864,-2801285 7274288,-2858959 7261571,-2872568 7323361))
28357;POLYGON((-3585710 7148753,-3524971 7165172,-3507509 7100750,-3567856 7084066,-3585710 7148753))
28358;POLYGON((-4335897 6920580,-4271778 6941983,-4249027 6874105,-4312641 6852386,-4335897 6920580))
3113;POLYGON((-3323884 520727,-3265874 533235,-3252573 471636,-3310270 458913,-3323884 520727))
3111;POLYGON((17165 3990717,69528 4003619,83106 3947884,31036 3935053,17165 3990717))
3107;POLYGON((-395512 3137474,-343101 3143812,-336486 3088026,-388640 3081720,-395512 3137474))
3308;POLYGON((6645022 5543753,6696598 5556337,6709856 5501428,6658542 5488908,6645022 5543753))
3112;POLYGON((-1263077 -2464716,-1211677 -2459793,-1206545 -2514517,-1257728 -2519419,-1263077 -2464716))
3577;POLYGON((-1057654 -2297878,-1006164 -2293839,-1001913 -2349423,-1053186 -2353444,-1057654 -2297878))
