4326;POLYGON((122.25 -30.5,122.75 -30.5,122.75 -31.0,122.25 -31.0,122.25 -30.5))
28348;POLYGON((2167455 6495939,2216515 6488085,2207237 6431413,2158465 6439336,2167455 6495939))
28349;POLYGON((1582935 6571409,1631386 6566405,1625432 6510437,1577247 6515487,1582935 6571409))
28350;POLYGON((1004136 6614065,1052225 6611715,1049365 6556170,1001528 6558543,1004136 6614065))
28351;POLYGON((428028 6625569,476009 6625781,476133 6570371,428399 6570156,428028 6625569))
28352;POLYGON((-148464 6606365,-100333 6609148,-97222 6553579,-145100 6550770,-148464 6606365))
28353;POLYGON((-728412 6555710,-679877 6561173,-673658 6505157,-721925 6499645,-728412 6555710))
28354;POLYGON((-1314824 6471625,-1265638 6479981,-1256067 6423239,-1304959 6414810,-1314824 6471625))
28355;POLYGON((-1910562 6350744,-1860495 6362333,-1847190 6304605,-1896923 6292923,-1910562 6350744))
28356;POLYGON((-2518209 6188075,-2467062 6203382,-2449469 6144451,-2500228 6129036,-2518209 6188075))
28357;POLYGON((-3139840 5976638,-3087466 5996332,-3064826 5936058,-3116738 5916249,-3139840 5976638))
28358;POLYGON((-3776701 5706965,-3723038 5731946,-3694331 5670325,-3747432 5645238,-3776701 5706965))
3113;POLYGON((-2969386 -615001,-2918219 -599687,-2900620 -658641,-2951398 -674063,-2969386 -615001))
3111;POLYGON((323519 2961071,370470 2972379,383380 2918149,336714 2906909,323519 2961071))
3107;POLYGON((-218615 2093932,-171036 2099462,-164777 2044506,-212102 2039005,-218615 2093932))
3308;POLYGON((6945728 4524559,6992423 4535716,7005175 4481770,6958739 4470675,6945728 4524559))
3112;POLYGON((-1114484 -3496281,-1067189 -3491941,-1062284 -3546586,-1109362 -3550906,-1114484 -3496281))
3577;POLYGON((-925046 -3354679,-877692 -3351151,-873640 -3407024,-920774 -3410535,-925046 -3354679))
