4326;POLYGON((122.5 -13.75,123.0 -13.75,123.0 -14.25,122.5 -14.25,122.5 -13.75))
28348;POLYGON((2418627 8408642,2475073 8404345,2470526 8346541,2414226 8350980,2418627 8408642))
28349;POLYGON((1750739 8449790,1805821 8447066,1802921 8390675,1747967 8393489,1750739 8449790))
28350;POLYGON((1095402 8473114,1149699 8471814,1148286 8416246,1094109 8417589,1095402 8473114))
28351;POLYGON((445946 8479866,500000 8479922,500000 8424624,446062 8424566,445946 8479866))
28352;POLYGON((-204041 8470400,-149699 8471814,-148286 8416246,-202508 8414784,-204041 8470400))
28353;POLYGON((-860995 8444218,-805821 8447066,-802921 8390675,-857965 8387732,-860995 8444218))
28354;POLYGON((-1531659 8399907,-1475073 8404345,-1470526 8346541,-1526965 8341957,-1531659 8399907))
28355;POLYGON((-2223400 8334956,-2164754 8341242,-2158299 8281372,-2216769 8274881,-2223400 8334956))
28356;POLYGON((-2944565 8245415,-2883117 8253945,-2874349 8191258,-2935581 8182456,-2944565 8245415))
28357;POLYGON((-3704920 8125356,-3639790 8136718,-3628110 8070323,-3692963 8058607,-3704920 8125356))
28358;POLYGON((-4516180 7966032,-4446301 7981088,-4430829 7909904,-4500340 7894392,-4516180 7966032))
3113;POLYGON((-3395909 1443142,-3334437 1451675,-3325666 1388963,-3386921 1380157,-3395909 1443142))
3111;POLYGON((-102878 4834618,-46082 4848140,-32424 4790093,-88916 4776644,-102878 4834618))
3107;POLYGON((-412293 3967779,-356038 3974185,-349626 3916695,-405614 3910319,-412293 3967779))
3308;POLYGON((6529051 6371813,6584592 6384943,6597870 6328170,6542600 6315104,6529051 6371813))
3112;POLYGON((-1259467 -1656473,-1204851 -1651571,-1199951 -1707401,-1254346 -1712283,-1259467 -1656473))
3577;POLYGON((-1039896 -1493445,-985257 -1489482,-981410 -1544001,-1035835 -1547948,-1039896 -1493445))
