4326;POLYGON((122.25 -17.0,122.75 -17.0,122.75 -17.5,122.25 -17.5,122.25 -17.0))
28348;POLYGON((2359657 8036771,2415006 8031666,2409538 7974090,2354365 7979324,2359657 8036771))
28349;POLYGON((1703950 8085564,1758077 8082344,1754604 8026054,1700634 8029356,1703950 8085564))
28350;POLYGON((1059480 8112935,1112907 8111431,1111248 8055885,1057968 8057428,1059480 8112935))
28351;POLYGON((420165 8120292,473389 8120427,473460 8065113,420380 8064974,420165 8120292))
28352;POLYGON((-219882 8108005,-166373 8109788,-164568 8054200,-217929 8052372,-219882 8108005))
28353;POLYGON((-866579 8075454,-812285 8078974,-808655 8022598,-862789 8018988,-866579 8075454))
28354;POLYGON((-1526089 8020950,-1470482 8026393,-1464836 7968684,-1520263 7963104,-1526089 8020950))
28355;POLYGON((-2205062 7941531,-2147563 7949201,-2139589 7889566,-2196875 7881708,-2205062 7941531))
28356;POLYGON((-2910887 7832595,-2850845 7842950,-2840069 7780725,-2899850 7770121,-2910887 7832595))
28357;POLYGON((-3651994 7687297,-3588659 7701013,-3574384 7635436,-3637387 7621403,-3651994 7687297))
28358;POLYGON((-4438190 7495658,-4370682 7513714,-4351898 7443904,-4418971 7425451,-4438190 7495658))
3113;POLYGON((-3362218 1030160,-3302153 1040519,-3291372 978269,-3351176 967662,-3362218 1030160))
3111;POLYGON((-40264 4454282,14533 4467479,28081 4410571,-26417 4397445,-40264 4454282))
3107;POLYGON((-396426 3593539,-341904 3599876,-335456 3543255,-389716 3536949,-396426 3593539))
3308;POLYGON((6589634 5999329,6643392 6012173,6656592 5956335,6603101 5943554,6589634 5999329))
3112;POLYGON((-1252918 -2019987,-1199748 -2015108,-1194791 -2070338,-1247741 -2075197,-1252918 -2019987))
3577;POLYGON((-1039998 -1851361,-986761 -1847395,-982766 -1902477,-1035788 -1906427,-1039998 -1851361))
