4326;POLYGON((122.0 -39.25,122.5 -39.25,122.5 -39.75,122.0 -39.75,122.0 -39.25))
28348;POLYGON((1970973 5515124,2014474 5506576,2003252 5450637,1960097 5459207,1970973 5515124))
28349;POLYGON((1450298 5597367,1493603 5591916,1486394 5536220,1443413 5541687,1450298 5597367))
28350;POLYGON((931541 5643549,974720 5641039,971318 5585500,928450 5588018,931541 5643549))
28351;POLYGON((413712 5655003,456856 5655360,457164 5599870,414329 5599511,413712 5655003))
28352;POLYGON((-104303 5632059,-61101 5635294,-57074 5579736,-99963 5576490,-104303 5632059))
28353;POLYGON((-623602 5574055,-580254 5580261,-572394 5524529,-615414 5518304,-623602 5574055))
28354;POLYGON((-1145088 5479316,-1101531 5488674,-1089613 5432689,-1132818 5423309,-1145088 5479316))
28355;POLYGON((-1669290 5345102,-1625500 5357881,-1609183 5301619,-1652587 5288818,-1669290 5345102))
28356;POLYGON((-2196110 5167534,-2152126 5184104,-2130945 5127620,-2174498 5111038,-2196110 5167534))
28357;POLYGON((-2724492 4941507,-2680449 4962341,-2653806 4905823,-2697362 4885000,-2724492 4941507))
28358;POLYGON((-3251976 4660610,-3208146 4686294,-3175304 4630123,-3218579 4604493,-3251976 4660610))
3113;POLYGON((-2647162 -1635939,-2603161 -1619364,-2581972 -1675869,-2625542 -1692457,-2647162 -1635939))
3111;POLYGON((532656 2011411,574616 2021634,587624 1967621,545948 1957467,532656 2011411))
3107;POLYGON((-125887 1127562,-82781 1132673,-76332 1077182,-119181 1072102,-125887 1127562))
3308;POLYGON((7152598 3575432,7194748 3585609,7207714 3531339,7165824 3521224,7152598 3575432))
3112;POLYGON((-1045749 -4462996,-1002301 -4458922,-997166 -4514872,-1040392 -4518925,-1045749 -4462996))
3577;POLYGON((-872667 -4326107,-829116 -4322777,-825045 -4377419,-868382 -4380733,-872667 -4326107))
