4326;POLYGON((122.5 -20.0,123.0 -20.0,123.0 -20.5,122.5 -20.5,122.5 -20.0))
28348;POLYGON((2352821 7689571,2407101 7683625,2400635 7626158,2346559 7632223,2352821 7689571))
28349;POLYGON((1709223 7746617,1762382 7742835,1758242 7686565,1705265 7690425,1709223 7746617))
28350;POLYGON((1076011 7779042,1128517 7777234,1126495 7721669,1074160 7723515,1076011 7779042))
28351;POLYGON((447696 7788440,500000 7788518,500000 7733187,447864 7733107,447696 7788440))
28352;POLYGON((-181060 7775265,-128517 7777234,-126495 7721669,-178867 7719660,-181060 7775265))
28353;POLYGON((-815617 7738881,-762382 7742835,-758242 7686565,-811292 7682530,-815617 7738881))
28354;POLYGON((-1461497 7677487,-1407101 7683625,-1400635 7626158,-1454824 7619897,-1461497 7677487))
28355;POLYGON((-2124555 7587922,-2068493 7596568,-2059363 7537378,-2115183 7528563,-2124555 7587922))
28356;POLYGON((-2811131 7465294,-2752852 7476933,-2740549 7415450,-2798534 7403592,-2811131 7465294))
28357;POLYGON((-3528212 7302397,-3467106 7317738,-3450889 7253341,-3511626 7237727,-3528212 7302397))
28358;POLYGON((-4283592 7088847,-4218974 7108903,-4197781 7040918,-4261923 7020530,-4283592 7088847))
3113;POLYGON((-3262423 662715,-3204122 674359,-3191814 612853,-3249821 600990,-3262423 662715))
3111;POLYGON((68780 4121883,121831 4134512,135029 4078421,82272 4065861,68780 4121883))
3107;POLYGON((-329886 3258753,-276914 3264785,-270667 3208779,-323380 3202776,-329886 3258753))
3308;POLYGON((6696087 5672702,6748280 5685041,6761188 5629846,6709259 5617570,6696087 5672702))
3112;POLYGON((-1196028 -2347797,-1144162 -2343141,-1139349 -2397992,-1190996 -2402628,-1196028 -2347797))
3577;POLYGON((-988684 -2180875,-936736 -2177107,-932820 -2232605,-984550 -2236357,-988684 -2180875))
