4326;POLYGON((122.0 -15.0,122.5 -15.0,122.5 -15.5,122.0 -15.5,122.0 -15.0))
28348;POLYGON((2351400 8269025,2407340 8264527,2402560 8206920,2346776 8211551,2351400 8269025))
28349;POLYGON((1688960 8311867,1743628 8309052,1740616 8252770,1686086 8255669,1688960 8311867))
28350;POLYGON((1038133 8335585,1092084 8334302,1090677 8278777,1036856 8280099,1038133 8335585))
28351;POLYGON((392487 8341431,446245 8341613,446372 8286308,392741 8286120,392487 8341431))
28352;POLYGON((-254189 8329706,-200108 8331363,-198441 8275750,-252391 8274043,-254189 8329706))
28353;POLYGON((-908154 8299803,-853222 8303021,-849928 8246559,-904719 8243244,-908154 8299803))
28354;POLYGON((-1575971 8250125,-1519621 8255079,-1514523 8197192,-1570711 8192091,-1575971 8250125))
28355;POLYGON((-2264794 8177887,-2206400 8184862,-2199206 8124914,-2257408 8117736,-2264794 8177887))
28356;POLYGON((-2982694 8078751,-2921540 8088181,-2911806 8025444,-2972723 8015745,-2982694 8078751))
28357;POLYGON((-3739050 7946232,-3674293 7958758,-3661362 7892380,-3725814 7879508,-3739050 7946232))
28358;POLYGON((-4545007 7770816,-4475638 7787376,-4458551 7716336,-4527518 7699335,-4545007 7770816))
3113;POLYGON((-3434053 1276412,-3372875 1285845,-3363137 1223084,-3424078 1213382,-3434053 1276412))
3111;POLYGON((-124019 4676389,-68053 4690023,-54198 4632495,-109862 4618934,-124019 4676389))
3107;POLYGON((-451189 3817809,-395628 3824397,-388991 3767288,-444287 3760732,-451189 3817809))
3308;POLYGON((6508057 6217090,6562857 6230322,6576318 6173982,6521787 6160815,6508057 6217090))
3112;POLYGON((-1300723 -1800875,-1246681 -1795807,-1241582 -1851369,-1295403 -1856416,-1300723 -1800875))
3577;POLYGON((-1083820 -1634018,-1029731 -1629882,-1025654 -1684619,-1079528 -1688739,-1083820 -1634018))
