4326;POLYGON((122.0 -41.25,122.5 -41.25,122.5 -41.75,122.0 -41.75,122.0 -41.25))
28348;POLYGON((1926829 5291689,1968933 5283068,1957278 5227294,1915531 5235927,1926829 5291689))
28349;POLYGON((1422335 5374725,1464326 5369217,1456825 5313579,1415169 5319097,1422335 5374725))
28350;POLYGON((918984 5421419,960899 5418880,957355 5363339,915765 5365884,918984 5421419))
28351;POLYGON((416216 5433007,458108 5433369,458429 5377859,416858 5377497,416216 5433007))
28352;POLYGON((-86671 5409797,-44742 5413069,-40548 5357516,-82150 5354237,-86671 5409797))
28353;POLYGON((-590352 5351173,-548335 5357442,-540158 5301783,-581835 5295503,-590352 5351173))
28354;POLYGON((-1095302 5255584,-1053169 5265017,-1040796 5209220,-1082566 5199776,-1095302 5255584))
28355;POLYGON((-1601595 5120514,-1559361 5133357,-1542470 5077445,-1584310 5064596,-1601595 5120514))
28356;POLYGON((-2108653 4942437,-2066399 4959023,-2044558 4903108,-2086377 4886530,-2108653 4942437))
28357;POLYGON((-2614916 4716788,-2572819 4737539,-2545483 4681865,-2587093 4661151,-2614916 4716788))
28358;POLYGON((-3117411 4437962,-3075785 4463383,-3042298 4408387,-3083378 4383050,-3117411 4437962))
3113;POLYGON((-2559671 -1861125,-2517400 -1844532,-2495551 -1900468,-2537386 -1917053,-2559671 -1861125))
3111;POLYGON((585870 1795453,626695 1805399,639737 1751249,599196 1741372,585870 1795453))
3107;POLYGON((-99007 905263,-56930 910252,-50443 854439,-92262 849480,-99007 905263))
3308;POLYGON((7205596 3358222,7246705 3368148,7259736 3313608,7218888 3303744,7205596 3358222))
3112;POLYGON((-1024250 -4687460,-981695 -4683469,-976513 -4739936,-1018844 -4743906,-1024250 -4687460))
3577;POLYGON((-855587 -4543862,-812889 -4540597,-808857 -4594719,-851344 -4597968,-855587 -4543862))
