4326;POLYGON((122.25 -20.0,122.75 -20.0,122.75 -20.5,122.25 -20.5,122.25 -20.0))
28348;POLYGON((2325723 7692473,2379947 7686622,2373583 7629215,2319563 7635183,2325723 7692473))
28349;POLYGON((1682671 7748445,1735794 7744748,1731745 7688517,1678804 7692290,1682671 7748445))
28350;POLYGON((1049770 7779887,1102259 7778158,1100323 7722612,1048005 7724377,1049770 7779887))
28351;POLYGON((421544 7788343,473848 7788499,473932 7733167,421795 7733007,421544 7788343))
28352;POLYGON((-207347 7774221,-154784 7776270,-152677 7720685,-205068 7718595,-207347 7774221))
28353;POLYGON((-842263 7736839,-788990 7740879,-784757 7684570,-837845 7680447,-842263 7736839))
28354;POLYGON((-1488739 7674345,-1434284 7680580,-1427715 7623052,-1481962 7616692,-1488739 7674345))
28355;POLYGON((-2152647 7583514,-2096504 7592273,-2087253 7532999,-2143152 7524069,-2152647 7583514))
28356;POLYGON((-2840349 7459370,-2781966 7471148,-2769516 7409556,-2827603 7397558,-2840349 7459370))
28357;POLYGON((-3558864 7294596,-3497626 7310110,-3481225 7245578,-3542091 7229788,-3558864 7294596))
28358;POLYGON((-4316023 7078650,-4251243 7098931,-4229813 7030780,-4294112 7010166,-4316023 7078650))
3113;POLYGON((-3291652 656789,-3233246 668572,-3220792 606956,-3278901 594953,-3291652 656789))
3111;POLYGON((42280 4115463,95297 4128232,108642 4072176,55919 4059478,42280 4115463))
3107;POLYGON((-356361 3255645,-303403 3261800,-297027 3205808,-349726 3199683,-356361 3255645))
3308;POLYGON((6670013 5666440,6722176 5678903,6735216 5623739,6683317 5611339,6670013 5666440))
3112;POLYGON((-1221953 -2350202,-1170097 -2345443,-1165175 -2400284,-1216813 -2405022,-1221953 -2350202))
3577;POLYGON((-1014652 -2182835,-962712 -2178965,-958687 -2234456,-1010410 -2238309,-1014652 -2182835))
