4326;POLYGON((122.75 -42.5,123.25 -42.5,123.25 -43.0,122.75 -43.0,122.75 -42.5))
28348;POLYGON((1960204 5139287,2001419 5130238,1988954 5074560,1948104 5083614,1960204 5139287))
28349;POLYGON((1466014 5227290,1507168 5221380,1498972 5165770,1458163 5171687,1466014 5227290))
28350;POLYGON((972524 5278660,1013627 5275741,1009497 5220194,968728 5223116,972524 5278660))
28351;POLYGON((479458 5294676,520541 5294676,520377 5239154,479622 5239154,479458 5294676))
28352;POLYGON((-13627 5275741,27475 5278660,31271 5223116,-9497 5220194,-13627 5275741))
28353;POLYGON((-507168 5221380,-466014 5227290,-458163 5171687,-498972 5165770,-507168 5221380))
28354;POLYGON((-1001419 5130238,-960204 5139287,-948104 5083614,-988954 5074560,-1001419 5130238))
28355;POLYGON((-1496251 5000057,-1455006 5012468,-1438365 4956770,-1479215 4944362,-1496251 5000057))
28356;POLYGON((-1990914 4827658,-1949733 4843731,-1928151 4788140,-1968900 4772085,-1990914 4827658))
28357;POLYGON((-2483718 4608934,-2442785 4629046,-2415765 4573818,-2456219 4553753,-2483718 4608934))
28358;POLYGON((-2971629 4338880,-2931261 4363482,-2898209 4309056,-2938044 4284548,-2971629 4338880))
3113;POLYGON((-2441886 -1975949,-2400688 -1959869,-2379099 -2015482,-2419864 -2031543,-2441886 -1975949))
3111;POLYGON((679396 1674746,719586 1684203,732229 1629830,692324 1620441,679396 1674746))
3107;POLYGON((-19969 772928,21494 777552,27620 721453,-13583 716857,-19969 772928))
3308;POLYGON((7299564 3236459,7340089 3245936,7352776 3191096,7312513 3181680,7299564 3236459))
3112;POLYGON((-947714 -4823001,-905698 -4819314,-900822 -4876180,-942611 -4879847,-947714 -4823001))
3577;POLYGON((-781740 -4674077,-739552 -4671100,-735863 -4724868,-777841 -4727830,-781740 -4674077))
