4326;POLYGON((123.5 -20.5,124.0 -20.5,124.0 -21.0,123.5 -21.0,123.5 -20.5))
28348;POLYGON((2454824 7619897,2509129 7613437,2502088 7555756,2447997 7562340,2454824 7619897))
28349;POLYGON((1811292 7682530,1864419 7678319,1859802 7621899,1806866 7626193,1811292 7682530))
28350;POLYGON((1178867 7719660,1231279 7717488,1228858 7661841,1176623 7664056,1178867 7719660))
28351;POLYGON((552135 7733107,604274 7732868,603932 7677527,551964 7677771,552135 7733107))
28352;POLYGON((-74160 7723515,-21858 7725198,-20138 7669704,-72266 7667988,-74160 7723515))
28353;POLYGON((-705265 7690425,-652360 7694111,-648495 7638002,-701215 7634243,-705265 7690425))
28354;POLYGON((-1346559 7632223,-1292593 7638095,-1286394 7580890,-1340153 7574905,-1346559 7632223))
28355;POLYGON((-2003699 7545963,-1948187 7554323,-1939336 7495515,-1994607 7486997,-2003699 7545963))
28356;POLYGON((-2682767 7427031,-2625183 7438339,-2613196 7377381,-2670491 7365868,-2682767 7427031))
28357;POLYGON((-3390405 7268607,-3330170 7283534,-3314344 7219835,-3374218 7204652,-3390405 7268607))
28358;POLYGON((-4133949 7060859,-4070422 7080364,-4049748 7013290,-4112813 6993474,-4133949 7060859))
3113;POLYGON((-3134009 624438,-3076402 635750,-3064410 574768,-3121728 563251,-3134009 624438))
3111;POLYGON((187850 4090703,240735 4102708,253315 4046609,200724 4034671,187850 4090703))
3107;POLYGON((-217927 3214538,-165161 3220053,-159442 3164081,-211949 3158594,-217927 3214538))
3308;POLYGON((6813175 5641873,6865219 5653651,6877576 5598434,6825797 5586716,6813175 5641873))
3112;POLYGON((-1087684 -2393561,-1036001 -2389337,-1031629 -2444173,-1083093 -2448380,-1087684 -2393561))
3577;POLYGON((-881075 -2229055,-829317 -2225708,-825832 -2281292,-877373 -2284625,-881075 -2229055))
