4326;POLYGON((122.75 -14.0,123.25 -14.0,123.25 -14.5,122.75 -14.5,122.75 -14.0))
28348;POLYGON((2444615 8377642,2501058 8373203,2496358 8315338,2440064 8319921,2444615 8377642))
28349;POLYGON((1776863 8420270,1831927 8417438,1828910 8361004,1773978 8363928,1776863 8420270))
28350;POLYGON((1121875 8444706,1176135 8443326,1174636 8387735,1120498 8389160,1121875 8444706))
28351;POLYGON((473002 8452259,526997 8452259,526938 8396960,473061 8396960,473002 8452259))
28352;POLYGON((-176135 8443326,-121875 8444706,-120498 8389160,-174636 8387735,-176135 8443326))
28353;POLYGON((-831927 8417438,-776863 8420270,-773978 8363928,-828910 8361004,-831927 8417438))
28354;POLYGON((-1501058 8373203,-1444615 8377642,-1440064 8319921,-1496358 8315338,-1501058 8373203))
28355;POLYGON((-2190808 8308128,-2132349 8314432,-2125871 8254684,-2184154 8248180,-2190808 8308128))
28356;POLYGON((-2909407 8218284,-2848199 8226846,-2839392 8164333,-2900382 8155504,-2909407 8218284))
28357;POLYGON((-3666451 8097767,-3601631 8109172,-3589897 8043020,-3654439 8031268,-3666451 8097767))
28358;POLYGON((-4473420 7937871,-4403944 7952977,-4388407 7882128,-4457515 7866574,-4473420 7937871))
3113;POLYGON((-3360737 1416000,-3299505 1424565,-3290695 1362028,-3351709 1353195,-3360737 1416000))
3111;POLYGON((-67578 4812388,-10899 4825724,2584 4767734,-53790 4754469,-67578 4812388))
3107;POLYGON((-380895 3942259,-324759 3948520,-318487 3891088,-374358 3884856,-380895 3942259))
3308;POLYGON((6563525 6350021,6618961 6362986,6632085 6306258,6576921 6293356,6563525 6350021))
3112;POLYGON((-1229655 -1681918,-1175140 -1677134,-1170356 -1732922,-1224649 -1737686,-1229655 -1681918))
3577;POLYGON((-1010603 -1518680,-956063 -1514832,-952320 -1569406,-1006645 -1573239,-1010603 -1518680))
