4326;POLYGON((123.25 -16.0,123.75 -16.0,123.75 -16.5,123.25 -16.5,123.25 -16.0))
28348;POLYGON((2481306 8141893,2537258 8136729,2531755 8078825,2475973 8084129,2481306 8141893))
28349;POLYGON((1819242 8191757,1873841 8188420,1870263 8131931,1815815 8135361,1819242 8191757))
28350;POLYGON((1169832 8220965,1223622 8219276,1221780 8163640,1168128 8165376,1169832 8220965))
28351;POLYGON((526747 8231048,580245 8230919,580043 8175607,526680 8175739,526747 8231048))
28352;POLYGON((-116084 8222522,-62377 8223948,-60950 8168442,-114519 8166977,-116084 8222522))
28353;POLYGON((-764731 8194952,-710304 8198005,-707174 8141781,-761453 8138643,-764731 8194952))
28354;POLYGON((-1425488 8146895,-1369801 8151737,-1364803 8094242,-1420323 8089268,-1425488 8146895))
28355;POLYGON((-2105139 8075726,-2047601 8082629,-2040457 8023260,-2097798 8016172,-2105139 8075726))
28356;POLYGON((-2811238 7977302,-2751183 7986680,-2741466 7924759,-2801281 7915134,-2811238 7977302))
28357;POLYGON((-3552443 7845412,-3489099 7857880,-3476178 7792623,-3539219 7779837,-3552443 7845412))
28358;POLYGON((-4338908 7670950,-4271360 7687404,-4254314 7617888,-4321464 7601033,-4338908 7670950))
3113;POLYGON((-3262530 1174923,-3202452 1184305,-3192731 1122360,-3252569 1112731,-3262530 1174923))
3111;POLYGON((42790 4594824,98325 4607584,111347 4550216,56113 4537526,42790 4594824))
3107;POLYGON((-299764 3719622,-244660 3725510,-238711 3668589,-293552 3662729,-299764 3719622))
3308;POLYGON((6671255 6136947,6725670 6149399,6738394 6093178,6684248 6080787,6671255 6136947))
3112;POLYGON((-1156055 -1899700,-1102407 -1895207,-1097876 -1950638,-1151303 -1955112,-1156055 -1899700))
3577;POLYGON((-941051 -1733685,-887353 -1730107,-883800 -1785056,-937282 -1788620,-941051 -1733685))
