4326;POLYGON((123.5 -35.0,124.0 -35.0,124.0 -35.5,123.5 -35.5,123.5 -35.0))
28348;POLYGON((2198010 5966416,2244440 5957373,2233223 5900947,2187120 5910038,2198010 5966416))
28349;POLYGON((1643731 6054718,1689739 6048746,1682287 5992826,1636579 5998832,1643731 6054718))
28350;POLYGON((1093573 6107595,1139307 6104490,1135368 6048902,1089919 6052025,1093573 6107595))
28351;POLYGON((545626 6126842,591253 6126500,590694 6071046,545346 6071391,545626 6126842))
28352;POLYGON((-2149 6113107,43542 6115516,46345 6059994,936 6057571,-2149 6113107))
28353;POLYGON((-551801 6065928,-505876 6071168,-499617 6015379,-545246 6010108,-551801 6065928))
28354;POLYGON((-1105270 5983705,-1058958 5991956,-1049032 5935716,-1095025 5927421,-1105270 5983705))
28355;POLYGON((-1664248 5863621,-1617422 5875167,-1603490 5818327,-1649963 5806727,-1664248 5863621))
28356;POLYGON((-2229978 5701495,-2182557 5716740,-2164136 5659212,-2211156 5643908,-2229978 5701495))
28357;POLYGON((-2802974 5491580,-2754953 5511070,-2731393 5452863,-2778951 5433322,-2802974 5491580))
28358;POLYGON((-3382631 5226308,-3334114 5250750,-3304572 5192037,-3352545 5167568,-3382631 5226308))
3113;POLYGON((-2681043 -1101770,-2633604 -1086519,-2615176 -1144070,-2662214 -1159380,-2681043 -1101770))
3111;POLYGON((553067 2501142,597599 2511250,609741 2457105,565493 2447061,553067 2501142))
3107;POLYGON((-46706 1612154,-1358 1616894,4274 1561755,-40817 1557042,-46706 1612154))
3308;POLYGON((7173811 4065872,7218307 4075942,7230418 4021827,7186181 4011816,7173811 4065872))
3112;POLYGON((-954864 -3979543,-909492 -3975834,-905092 -4031019,-950244 -4034710,-954864 -3979543))
3577;POLYGON((-773213 -3847851,-727791 -3844914,-724312 -3900395,-769517 -3903319,-773213 -3847851))
