4326;POLYGON((122.75 -33.0,123.25 -33.0,123.25 -33.5,122.75 -33.5,122.75 -33.0))
28348;POLYGON((2168841 6205124,2216468 6196693,2206244 6140163,2158926 6148652,2168841 6205124))
28349;POLYGON((1600770 6286710,1647893 6281254,1641234 6225318,1594395 6230814,1600770 6286710))
28350;POLYGON((1037510 6333993,1084322 6331313,1080986 6275749,1034443 6278449,1037510 6333993))
28351;POLYGON((476646 6348685,523353 6348685,523221 6293252,476778 6293252,476646 6348685))
28352;POLYGON((-84322 6331313,-37510 6333993,-34443 6278449,-80986 6275749,-84322 6331313))
28353;POLYGON((-647893 6281254,-600770 6286710,-594395 6230814,-641234 6225318,-647893 6281254))
28354;POLYGON((-1216468 6196693,-1168841 6205124,-1158926 6148652,-1206244 6140163,-1216468 6196693))
28355;POLYGON((-1792231 6074514,-1743930 6086234,-1730111 6028990,-1778066 6017199,-1792231 6074514))
28356;POLYGON((-2376972 5910111,-2327867 5925567,-2309623 5867410,-2358330 5851874,-2376972 5910111))
28357;POLYGON((-2971818 5697115,-2921850 5716912,-2898474 5657794,-2947975 5637919,-2971818 5697115))
28358;POLYGON((-3576860 5427031,-3526074 5451969,-3496633 5391998,-3546864 5367001,-3576860 5427031))
3113;POLYGON((-2828094 -893073,-2778971 -877611,-2760719 -935791,-2809445 -951332,-2828094 -893073))
3111;POLYGON((434928 2701623,480515 2712350,493099 2658230,447797 2647571,434928 2701623))
3107;POLYGON((-139743 1824679,-93410 1829847,-87404 1774841,-133482 1769702,-139743 1824679))
3308;POLYGON((7056162 4266086,7101618 4276717,7114106 4222741,7068908 4212170,7056162 4266086))
3112;POLYGON((-1042627 -3765576,-996404 -3761520,-991697 -3816413,-1037702 -3820450,-1042627 -3765576))
3577;POLYGON((-857454 -3630185,-811180 -3626920,-807359 -3682620,-853415 -3685870,-857454 -3630185))
