4326;POLYGON((123.0 -28.75,123.5 -28.75,123.5 -29.25,123.0 -29.25,123.0 -28.75))
28348;POLYGON((2273008 6682854,2323159 6674896,2313921 6617969,2264050 6626007,2273008 6682854))
28349;POLYGON((1676232 6759904,1725651 6754742,1719621 6698644,1670456 6703861,1676232 6759904))
28350;POLYGON((1086379 6804909,1135353 6802329,1132283 6746743,1083548 6749351,1086379 6804909))
28351;POLYGON((500000 6819711,548817 6819609,548582 6764212,500000 6764316,500000 6819711))
28352;POLYGON((-86379 6804909,-37429 6807280,-34837 6751748,-83548 6749351,-86379 6804909))
28353;POLYGON((-676232 6759904,-626860 6764844,-621337 6708854,-670456 6703861,-676232 6759904))
28354;POLYGON((-1273008 6682854,-1222929 6690567,-1214248 6633800,-1264050 6626007,-1273008 6682854))
28355;POLYGON((-1880092 6570526,-1829027 6581341,-1816823 6523488,-1867572 6512570,-1880092 6570526))
28356;POLYGON((-2500704 6418036,-2448396 6432431,-2432133 6373211,-2484073 6358691,-2500704 6418036))
28357;POLYGON((-3137744 6218448,-3083969 6237092,-3062901 6176279,-3116234 6157495,-3137744 6218448))
28358;POLYGON((-3793530 5962220,-3738124 5986025,-3711232 5923499,-3766097 5899550,-3793530 5962220))
3113;POLYGON((-2951875 -384950,-2899546 -370549,-2883277 -429792,-2935237 -444318,-2951875 -384950))
3111;POLYGON((349185 3168263,397223 3179433,409748 3124920,361996 3113816,349185 3168263))
3107;POLYGON((-168706 2294637,-120198 2299934,-114316 2244888,-162570 2239619,-168706 2294637))
3308;POLYGON((6971568 4730296,7019247 4741326,7031630 4687209,6984210 4676239,6971568 4730296))
3112;POLYGON((-1060301 -3298782,-1012220 -3294659,-1007650 -3349236,-1055513 -3353341,-1060301 -3298782))
3577;POLYGON((-867823 -3153720,-819684 -3150418,-815955 -3206376,-863875 -3209663,-867823 -3153720))
