4326;POLYGON((122.75 -9.5,123.25 -9.5,123.25 -10.0,122.75 -10.0,122.75 -9.5))
28348;POLYGON((2478547 8898035,2536104 8894946,2532860 8836898,2475406 8840142,2478547 8898035))
28349;POLYGON((1798355 8927661,1854399 8925695,1852321 8869194,1796367 8871260,1798355 8927661))
28350;POLYGON((1132124 8944620,1187291 8943663,1186260 8888068,1131177 8889074,1132124 8944620))
28351;POLYGON((472560 8949858,527439 8949858,527398 8894577,472601 8894577,472560 8949858))
28352;POLYGON((-187291 8943663,-132124 8944620,-131177 8889074,-186260 8888068,-187291 8943663))
28353;POLYGON((-854399 8925695,-798355 8927661,-796367 8871260,-852321 8869194,-854399 8925695))
28354;POLYGON((-1536104 8894946,-1478547 8898035,-1475406 8840142,-1532860 8836898,-1536104 8894946))
28355;POLYGON((-2240512 8849600,-2180727 8853999,-2176243 8793901,-2235906 8789283,-2240512 8849600))
28356;POLYGON((-2976974 8786773,-2914119 8792771,-2907999 8729627,-2970700 8723331,-2976974 8786773))
28357;POLYGON((-3756669 8702084,-3689728 8710118,-3681529 8642901,-3748271 8634473,-3756669 8702084))
28358;POLYGON((-4593357 8589004,-4521062 8599721,-4510127 8527132,-4582156 8515896,-4593357 8589004))
3113;POLYGON((-3428330 1984710,-3365452 1990710,-3359329 1927542,-3422054 1921244,-3428330 1984710))
3111;POLYGON((-193785 5342516,-134320 5356508,-120410 5296685,-179561 5282767,-193785 5342516))
3107;POLYGON((-440537 4465989,-381977 4472521,-375544 4413611,-433832 4407109,-440537 4465989))
3308;POLYGON((6441208 6867444,6499122 6880988,6512603 6822716,6454968 6809236,6441208 6867444))
3112;POLYGON((-1275175 -1174785,-1218642 -1169824,-1213764 -1226709,-1270071 -1231650,-1275175 -1174785))
3577;POLYGON((-1045874 -1032383,-989431 -1028400,-985755 -1081994,-1041988 -1085962,-1045874 -1032383))
