4326;POLYGON((123.0 -43.25,123.5 -43.25,123.5 -43.75,123.0 -43.75,123.0 -43.25))
28348;POLYGON((1962348 5051300,2003014 5042110,1990203 4986500,1949908 4995690,1962348 5051300))
28349;POLYGON((1474527 5140963,1515164 5134917,1506681 5079332,1466394 5085381,1474527 5140963))
28350;POLYGON((987117 5193913,1027720 5190866,1023363 5135319,983098 5138368,987117 5193913))
28351;POLYGON((500000 5211422,540588 5211301,540255 5155772,500000 5155893,500000 5211422))
28352;POLYGON((12882 5193913,53483 5196714,57165 5141172,16901 5138368,12882 5193913))
28353;POLYGON((-474527 5140963,-433894 5146755,-426110 5091176,-466394 5085381,-474527 5140963))
28354;POLYGON((-962348 5051300,-921684 5060220,-909612 5004612,-949908 4995690,-962348 5051300))
28355;POLYGON((-1450321 4922786,-1409667 4935047,-1393026 4879468,-1433284 4867215,-1450321 4922786))
28356;POLYGON((-1937572 4752412,-1897032 4768297,-1875442 4712893,-1915549 4697032,-1937572 4752412))
28357;POLYGON((-2422308 4536302,-2382075 4556167,-2355060 4501206,-2394816 4481395,-2422308 4536302))
28358;POLYGON((-2901423 4269764,-2861817 4294029,-2828816 4239959,-2867895 4215795,-2901423 4269764))
3113;POLYGON((-2388523 -2051224,-2347967 -2035332,-2326368 -2090758,-2366492 -2106626,-2388523 -2051224))
3111;POLYGON((718668 1597972,758454 1607223,770974 1552731,731474 1543546,718668 1597972))
3107;POLYGON((10147 691097,51232 695583,57245 639309,16421 634851,10147 691097))
3308;POLYGON((7339057 3158973,7379211 3168262,7391799 3113252,7351908 3104023,7339057 3158973))
3112;POLYGON((-919219 -4906480,-877536 -4902906,-872752 -4960021,-914208 -4963576,-919219 -4906480))
3577;POLYGON((-754961 -4753149,-713082 -4750276,-709516 -4803807,-751185 -4806665,-754961 -4753149))
