4326;POLYGON((123.5 -22.75,124.0 -22.75,124.0 -23.25,123.5 -23.25,123.5 -22.75))
28348;POLYGON((2422905 7361162,2476212 7354161,2468470 7296647,2415397 7303763,2422905 7361162))
28349;POLYGON((1790584 7429114,1842823 7424542,1837738 7368187,1785708 7372836,1790584 7429114))
28350;POLYGON((1168361 7469450,1219948 7467089,1217279 7411449,1165886 7413851,1168361 7469450))
28351;POLYGON((551335 7484068,602672 7483808,602295 7428452,551146 7428716,551335 7484068))
28352;POLYGON((-65293 7473640,-13806 7475469,-11909 7419972,-63204 7418111,-65293 7473640))
28353;POLYGON((-686313 7437687,-634276 7441691,-630016 7385623,-681850 7381552,-686313 7437687))
28354;POLYGON((-1316603 7374526,-1263603 7380893,-1256782 7323817,-1309555 7317345,-1316603 7374526))
28355;POLYGON((-1961224 7281099,-1906830 7290144,-1897113 7231602,-1951245 7222414,-1961224 7281099))
28356;POLYGON((-2625489 7152649,-2569248 7164844,-2556131 7104359,-2612059 7091980,-2625489 7152649))
28357;POLYGON((-3315014 6982209,-3256446 6998235,-3239203 6935315,-3297386 6919063,-3315014 6982209))
28358;POLYGON((-4035730 6759834,-3974329 6780659,-3951931 6714812,-4012844 6693722,-4035730 6759834))
3113;POLYGON((-3076708 349949,-3020445 362149,-3007323 301640,-3063273 289257,-3076708 349949))
3111;POLYGON((245566 3839503,297131 3851208,309593 3795632,258320 3783993,245566 3839503))
3107;POLYGON((-191096 2963439,-139493 2968832,-133810 2913216,-185156 2907850,-191096 2963439))
3308;POLYGON((6869809 5394379,6920668 5405889,6932937 5351064,6882341 5339613,6869809 5394379))
3112;POLYGON((-1067053 -2639906,-1016351 -2635762,-1011993 -2690421,-1062477 -2694548,-1067053 -2639906))
3577;POLYGON((-864387 -2479510,-813609 -2476227,-810111 -2532020,-860671 -2535289,-864387 -2479510))
