4326;POLYGON((123.0 -32.5,123.5 -32.5,123.5 -33.0,123.0 -33.0,123.0 -32.5))
28348;POLYGON((2202590 6257483,2250550 6248983,2240301 6192380,2192648 6200941,2202590 6257483))
28349;POLYGON((1630760 6339942,1678182 6334409,1671468 6278436,1624328 6284012,1630760 6339942))
28350;POLYGON((1064073 6388236,1111161 6385465,1107735 6329888,1060914 6332681,1064073 6388236))
28351;POLYGON((500000 6404140,546969 6404030,546708 6348602,500000 6348713,500000 6404140))
28352;POLYGON((-64073 6388236,-17003 6390783,-14110 6335248,-60914 6332681,-64073 6388236))
28353;POLYGON((-630760 6339942,-583373 6345239,-577221 6289349,-624328 6284012,-630760 6339942))
28354;POLYGON((-1202590 6257483,-1154683 6265726,-1145045 6209243,-1192648 6200941,-1202590 6257483))
28355;POLYGON((-1781897 6137771,-1733285 6149271,-1719802 6091985,-1768073 6080410,-1781897 6137771))
28356;POLYGON((-2370650 5976214,-2321188 5991418,-2303342 5933170,-2352411 5917881,-2370650 5976214))
28357;POLYGON((-2970203 5766432,-2919810 5785949,-2896894 5726664,-2946825 5707063,-2970203 5766432))
28358;POLYGON((-3580932 5499871,-3529625 5524507,-3500704 5464264,-3551459 5439559,-3580932 5499871))
3113;POLYGON((-2821770 -826944,-2772289 -811734,-2754435 -870005,-2803524 -885300,-2821770 -826944))
3111;POLYGON((444982 2761130,490880 2771803,503329 2717623,457714 2707016,444982 2761130))
3107;POLYGON((-122712 1882269,-76113 1887358,-70235 1832351,-116580 1827290,-122712 1882269))
3308;POLYGON((7066268 4325373,7112008 4335955,7124365 4281951,7078884 4271429,7066268 4325373))
3112;POLYGON((-1024329 -3708697,-977880 -3704714,-973286 -3759561,-1019518 -3763525,-1024329 -3708697))
3577;POLYGON((-838252 -3572791,-791753 -3569601,-788038 -3625355,-834318 -3628530,-838252 -3572791))
