4326;POLYGON((123.5 -31.5,124.0 -31.5,124.0 -32.0,123.5 -32.0,123.5 -31.5))
28348;POLYGON((2270653 6362321,2319276 6353694,2308988 6296934,2260668 6305630,2270653 6362321))
28349;POLYGON((1691342 6446406,1739357 6440728,1732546 6384674,1684807 6390399,1691342 6446406))
28350;POLYGON((1117873 6496622,1165505 6493676,1161912 6438071,1114540 6441043,1117873 6496622))
28351;POLYGON((547482 6514875,594966 6514550,594457 6459127,547227 6459455,547482 6514875))
28352;POLYGON((-22670 6501850,24902 6504134,27458 6448621,-19856 6446317,-22670 6501850))
28353;POLYGON((-595431 6457060,-547532 6462039,-541817 6406164,-589443 6401143,-595431 6457060))
28354;POLYGON((-1173583 6378808,-1125132 6386671,-1116040 6330174,-1164195 6322247,-1173583 6378808))
28355;POLYGON((-1759754 6264073,-1710540 6275128,-1697721 6217770,-1746603 6206634,-1759754 6264073))
28356;POLYGON((-2356271 6108309,-2306117 6122999,-2289061 6064583,-2338832 6049798,-2356271 6108309))
28357;POLYGON((-2964939 5905132,-2913723 5924068,-2891727 5864474,-2942494 5845438,-2964939 5905132))
28358;POLYGON((-3586710 5645903,-3534394 5669905,-3506520 5609145,-3558296 5585053,-3586710 5645903))
3113;POLYGON((-2807385 -694798,-2757212 -680102,-2740149 -738541,-2789940 -753331,-2807385 -694798))
3111;POLYGON((465961 2880261,512485 2890822,524664 2836510,478425 2826014,465961 2880261))
3107;POLYGON((-87866 1997351,-40735 2002277,-35113 1947255,-81990 1942356,-87866 1997351))
3308;POLYGON((7087290 4443973,7133597 4454453,7145698 4400382,7099650 4389961,7087290 4443973))
3112;POLYGON((-987054 -3595166,-940153 -3591332,-935786 -3646101,-982469 -3649917,-987054 -3595166))
3577;POLYGON((-799191 -3457970,-752243 -3454934,-748741 -3510782,-795471 -3513804,-799191 -3457970))
