4326;POLYGON((122.75 -12.75,123.25 -12.75,123.25 -13.25,122.75 -13.25,122.75 -12.75))
28348;POLYGON((2455314 8522040,2512107 8517965,2507808 8460043,2451151 8464265,2455314 8522040))
28349;POLYGON((1783644 8561157,1839017 8558559,1836259 8502104,1781006 8504797,1783644 8561157))
28350;POLYGON((1125110 8583570,1179656 8582305,1178286 8526713,1123851 8528024,1125110 8583570))
28351;POLYGON((472862 8590497,527137 8590497,527083 8535203,472916 8535203,472862 8590497))
28352;POLYGON((-179656 8582305,-125110 8583570,-123851 8528024,-178286 8526713,-179656 8582305))
28353;POLYGON((-839017 8558559,-783644 8561157,-781006 8504797,-836259 8502104,-839017 8558559))
28354;POLYGON((-1512107 8517965,-1455314 8522040,-1451151 8464265,-1507808 8460043,-1512107 8517965))
28355;POLYGON((-2206463 8458201,-2147587 8463992,-2141656 8404136,-2200370 8398138,-2206463 8458201))
28356;POLYGON((-2930657 8375597,-2868934 8383473,-2860861 8320764,-2922383 8312611,-2930657 8375597))
28357;POLYGON((-3694772 8264623,-3629290 8275133,-3618515 8208651,-3683739 8197780,-3694772 8264623))
28358;POLYGON((-4510977 8117094,-4440627 8131047,-4426327 8059661,-4496336 8045240,-4510977 8117094))
3113;POLYGON((-3381996 1573374,-3320249 1581253,-3312172 1518520,-3373718 1510364,-3381996 1573374))
3111;POLYGON((-102244 4958001,-44800 4971517,-31206 4913057,-88344 4899613,-102244 4958001))
3107;POLYGON((-397311 4086413,-340508 4092748,-334196 4034943,-390731 4028637,-397311 4086413))
3308;POLYGON((6529876 6492364,6585993 6505489,6599208 6448368,6543364 6435308,6529876 6492364))
3112;POLYGON((-1242211 -1542031,-1187139 -1537198,-1182333 -1593255,-1237181 -1598069,-1242211 -1542031))
3577;POLYGON((-1020464 -1382716,-965393 -1378830,-961666 -1433155,-1016525 -1437026,-1020464 -1382716))
