4326;POLYGON((123.0 -20.75,123.5 -20.75,123.5 -21.25,123.0 -21.25,123.0 -20.75))
28348;POLYGON((2397346 7597436,2451429 7591114,2444526 7533574,2390656 7540016,2397346 7597436))
28349;POLYGON((1756135 7658435,1809091 7654360,1804615 7598029,1751849 7602182,1756135 7658435))
28350;POLYGON((1125467 7693887,1177752 7691858,1175481 7636255,1123374 7638323,1125467 7693887))
28351;POLYGON((500000 7705520,552050 7705439,551877 7650101,500000 7650183,500000 7705520))
28352;POLYGON((-125467 7693887,-73218 7695751,-71302 7640224,-123374 7638323,-125467 7693887))
28353;POLYGON((-756135 7658435,-703252 7662333,-699155 7606155,-751849 7602182,-756135 7658435))
28354;POLYGON((-1397346 7597436,-1343374 7603560,-1336896 7546256,-1390656 7540016,-1397346 7597436))
28355;POLYGON((-2054721 7507806,-1999178 7516473,-1989986 7457537,-2045283 7448710,-2054721 7507806))
28356;POLYGON((-2734297 7384750,-2676662 7396436,-2664255 7335326,-2721593 7323433,-2734297 7384750))
28357;POLYGON((-3442653 7221210,-3382352 7236608,-3366002 7172740,-3425932 7157085,-3442653 7221210))
28358;POLYGON((-4187028 7007032,-4123431 7027132,-4102095 6959886,-4165217 6939475,-4187028 7007032))
3113;POLYGON((-3185559 582141,-3127901 593831,-3115489 532697,-3172850 520800,-3185559 582141))
3111;POLYGON((141616 4050423,194291 4062672,207150 4006702,154770 3994522,141616 4050423))
3107;POLYGON((-267548 3180810,-214937 3186555,-208964 3130654,-261316 3124937,-267548 3180810))
3308;POLYGON((6767634 5602286,6819489 5614283,6832099 5559173,6780508 5547237,6767634 5602286))
3112;POLYGON((-1136944 -2425398,-1085388 -2420977,-1080799 -2475772,-1132137 -2480174,-1136944 -2425398))
3577;POLYGON((-930860 -2260375,-879224 -2256833,-875520 -2312430,-926938 -2315957,-930860 -2260375))
