4326;POLYGON((123.25 -17.5,123.75 -17.5,123.75 -18.0,123.25 -18.0,123.25 -17.5))
28348;POLYGON((2464836 7968684,2520263 7963104,2514276 7905289,2459034 7911004,2464836 7968684))
28349;POLYGON((1808655 8022598,1862789 8018988,1858893 7962534,1804923 7966232,1808655 8022598))
28350;POLYGON((1164568 8054200,1217929 8052372,1215922 7996739,1162712 7998613,1164568 8054200))
28351;POLYGON((526539 8065113,579619 8064974,579398 8009653,526465 8009796,526539 8065113))
28352;POLYGON((-111248 8055885,-57968 8057428,-56413 8001921,-109543 8000340,-111248 8055885))
28353;POLYGON((-754604 8026054,-700634 8029356,-697225 7973157,-751035 7969773,-754604 8026054))
28354;POLYGON((-1409538 7974090,-1354365 7979324,-1348926 7921902,-1403919 7916541,-1409538 7974090))
28355;POLYGON((-2082481 7897220,-2025547 7904671,-2017783 7845453,-2074505 7837824,-2082481 7897220))
28356;POLYGON((-2780523 7791077,-2721206 7801182,-2710665 7739530,-2769725 7729191,-2780523 7791077))
28357;POLYGON((-3511680 7649150,-3449269 7662552,-3435288 7597745,-3497373 7584044,-3511680 7649150))
28358;POLYGON((-4285199 7461942,-4218869 7479573,-4200482 7410782,-4266390 7392777,-4285199 7461942))
3113;POLYGON((-3231803 988626,-3172462 998735,-3161918 937059,-3221000 926716,-3231803 988626))
3111;POLYGON((82648 4423410,137282 4435963,150197 4379068,95862 4366584,82648 4423410))
3107;POLYGON((-281167 3549311,-226851 3555115,-220939 3498553,-274994 3492777,-281167 3549311))
3308;POLYGON((6710142 5968859,6763753 5981126,6776390 5925287,6723047 5913081,6710142 5968859))
3112;POLYGON((-1141821 -2065690,-1088834 -2061252,-1084322 -2116445,-1137090 -2120864,-1141821 -2065690))
3577;POLYGON((-929729 -1898735,-876677 -1895200,-873108 -1950387,-925944 -1953908,-929729 -1898735))
