4326;POLYGON((123.5 -9.25,124.0 -9.25,124.0 -9.75,123.5 -9.75,123.5 -9.25))
28348;POLYGON((2566527 8922434,2624372 8919275,2621056 8860977,2563314 8864298,2566527 8922434))
28349;POLYGON((1883481 8952957,1939723 8950910,1937563 8894249,1881411 8896401,1883481 8952957))
28350;POLYGON((1215410 8970964,1270694 8969912,1269566 8914237,1214364 8915343,1215410 8970964))
28351;POLYGON((554919 8977469,609842 8977354,609683 8922066,554839 8922187,554919 8977469))
28352;POLYGON((-104993 8972829,-49854 8973644,-49052 8918163,-104111 8917306,-104993 8972829))
28353;POLYGON((-771303 8956791,-715358 8958580,-713553 8902316,-769410 8900434,-771303 8956791))
28354;POLYGON((-1451311 8928456,-1393931 8931322,-1391019 8873645,-1448300 8870631,-1451311 8928456))
28355;POLYGON((-2153043 8886160,-2093520 8890275,-2089327 8830481,-2148732 8826154,-2153043 8886160))
28356;POLYGON((-2885711 8827234,-2823220 8832868,-2817473 8770130,-2879818 8764208,-2885711 8827234))
28357;POLYGON((-3660302 8747611,-3593843 8755168,-3586130 8688479,-3652402 8680539,-3660302 8747611))
28358;POLYGON((-4490308 8641211,-4418638 8651296,-4408348 8579385,-4479768 8568797,-4490308 8641211))
3113;POLYGON((-3337032 2025188,-3274517 2030823,-3268767 1968060,-3331136 1962137,-3337032 2025188))
3111;POLYGON((-111457 5393402,-51725 5406961,-38261 5346917,-97677 5333429,-111457 5393402))
3107;POLYGON((-355841 4505218,-297100 4511357,-291067 4452310,-349535 4446199,-355841 4505218))
3308;POLYGON((6521415 6916882,6579565 6930042,6592649 6871577,6534779 6858480,6521415 6916882))
3112;POLYGON((-1192755 -1138927,-1136080 -1134295,-1131536 -1191279,-1187984 -1195893,-1192755 -1138927))
3577;POLYGON((-962987 -999737,-906417 -996079,-903059 -1049632,-959419 -1053277,-962987 -999737))
