4326;POLYGON((122.75 -28.75,123.25 -28.75,123.25 -29.25,122.75 -29.25,122.75 -28.75))
28348;POLYGON((2247960 6686741,2298075 6678906,2288977 6622019,2239141 6629934,2247960 6686741))
28349;POLYGON((1651540 6762401,1700935 6757350,1695032 6701280,1645890 6706385,1651540 6762401))
28350;POLYGON((1061901 6806120,1110863 6803645,1107912 6748073,1059190 6750576,1061901 6806120))
28351;POLYGON((475591 6819686,524408 6819686,524291 6764290,475708 6764290,475591 6819686))
28352;POLYGON((-110863 6803645,-61901 6806120,-59190 6750576,-107912 6748073,-110863 6803645))
28353;POLYGON((-700935 6757350,-651540 6762401,-645890 6706385,-695032 6701280,-700935 6757350))
28354;POLYGON((-1298075 6678906,-1247960 6686741,-1239141 6629934,-1288977 6622019,-1298075 6678906))
28355;POLYGON((-1905659 6565015,-1854548 6575968,-1842187 6518064,-1892981 6507006,-1905659 6565015))
28356;POLYGON((-2526901 6410716,-2474536 6425274,-2458090 6365992,-2510084 6351308,-2526901 6410716))
28357;POLYGON((-3164681 6208979,-3110840 6227818,-3089552 6166936,-3142947 6147956,-3164681 6208979))
28358;POLYGON((-3821286 5950137,-3765809 5974182,-3738648 5911584,-3793578 5887397,-3821286 5950137))
3113;POLYGON((-2978082 -392273,-2925696 -377709,-2909244 -437014,-2961258 -451704,-2978082 -392273))
3111;POLYGON((325188 3162584,373197 3173880,385865 3119399,338142 3108170,325188 3162584))
3107;POLYGON((-192951 2291905,-144455 2297314,-138446 2242281,-186687 2236900,-192951 2291905))
3308;POLYGON((6947748 4724695,6995401 4735840,7007914 4681752,6960520 4670668,6947748 4724695))
3112;POLYGON((-1084335 -3300915,-1036263 -3296697,-1031583 -3351265,-1079439 -3355464,-1084335 -3300915))
3577;POLYGON((-891887 -3155442,-843755 -3152046,-839917 -3207996,-887830 -3211377,-891887 -3155442))
