4326;POLYGON((123.0 -40.25,123.5 -40.25,123.5 -40.75,123.0 -40.75,123.0 -40.25))
28348;POLYGON((2034743 5385880,2077579 5376751,2065431 5320861,2022950 5330007,2034743 5385880))
28349;POLYGON((1521777 5474803,1564454 5468815,1556434 5413119,1514090 5419121,1521777 5474803))
28350;POLYGON((1010440 5527191,1053005 5524179,1048894 5468623,1006648 5471643,1010440 5527191))
28351;POLYGON((500000 5544494,542523 5544374,542209 5488874,500000 5488994,500000 5544494))
28352;POLYGON((-10440 5527191,32118 5529960,35592 5474420,-6648 5471643,-10440 5527191))
28353;POLYGON((-521777 5474803,-479112 5480537,-471755 5424870,-514090 5419121,-521777 5474803))
28354;POLYGON((-1034743 5385880,-991921 5394739,-980481 5338883,-1022950 5330007,-1034743 5385880))
28355;POLYGON((-1549716 5257966,-1506725 5270193,-1490888 5214136,-1533495 5201893,-1549716 5257966))
28356;POLYGON((-2066478 5087537,-2023366 5103469,-2002704 5047278,-2045391 5031342,-2066478 5087537))
28357;POLYGON((-2583901 4869951,-2540806 4890019,-2514768 4833885,-2557385 4813836,-2583901 4869951))
28358;POLYGON((-3099525 4599397,-3056716 4624129,-3024625 4568425,-3066895 4543753,-3099525 4599397))
3113;POLYGON((-2517479 -1715968,-2474351 -1700029,-2453681 -1756242,-2496384 -1772185,-2517479 -1715968))
3111;POLYGON((642085 1923447,683581 1933096,696036 1878890,654824 1869307,642085 1923447))
3107;POLYGON((-27259 1026472,15378 1031127,21329 975428,-21049 970800,-27259 1026472))
3308;POLYGON((7262373 3486861,7304097 3496514,7316572 3441996,7275109 3432404,7262373 3486861))
3112;POLYGON((-949002 -4567081,-905969 -4563391,-901259 -4619628,-944069 -4623299,-949002 -4567081))
3577;POLYGON((-777847 -4428812,-734699 -4425852,-731073 -4480277,-774008 -4483222,-777847 -4428812))
