4326;POLYGON((123.0 -42.5,123.5 -42.5,123.5 -43.0,123.0 -43.0,123.0 -42.5))
28348;POLYGON((1980811 5134796,2022028 5125612,2009379 5069932,1968529 5079121,1980811 5134796))
28349;POLYGON((1486591 5224367,1527747 5218329,1519377 5162717,1478567 5168760,1486591 5224367))
28350;POLYGON((993075 5277231,1034179 5274190,1029883 5218640,989112 5221685,993075 5277231))
28351;POLYGON((500000 5294706,541083 5294585,540754 5239063,500000 5239185,500000 5294706))
28352;POLYGON((6924 5277231,48025 5280027,51655 5224485,10887 5221685,6924 5277231))
28353;POLYGON((-486591 5224367,-445439 5230150,-437760 5174550,-478567 5168760,-486591 5224367))
28354;POLYGON((-980811 5134796,-939598 5143710,-927681 5088040,-968529 5079121,-980811 5134796))
28355;POLYGON((-1475629 5006299,-1434384 5018564,-1417938 4962866,-1458790 4950602,-1475629 5006299))
28356;POLYGON((-1970325 4835734,-1929138 4851648,-1907771 4796048,-1948528 4780152,-1970325 4835734))
28357;POLYGON((-2463255 4619034,-2422307 4638970,-2395525 4583720,-2435996 4563829,-2463255 4619034))
28358;POLYGON((-2951453 4351230,-2911054 4375635,-2878265 4321164,-2918135 4296851,-2951453 4351230))
3113;POLYGON((-2421289 -1967869,-2380085 -1951949,-2358711 -2007570,-2399483 -2023473,-2421289 -1967869))
3111;POLYGON((699485 1679501,739699 1688852,752199 1634446,712270 1625162,699485 1679501))
3107;POLYGON((759 775264,42234 779793,48229 723680,7015 719179,759 775264))
3308;POLYGON((7319821 3241222,7360369 3250602,7372925 3195732,7332639 3186412,7319821 3241222))
3112;POLYGON((-926708 -4821137,-884685 -4817533,-879922 -4874409,-921719 -4877993,-926708 -4821137))
3577;POLYGON((-760647 -4672568,-718453 -4669673,-714870 -4723449,-756854 -4726329,-760647 -4672568))
