4326;POLYGON((123.0 -31.0,123.5 -31.0,123.5 -31.5,123.0 -31.5,123.0 -31.0))
28348;POLYGON((2231645 6427358,2280505 6419056,2270653 6362321,2222089 6370692,2231645 6427358))
28349;POLYGON((1649540 6507826,1697786 6502430,1691342 6446406,1643367 6451849,1649540 6507826))
28350;POLYGON((1073291 6554902,1121158 6552202,1117873 6496622,1070261 6499346,1073291 6554902))
28351;POLYGON((500000 6570398,547733 6570290,547482 6514875,500000 6514983,500000 6570398))
28352;POLYGON((-73291 6554902,-25444 6557384,-22670 6501850,-70261 6499346,-73291 6554902))
28353;POLYGON((-649540 6507826,-601335 6512991,-595431 6457060,-643367 6451849,-649540 6507826))
28354;POLYGON((-1231645 6427358,-1182844 6435406,-1173583 6378808,-1222089 6370692,-1231645 6427358))
28355;POLYGON((-1822353 6310337,-1772736 6321589,-1759754 6264073,-1809039 6252735,-1822353 6310337))
28356;POLYGON((-2424124 6152034,-2373502 6166950,-2356271 6108309,-2406509 6093291,-2424124 6152034))
28357;POLYGON((-3038907 5945814,-2987144 5965030,-2964939 5905132,-3016248 5885808,-3038907 5945814))
28358;POLYGON((-3667817 5682688,-3614862 5707058,-3586710 5645903,-3639117 5621435,-3667817 5682688))
3113;POLYGON((-2875265 -651056,-2824623 -636134,-2807385 -694798,-2857643 -709821,-2875265 -651056))
3111;POLYGON((406735 2923676,453488 2934548,465961 2880261,419493 2869456,406735 2923676))
3107;POLYGON((-141105 2047174,-93742 2052345,-87866 1997351,-134974 1992207,-141105 2047174))
3308;POLYGON((7028413 4487234,7074928 4497995,7087290 4443973,7041034 4433272,7028413 4487234))
3112;POLYGON((-1038738 -3544496,-991636 -3540457,-987054 -3595166,-1033939 -3599187,-1038738 -3544496))
3577;POLYGON((-850068 -3405337,-802913 -3402102,-799191 -3457970,-846127 -3461189,-850068 -3405337))
