4326;POLYGON((122.75 -30.75,123.25 -30.75,123.25 -31.25,122.75 -31.25,122.75 -30.75))
28348;POLYGON((2211892 6459744,2260869 6451605,2251232 6394883,2202549 6403092,2211892 6459744))
28349;POLYGON((1628420 6538419,1676779 6533163,1670515 6477155,1622424 6482459,1628420 6538419))
28350;POLYGON((1050800 6583942,1098783 6581364,1095649 6525795,1047919 6528398,1050800 6583942))
28351;POLYGON((476071 6598077,523928 6598077,523804 6542664,476195 6542664,476071 6598077))
28352;POLYGON((-98783 6581364,-50800 6583942,-47919 6528398,-95649 6525795,-98783 6581364))
28353;POLYGON((-676779 6533163,-628420 6538419,-622424 6482459,-670515 6477155,-676779 6533163))
28354;POLYGON((-1260869 6451605,-1211892 6459744,-1202549 6403092,-1251232 6394883,-1260869 6451605))
28355;POLYGON((-1853865 6333458,-1804044 6344808,-1790982 6287210,-1840471 6275771,-1853865 6333458))
28356;POLYGON((-2458292 6173900,-2407433 6188928,-2390117 6130171,-2440592 6115037,-2458292 6173900))
28357;POLYGON((-3076177 5966168,-3024137 5985525,-3001828 5925469,-3053412 5906001,-3076177 5966168))
28358;POLYGON((-3708719 5701095,-3655439 5725650,-3627148 5664291,-3679875 5639634,-3708719 5701095))
3113;POLYGON((-2909447 -629181,-2858567 -614147,-2841244 -672927,-2891739 -688066,-2909447 -629181))
3111;POLYGON((376926 2945258,423793 2956286,436413 2902011,389832 2891050,376926 2945258))
3107;POLYGON((-167906 2071983,-120429 2077279,-114425 2022296,-161648 2017029,-167906 2071983))
3308;POLYGON((6998799 4508741,7045418 4519643,7057910 4465645,7011550 4454802,6998799 4508741))
3112;POLYGON((-1064737 -3519259,-1017533 -3515117,-1012844 -3569798,-1059830 -3573921,-1064737 -3519259))
3577;POLYGON((-875666 -3379090,-828409 -3375756,-824576 -3431630,-871614 -3434950,-875666 -3379090))
