4326;POLYGON((124.5 -10.25,125.0 -10.25,125.0 -10.75,124.5 -10.75,124.5 -10.25))
28348;POLYGON((2675366 8799102,2733330 8795396,2729440 8736798,2671593 8740675,2675366 8799102))
28349;POLYGON((1991455 8835240,2047730 8832789,2045145 8775920,1988971 8778484,1991455 8835240))
28350;POLYGON((1323550 8857313,1378781 8855976,1377352 8800182,1322213 8801582,1323550 8857313))
28351;POLYGON((664283 8866563,719063 8866265,718711 8810950,664019 8811262,664283 8866563))
28352;POLYGON((6723 8863494,61621 8864220,62327 8808809,7518 8808050,6723 8863494))
28353;POLYGON((-655977 8847939,-600385 8849728,-598583 8793644,-654080 8791772,-655977 8847939))
28354;POLYGON((-1330922 8819040,-1274026 8821992,-1271027 8764623,-1327816 8761534,-1330922 8819040))
28355;POLYGON((-2025840 8775129,-1966962 8779420,-1962589 8720086,-2021342 8715599,-2025840 8775129))
28356;POLYGON((-2749515 8713498,-2687871 8719401,-2681847 8657318,-2743338 8651147,-2749515 8713498))
28357;POLYGON((-3512317 8630003,-3446966 8637931,-3438872 8572154,-3504027 8563869,-3512317 8630003))
28358;POLYGON((-4326864 8518451,-4256650 8529018,-4245863 8458368,-4315817 8447332,-4326864 8518451))
3113;POLYGON((-3200783 1911407,-3139114 1917312,-3133089 1855205,-3194603 1849031,-3200783 1911407))
3111;POLYGON((34323 5300204,93563 5312998,106300 5253264,47374 5240538,34323 5300204))
3107;POLYGON((-226830 4399262,-168580 4404805,-163128 4346072,-221106 4340554,-226830 4399262))
3308;POLYGON((6663344 6826063,6721057 6838544,6733500 6780338,6676065 6767917,6663344 6826063))
3112;POLYGON((-1070763 -1243749,-1014506 -1239600,-1010436 -1296339,-1066467 -1300471,-1070763 -1243749))
3577;POLYGON((-843529 -1099896,-787352 -1096704,-784401 -1150522,-840367 -1153702,-843529 -1099896))
