4326;POLYGON((124.25 -18.75,124.75 -18.75,124.75 -19.25,124.25 -19.25,124.25 -18.75))
28348;POLYGON((2560079 7812524,2615291 7806235,2608506 7748227,2553495 7754654,2560079 7812524))
28349;POLYGON((1906654 7873881,1960542 7869721,1956031 7813115,1902320 7817368,1906654 7873881))
28350;POLYGON((1265826 7911200,1318892 7908954,1316422 7853227,1263520 7855523,1265826 7911200))
28351;POLYGON((631765 7926372,684483 7925928,683933 7870583,631372 7871037,631765 7926372))
28352;POLYGON((-1137 7920146,51695 7921482,53037 7866037,363 7864671,-1137 7920146))
28353;POLYGON((-638453 7892216,-585037 7895399,-581738 7839367,-634985 7836112,-638453 7892216))
28354;POLYGON((-1285898 7841185,-1231413 7846375,-1225990 7789251,-1280287 7783946,-1285898 7841185))
28355;POLYGON((-1949521 7764404,-1893445 7771877,-1885613 7713120,-1941470 7705485,-1949521 7764404))
28356;POLYGON((-2635900 7657657,-2577660 7667835,-2566979 7606854,-2624956 7596463,-2635900 7657657))
28357;POLYGON((-3352354 7514645,-3291306 7528149,-3277129 7464288,-3337848 7450512,-3352354 7514645))
28358;POLYGON((-4107168 7326199,-4042578 7343928,-4023971 7276451,-4088137 7258385,-4107168 7326199))
3113;POLYGON((-3087124 855154,-3028861 865336,-3018176 804331,-3076175 793936,-3087124 855154))
3111;POLYGON((223460 4306102,277476 4317917,289714 4261254,235995 4249504,223460 4306102))
3107;POLYGON((-158405 3419402,-104691 3424639,-99329 3368295,-152782 3363084,-158405 3419402))
3308;POLYGON((6848296 5853612,6901353 5865220,6913392 5809553,6860601 5798003,6848296 5853612))
3112;POLYGON((-1025110 -2194919,-972638 -2190944,-968578 -2246001,-1020831 -2249959,-1025110 -2194919))
3577;POLYGON((-815222 -2030012,-762686 -2026924,-759539 -2082315,-811859 -2085390,-815222 -2030012))
