4326;POLYGON((124.0 -18.25,124.5 -18.25,124.5 -18.75,124.0 -18.75,124.0 -18.25))
28348;POLYGON((2538844 7873433,2594187 7867377,2587668 7809403,2532521 7815597,2538844 7873433))
28349;POLYGON((1883881 7932380,1937897 7928395,1933587 7871822,1879743 7875899,1883881 7932380))
28350;POLYGON((1241480 7967920,1294680 7965800,1292353 7910096,1239311 7912265,1241480 7967920))
28351;POLYGON((605716 7981866,658583 7981504,658123 7926168,605410 7926538,605716 7981866))
28352;POLYGON((-29105 7974912,23897 7976291,25282 7920833,-27565 7919421,-29105 7974912))
28353;POLYGON((-668651 7946713,-615035 7949901,-611737 7893827,-665187 7890564,-668651 7946713))
28354;POLYGON((-1318746 7895846,-1264021 7901007,-1258642 7843802,-1313183 7838523,-1318746 7895846))
28355;POLYGON((-1985579 7819644,-1929210 7827053,-1921464 7768166,-1977618 7760590,-1985579 7819644))
28356;POLYGON((-2675912 7713873,-2617308 7723955,-2606755 7662777,-2665098 7652475,-2675912 7713873))
28357;POLYGON((-3397312 7572205,-3335806 7585584,-3321797 7521436,-3382977 7507776,-3397312 7572205))
28358;POLYGON((-4158409 7385420,-4093235 7403001,-4074832 7335114,-4139586 7317184,-4158409 7385420))
3113;POLYGON((-3127151 911392,-3068524 921477,-3057967 860276,-3116333 849970,-3127151 911392))
3111;POLYGON((183760 4356795,238043 4368817,250460 4312045,196475 4300088,183760 4356795))
3107;POLYGON((-191016 3473101,-137054 3478488,-131551 3422052,-185253 3416691,-191016 3473101))
3308;POLYGON((6809325 5903405,6862620 5915199,6874817 5859448,6821788 5847713,6809325 5903405))
3112;POLYGON((-1055733 -2141888,-1003050 -2137792,-998876 -2192905,-1051340 -2196984,-1055733 -2141888))
3577;POLYGON((-844954 -1976330,-792207 -1973126,-788956 -2028442,-841486 -2031633,-844954 -1976330))
