4326;POLYGON((124.5 -39.0,125.0 -39.0,125.0 -39.5,124.5 -39.5,124.5 -39.0))
28348;POLYGON((2194930 5497720,2238703 5487827,2225784 5431745,2182367 5441663,2194930 5497720))
28349;POLYGON((1671191 5595487,1714735 5588780,1705931 5532979,1662717 5539706,1671191 5595487))
28350;POLYGON((1149824 5656372,1193202 5652657,1188258 5597062,1145194 5600790,1149824 5656372))
28351;POLYGON((629890 5682153,673190 5681320,671964 5625825,628971 5626661,629890 5682153))
28352;POLYGON((110253 5673580,153573 5675606,156030 5620091,113017 5618058,110253 5673580))
28353;POLYGON((-410263 5630404,-366826 5635348,-360617 5579694,-403734 5574734,-410263 5630404))
28354;POLYGON((-932718 5551366,-889085 5559372,-878943 5503482,-922237 5495454,-932718 5551366))
28355;POLYGON((-1457882 5434157,-1414004 5445458,-1399637 5389276,-1443145 5377949,-1457882 5434157))
28356;POLYGON((-1986013 5275346,-1941896 5290274,-1922887 5233809,-1966595 5218861,-1986013 5275346))
28357;POLYGON((-2516569 5070294,-2472296 5089284,-2448100 5032656,-2491911 5013662,-2516569 5070294))
28358;POLYGON((-3047807 4813058,-3003582 4836657,-2973511 4780148,-3017211 4756579,-3047807 4813058))
3113;POLYGON((-2436983 -1528085,-2392848 -1513151,-2373832 -1569638,-2417558 -1584592,-2436983 -1528085))
3111;POLYGON((737041 2087444,779398 2096592,790981 2042268,748910 2033182,737041 2087444))
3107;POLYGON((87157 1178895,130498 1183019,135659 1127429,92575 1123329,87157 1178895))
3308;POLYGON((7357860 3651530,7400371 3660724,7412029 3606188,7369779 3597050,7357860 3651530))
3112;POLYGON((-830473 -4416386,-786841 -4413169,-782824 -4469151,-826234 -4472352,-830473 -4416386))
3577;POLYGON((-656403 -4283768,-612688 -4281285,-609684 -4336055,-653184 -4338526,-656403 -4283768))
