4326;POLYGON((124.25 -14.0,124.75 -14.0,124.75 -14.5,124.25 -14.5,124.25 -14.0))
28348;POLYGON((2614376 8363890,2671260 8359014,2666102 8300693,2609373 8305726,2614376 8363890))
28349;POLYGON((1942335 8411391,1997687 8408175,1994269 8351441,1939052 8354762,1942335 8411391))
28350;POLYGON((1284796 8440214,1339205 8438481,1337337 8382732,1283052 8384522,1284796 8440214))
28351;POLYGON((634997 8451917,689009 8451575,688593 8396253,634700 8396607,634997 8451917))
28352;POLYGON((-13479 8447115,40664 8448146,41678 8392713,-12344 8391648,-13479 8447115))
28353;POLYGON((-666997 8425558,-612187 8428016,-609690 8371927,-664372 8369388,-666997 8425558))
28354;POLYGON((-1332140 8386097,-1276099 8390115,-1271984 8332796,-1327882 8328648,-1332140 8386097))
28355;POLYGON((-2016008 8326537,-1958116 8332343,-1952152 8273168,-2009874 8267176,-2016008 8326537))
28356;POLYGON((-2726556 8243350,-2666110 8251301,-2657932 8189555,-2718173 8181355,-2726556 8243350))
28357;POLYGON((-3472996 8131191,-3409168 8141816,-3398236 8076665,-3461802 8065713,-3472996 8131191))
28358;POLYGON((-4266282 7982150,-4198079 7996231,-4183595 7926668,-4251455 7912166,-4266282 7982150))
3113;POLYGON((-3177815 1441075,-3117345 1449029,-3109164 1387260,-3169428 1379056,-3177815 1441075))
3111;POLYGON((102664 4851503,159546 4863945,172115 4805749,115539 4793375,102664 4851503))
3107;POLYGON((-212403 3960263,-156186 3965744,-150712 3908230,-206664 3902775,-212403 3960263))
3308;POLYGON((6730016 6388120,6785633 6400287,6797941 6343376,6742597 6331268,6730016 6388120))
3112;POLYGON((-1066055 -1668217,-1011487 -1664084,-1007370 -1719925,-1061716 -1724041,-1066055 -1668217))
3577;POLYGON((-846942 -1507775,-792361 -1504567,-789258 -1559182,-843625 -1562377,-846942 -1507775))
