4326;POLYGON((123.75 -21.25,124.25 -21.25,124.25 -21.75,123.75 -21.75,123.75 -21.25))
28348;POLYGON((2471503 7530277,2525544 7523529,2518156 7465840,2464337 7472711,2471503 7530277))
28349;POLYGON((1831025 7595884,1883904 7591458,1879032 7535018,1826350 7539526,1831025 7595884))
28350;POLYGON((1201549 7635157,1253715 7632836,1251119 7577169,1199136 7579534,1201549 7635157))
28351;POLYGON((577817 7649999,629701 7649670,629258 7594321,577552 7594656,577817 7649999))
28352;POLYGON((-45278 7641111,6745 7642761,8435 7587281,-43409 7585600,-45278 7641111))
28353;POLYGON((-672834 7608075,-620241 7611781,-616340 7555719,-668741 7551944,-672834 7608075))
28354;POLYGON((-1310056 7549302,-1256454 7555244,-1250152 7498135,-1303541 7492083,-1310056 7549302))
28355;POLYGON((-1962393 7461863,-1907316 7470344,-1898295 7411697,-1953127 7403065,-1962393 7461863))
28356;POLYGON((-2635657 7341168,-2578603 7352644,-2566381 7291938,-2623140 7280265,-2635657 7341168))
28357;POLYGON((-3336126 7180437,-3276552 7195575,-3260427 7132252,-3319636 7116870,-3336126 7180437))
28358;POLYGON((-4070643 6969924,-4007955 6989674,-3986924 6923149,-4049146 6903106,-4070643 6969924))
3113;POLYGON((-3086880 538541,-3029804 550022,-3017577 489292,-3074359 477615,-3086880 538541))
3111;POLYGON((233364 4012688,285839 4024455,298231 3968507,246050 3956806,233364 4012688))
3107;POLYGON((-182778 3133421,-130388 3138774,-124811 3082917,-176943 3077591,-182778 3133421))
3308;POLYGON((6857916 5565048,6909592 5576613,6921786 5521506,6870374 5510000,6857916 5565048))
3112;POLYGON((-1055123 -2473647,-1003760 -2469551,-999502 -2524328,-1050647 -2528407,-1055123 -2473647))
3577;POLYGON((-849806 -2310741,-798368 -2307516,-794986 -2363184,-846207 -2366396,-849806 -2310741))
