4326;POLYGON((124.5 -21.5,125.0 -21.5,125.0 -22.0,124.5 -22.0,124.5 -21.5))
28348;POLYGON((2548878 7491197,2602984 7484073,2595176 7426214,2541298 7433465,2548878 7491197))
28349;POLYGON((1907901 7560933,1960801 7556187,1955574 7499626,1902876 7504458,1907901 7560933))
28350;POLYGON((1278477 7603766,1330617 7601165,1327714 7545428,1275760 7548077,1278477 7603766))
28351;POLYGON((655381 7621768,707188 7621188,706472 7565822,654844 7566413,655381 7621768))
28352;POLYGON((33542 7615791,85436 7617204,86873 7561764,35160 7560325,33542 7615791))
28353;POLYGON((-592077 7585552,-539673 7589026,-536016 7533066,-588228 7529528,-592077 7585552))
28354;POLYGON((-1226610 7529610,-1173263 7535312,-1167210 7478372,-1220346 7472567,-1226610 7529610))
28355;POLYGON((-1875404 7445206,-1820657 7453421,-1811907 7395021,-1866411 7386661,-1875404 7445206))
28356;POLYGON((-2544138 7327963,-2487503 7339129,-2475593 7278758,-2531938 7267403,-2544138 7327963))
28357;POLYGON((-3238918 7171395,-3179867 7186150,-3164125 7123265,-3222818 7108276,-3238918 7171395))
28358;POLYGON((-3966364 6966165,-3904325 6985418,-3883788 6919452,-3945373 6899916,-3966364 6966165))
3113;POLYGON((-2995326 525331,-2938668 536502,-2926754 476107,-2983121 464748,-2995326 525331))
3111;POLYGON((318225 4002230,370644 4013551,382582 3957566,330457 3946309,318225 4002230))
3107;POLYGON((-101459 3113415,-49162 3118392,-43977 3062538,-96016 3057586,-101459 3113415))
3308;POLYGON((6941484 5554723,6993109 5565888,7004898 5510740,6953537 5499632,6941484 5554723))
3112;POLYGON((-975997 -2494978,-924719 -2491197,-920789 -2545978,-971849 -2549743,-975997 -2494978))
3577;POLYGON((-771008 -2333810,-719661 -2330893,-716605 -2386604,-767735 -2389509,-771008 -2333810))
