4326;POLYGON((124.25 -27.5,124.75 -27.5,124.75 -28.0,124.25 -28.0,124.25 -27.5))
28348;POLYGON((2422048 6805330,2473087 6796980,2463509 6739719,2412748 6748163,2422048 6805330))
28349;POLYGON((1815479 6887121,1865657 6881557,1859242 6825262,1809312 6830891,1815479 6887121))
28350;POLYGON((1217205 6937157,1266836 6934140,1263308 6878465,1213909 6881519,1217205 6937157))
28351;POLYGON((623471 6957561,672867 6956963,672079 6901563,622908 6902168,623471 6957561))
28352;POLYGON((30519 6949183,79993 6950981,81913 6895509,32666 6893689,30519 6949183))
28353;POLYGON((-565405 6911676,-515540 6915945,-510833 6860053,-560459 6855735,-565405 6911676))
28354;POLYGON((-1168062 6843462,-1117492 6850382,-1109800 6793726,-1160109 6786727,-1168062 6843462))
28355;POLYGON((-1781196 6741599,-1729611 6751472,-1718600 6693710,-1769889 6683729,-1781196 6741599))
28356;POLYGON((-2408490 6601529,-2355587 6614806,-2340761 6555609,-2393317 6542198,-2408490 6601529))
28357;POLYGON((-3053450 6416680,-2998949 6433998,-2979602 6373074,-3033687 6355601,-3053450 6416680))
28358;POLYGON((-3719219 6177893,-3662877 6200132,-3638039 6137266,-3693869 6114859,-3719219 6177893))
3113;POLYGON((-2859624 -201386,-2806701 -188103,-2791869 -247323,-2844445 -260739,-2859624 -201386))
3111;POLYGON((439090 3332519,487990 3343214,499832 3288380,451221 3277747,439090 3332519))
3107;POLYGON((-61152 2445282,-11947 2450080,-6697 2394904,-55645 2390131,-61152 2445282))
3308;POLYGON((7060843 4893105,7109300 4903707,7121054 4849357,7072857 4838813,7060843 4893105))
3112;POLYGON((-950676 -3152392,-902014 -3148707,-897989 -3203291,-946434 -3206960,-950676 -3152392))
3577;POLYGON((-755953 -3005847,-707236 -3002984,-704054 -3058987,-752552 -3061837,-755953 -3005847))
