4326;POLYGON((124.25 -19.25,124.75 -19.25,124.75 -19.75,124.25 -19.75,124.25 -19.25))
28348;POLYGON((2553495 7754654,2608506 7748227,2601554 7690256,2546749 7696818,2553495 7754654))
28349;POLYGON((1902320 7817368,1956031 7813115,1951407 7756525,1897878 7760869,1902320 7817368))
28350;POLYGON((1263520 7855523,1316422 7853227,1313891 7797502,1261156 7799848,1263520 7855523))
28351;POLYGON((631372 7871037,683933 7870583,683368 7815236,630969 7815700,631372 7871037))
28352;POLYGON((363 7864671,53037 7866037,54412 7810591,1902 7809195,363 7864671))
28353;POLYGON((-634985 7836112,-581738 7839367,-578356 7783342,-631429 7780017,-634985 7836112))
28354;POLYGON((-1280287 7783946,-1225990 7789251,-1220432 7732150,-1274536 7726732,-1280287 7783946))
28355;POLYGON((-1941470 7705485,-1885613 7713120,-1877589 7654412,-1933223 7646619,-1941470 7705485))
28356;POLYGON((-2624956 7596463,-2566979 7606854,-2556044 7545963,-2613752 7535362,-2624956 7596463))
28357;POLYGON((-3337848 7450512,-3277129 7464288,-3262628 7400577,-3323012 7386536,-3337848 7450512))
28358;POLYGON((-4088137 7258385,-4023971 7276451,-4004959 7209216,-4068695 7190822,-4088137 7258385))
3113;POLYGON((-3076175 793936,-3018176 804331,-3007236 743417,-3064967 732811,-3076175 793936))
3111;POLYGON((235995 4249504,289714 4261254,301922 4204730,248500 4193045,235995 4249504))
3107;POLYGON((-152782 3363084,-99329 3368295,-93977 3312052,-147170 3306866,-152782 3363084))
3308;POLYGON((6860601 5798003,6913392 5809553,6925408 5753994,6872883 5742503,6860601 5798003))
3112;POLYGON((-1020831 -2249959,-968578 -2246001,-964523 -2300997,-1016557 -2304938,-1020831 -2249959))
3577;POLYGON((-811859 -2085390,-759539 -2082315,-756389 -2137770,-808491 -2140833,-811859 -2085390))
