4326;POLYGON((124.5 -13.75,125.0 -13.75,125.0 -14.25,124.5 -14.25,124.5 -13.75))
28348;POLYGON((2645275 8390602,2702312 8385731,2697165 8327315,2640280 8332346,2645275 8390602))
28349;POLYGON((1971631 8438145,2027101 8434917,2023674 8378123,1968337 8381457,1971631 8438145))
28350;POLYGON((1312873 8467223,1367371 8465460,1365474 8409680,1311098 8411502,1312873 8467223))
28351;POLYGON((662176 8479417,716252 8479024,715784 8423697,661825 8424103,662176 8479417))
28352;POLYGON((13073 8475370,67260 8476327,68197 8420910,14129 8419920,13073 8475370))
28353;POLYGON((-640830 8454869,-585996 8457227,-583604 8401173,-638312 8398737,-640830 8454869))
28354;POLYGON((-1306143 8416821,-1250095 8420706,-1246121 8363442,-1302028 8359429,-1306143 8416821))
28355;POLYGON((-1989987 8359109,-1932105 8364743,-1926323 8305639,-1984040 8299821,-1989987 8359109))
28356;POLYGON((-2700339 8278312,-2639915 8286039,-2631974 8224382,-2692196 8216406,-2700339 8278312))
28357;POLYGON((-3446438 8169237,-3382643 8179575,-3372016 8114526,-3435556 8103863,-3446438 8169237))
28358;POLYGON((-4239282 8024193,-4171119 8037900,-4157030 7968447,-4224860 7954320,-4239282 8024193))
3113;POLYGON((-3151587 1476051,-3091140 1483781,-3083196 1422100,-3143442 1414121,-3151587 1476051))
3111;POLYGON((124721 4886912,181789 4899237,194225 4840917,137463 4828657,124721 4886912))
3107;POLYGON((-187106 3991841,-130743 3997204,-125396 3939606,-181493 3934267,-187106 3991841))
3308;POLYGON((6751583 6422735,6807365 6434799,6819553 6377782,6764044 6365777,6751583 6422735))
3112;POLYGON((-1040891 -1638168,-986203 -1634136,-982193 -1690036,-1036658 -1694053,-1040891 -1638168))
3577;POLYGON((-821255 -1478877,-766562 -1475770,-763569 -1530342,-818049 -1533437,-821255 -1478877))
