4326;POLYGON((123.75 -33.75,124.25 -33.75,124.25 -34.25,123.75 -34.25,123.75 -33.75))
28348;POLYGON((2248293 6103136,2295549 6094093,2284497 6037519,2237561 6046618,2248293 6103136))
28349;POLYGON((1684599 6191601,1731360 6185602,1723987 6129613,1677519 6135652,1684599 6191601))
28350;POLYGON((1125724 6245028,1172166 6241860,1168210 6186254,1122045 6189444,1125724 6245028))
28351;POLYGON((569463 6265310,615775 6264861,615098 6209417,569058 6209869,569463 6265310))
28352;POLYGON((13496 6253158,59872 6255413,62452 6199902,16349 6197632,13496 6253158))
28353;POLYGON((-544512 6208147,-497877 6213184,-491952 6157381,-538300 6152310,-544512 6208147))
28354;POLYGON((-1106805 6128688,-1059732 6136686,-1050253 6080378,-1097016 6072329,-1106805 6128688))
28355;POLYGON((-1675415 6011934,-1627746 6023182,-1614375 5966187,-1661699 5954875,-1675415 6011934))
28356;POLYGON((-2251983 5853623,-2203602 5868535,-2185850 5810723,-2233838 5795740,-2251983 5853623))
28357;POLYGON((-2837496 5647836,-2788354 5666977,-2765558 5608309,-2814244 5589100,-2837496 5647836))
28358;POLYGON((-3431920 5386691,-3382070 5410800,-3353361 5351387,-3402671 5327227,-3431920 5386691))
3113;POLYGON((-2703056 -949583,-2654657 -934665,-2636897 -992499,-2684905 -1007489,-2703056 -949583))
3111;POLYGON((544604 2641569,589873 2651720,601881 2597506,556896 2587418,544604 2641569))
3107;POLYGON((-38426 1752245,7569 1756945,13069 1701859,-32672 1697185,-38426 1752245))
3308;POLYGON((7165469 4206075,7210637 4216184,7222609 4162079,7177700 4152028,7165469 4206075))
3112;POLYGON((-943430 -3840036,-897504 -3836374,-893227 -3891393,-938934 -3895038,-943430 -3840036))
3577;POLYGON((-759490 -3707388,-713518 -3704506,-710139 -3760154,-755892 -3763023,-759490 -3707388))
