4326;POLYGON((123.75 -22.5,124.25 -22.5,124.25 -23.0,123.75 -23.0,123.75 -22.5))
28348;POLYGON((2453300 7386430,2506778 7379380,2498996 7321788,2445752 7328956,2453300 7386430))
28349;POLYGON((1819146 7455015,1871525 7450386,1866387 7393985,1814217 7398692,1819146 7455015))
28350;POLYGON((1195416 7496102,1247118 7493672,1244380 7438011,1192871 7440482,1195416 7496102))
28351;POLYGON((577142 7511635,628576 7511291,628109 7455934,576862 7456283,577142 7511635))
28352;POLYGON((-40527 7502333,11039 7504059,12822 7448577,-38555 7446820,-40527 7502333))
28353;POLYGON((-662434 7467766,-610327 7471643,-606212 7415604,-658117 7411661,-662434 7467766))
28354;POLYGON((-1293506 7406311,-1240443 7412523,-1233802 7355483,-1286641 7349168,-1293506 7406311))
28355;POLYGON((-1938862 7314982,-1884407 7323835,-1874913 7265333,-1929110 7256337,-1938862 7314982))
28356;POLYGON((-2603889 7189112,-2547582 7201071,-2534741 7140624,-2590741 7128481,-2603889 7189112))
28357;POLYGON((-3294304 7021850,-3235654 7037586,-3218753 6974690,-3277024 6958727,-3294304 7021850))
28358;POLYGON((-4016177 6803398,-3954665 6823863,-3932692 6758011,-3993723 6737278,-4016177 6803398))
3113;POLYGON((-3055100 386427,-2998771 398390,-2985925 337919,-3041947 325771,-3055100 386427))
3111;POLYGON((265028 3873201,316769 3884804,329098 3829141,277648 3817604,265028 3873201))
3107;POLYGON((-168206 2993994,-116461 2999281,-110904 2943616,-162391 2938355,-168206 2993994))
3308;POLYGON((6889024 5427592,6940042 5439010,6952189 5384116,6901434 5372757,6889024 5427592))
3112;POLYGON((-1043939 -2610472,-993120 -2606419,-988869 -2661103,-1039470 -2665138,-1043939 -2610472))
3577;POLYGON((-840803 -2449966,-789909 -2446774,-786521 -2502555,-837196 -2505732,-840803 -2449966))
