4326;POLYGON((124.0 -8.25,124.5 -8.25,124.5 -8.75,124.0 -8.75,124.0 -8.25))
28348;POLYGON((2630487 9035925,2688690 9033006,2685625 8974502,2627516 8977592,2630487 9035925))
28349;POLYGON((1943705 9064254,2000222 9062343,1998206 9005556,1941770 9007579,1943705 9064254))
28350;POLYGON((1272774 9081264,1328268 9080251,1327183 9024515,1271764 9025588,1272774 9081264))
28351;POLYGON((610136 9087926,665214 9087753,665000 9032458,609993 9032640,610136 9087926))
28352;POLYGON((-51330 9084605,3917 9085264,4562 9029822,-50613 9029125,-51330 9084605))
28353;POLYGON((-718687 9071120,-662673 9072647,-661133 9016464,-717070 9014848,-718687 9071120))
28354;POLYGON((-1399301 9046713,-1341886 9049194,-1339365 8991637,-1396692 8989011,-1399301 9046713))
28355;POLYGON((-2101256 9009947,-2041728 9013533,-2038073 8953892,-2097497 8950098,-2101256 9009947))
28356;POLYGON((-2833828 8958497,-2771355 8963423,-2766328 8900869,-2828672 8895658,-2833828 8958497))
28357;POLYGON((-3608087 8888808,-3541661 8895427,-3534902 8828947,-3601162 8821946,-3608087 8888808))
28358;POLYGON((-4437658 8795547,-4366024 8804391,-4356996 8732700,-4428409 8723352,-4437658 8795547))
3113;POLYGON((-3285128 2156502,-3222631 2161429,-3217602 2098851,-3279971 2093638,-3285128 2156502))
3111;POLYGON((-78811 5527749,-18374 5541135,-5123 5480552,-65241 5467237,-78811 5527749))
3107;POLYGON((-309225 4630026,-249907 4635948,-244109 4576489,-303153 4570594,-309225 4630026))
3308;POLYGON((6553262 7047571,6612037 7060577,6624929 7001649,6566436 6988705,6553262 7047571))
3112;POLYGON((-1145203 -1019883,-1088055 -1015441,-1083715 -1072739,-1140635 -1077164,-1145203 -1019883))
3577;POLYGON((-913109 -889347,-856107 -885885,-852974 -939200,-909767 -942650,-913109 -889347))
