4326;POLYGON((123.75 -14.0,124.25 -14.0,124.25 -14.5,123.75 -14.5,123.75 -14.0))
28348;POLYGON((2557643 8368619,2614376 8363890,2609373 8305726,2552793 8310607,2557643 8368619))
28349;POLYGON((1887083 8414478,1942335 8411391,1939052 8354762,1883933 8357949,1887083 8414478))
28350;POLYGON((1230440 8441829,1284796 8440214,1283052 8384522,1228819 8386189,1230440 8441829))
28351;POLYGON((580995 8452145,634997 8451917,634700 8396607,580816 8396842,580995 8452145))
28352;POLYGON((-67657 8445969,-13479 8447115,-12344 8391648,-66402 8390464,-67657 8445969))
28353;POLYGON((-721888 8422976,-666997 8425558,-664372 8369388,-719133 8366723,-721888 8422976))
28354;POLYGON((-1388311 8381940,-1332140 8386097,-1327882 8328648,-1383907 8324357,-1388311 8381940))
28355;POLYGON((-2074083 8320567,-2016008 8326537,-2009874 8267176,-2067779 8261015,-2074083 8320567))
28356;POLYGON((-2787250 8235200,-2726556 8243350,-2718173 8181355,-2778657 8172949,-2787250 8235200))
28357;POLYGON((-3537148 8120311,-3472996 8131191,-3461802 8065713,-3525687 8054500,-3537148 8120311))
28358;POLYGON((-4334901 7967734,-4266282 7982150,-4251455 7912166,-4319723 7897322,-4334901 7967734))
3113;POLYGON((-3238533 1432922,-3177815 1441075,-3169428 1379056,-3229936 1370647,-3238533 1432922))
3111;POLYGON((45848 4838763,102664 4851503,115539 4793375,59028 4780703,45848 4838763))
3107;POLYGON((-268594 3954521,-212403 3960263,-206664 3902775,-262589 3897061,-268594 3954521))
3308;POLYGON((6674459 6375686,6730016 6388120,6742597 6331268,6687311 6318895,6674459 6375686))
3112;POLYGON((-1120606 -1672567,-1066055 -1668217,-1061716 -1724041,-1116045 -1728373,-1120606 -1672567))
3577;POLYGON((-901509 -1511197,-846942 -1507775,-843625 -1562377,-897979 -1565785,-901509 -1511197))
