4326;POLYGON((124.0 -22.0,124.5 -22.0,124.5 -22.5,124.0 -22.5,124.0 -22.0))
28348;POLYGON((2487536 7440502,2541298 7433465,2533558 7375773,2480025 7382932,2487536 7440502))
28349;POLYGON((1850256 7509101,1902876 7504458,1897742 7448000,1845326 7452724,1850256 7509101))
28350;POLYGON((1223849 7550551,1275760 7548077,1272984 7492391,1221262 7494909,1223849 7550551))
28351;POLYGON((603224 7566835,654844 7566413,654295 7511055,602858 7511484,603224 7566835))
28352;POLYGON((-16579 7558714,35160 7560325,36813 7504857,-14740 7503218,-16579 7558714))
28353;POLYGON((-640501 7525810,-588228 7529528,-584297 7473512,-636372 7469728,-640501 7525810))
28354;POLYGON((-1273578 7466563,-1220346 7472567,-1213948 7415551,-1266962 7409443,-1273578 7466563))
28355;POLYGON((-1921050 7378071,-1866411 7386661,-1857230 7328173,-1911618 7319438,-1921050 7378071))
28356;POLYGON((-2588459 7255773,-2531938 7267403,-2519493 7206945,-2575714 7195127,-2588459 7255773))
28357;POLYGON((-3281731 7092946,-3222818 7108276,-3206410 7045323,-3264952 7029762,-3281731 7092946))
28358;POLYGON((-4007225 6879948,-3945373 6899916,-3924006 6833931,-3985388 6813686,-4007225 6879948))
3113;POLYGON((-3039664 453113,-2983121 464748,-2970671 404266,-3026914 392444,-3039664 453113))
3111;POLYGON((278392 3934777,330457 3946309,342663 3890503,290891 3879036,278392 3934777))
3107;POLYGON((-148030 3052393,-96016 3057586,-90580 3001834,-142337 2996667,-148030 3052393))
3308;POLYGON((6902229 5488278,6953537 5499632,6965571 5444627,6914526 5433332,6902229 5488278))
3112;POLYGON((-1022894 -2553711,-971849 -2549743,-967705 -2604469,-1018531 -2608420,-1022894 -2553711))
3577;POLYGON((-818852 -2392614,-767735 -2389509,-764458 -2445254,-815358 -2448345,-818852 -2392614))
