4326;POLYGON((125.0 -29.0,125.5 -29.0,125.5 -29.5,125.0 -29.5,125.0 -29.0))
28348;POLYGON((2469032 6620937,2519343 6611934,2508879 6554688,2458861 6563779,2469032 6620937))
28349;POLYGON((1870830 6709769,1920332 6703673,1913212 6647345,1863974 6653504,1870830 6709769))
28350;POLYGON((1280550 6765485,1329519 6762042,1325450 6706324,1276726 6709803,1280550 6765485))
28351;POLYGON((694820 6790365,743541 6789437,742358 6734011,693875 6734949,694820 6790365))
28352;POLYGON((110231 6785411,158987 6786960,160644 6731508,112126 6729942,110231 6785411))
28353;POLYGON((-476637 6750424,-427561 6754513,-422998 6698715,-471825 6694583,-476637 6750424))
28354;POLYGON((-1069186 6683991,-1019508 6690785,-1011855 6634326,-1061263 6627462,-1069186 6683991))
28355;POLYGON((-1670762 6583368,-1620206 6593152,-1609147 6535724,-1659399 6525845,-1670762 6583368))
28356;POLYGON((-2284575 6444268,-2232882 6457466,-2217941 6398784,-2269283 6385470,-2284575 6444268))
28357;POLYGON((-2913554 6260517,-2860496 6277725,-2841004 6217551,-2893645 6200209,-2913554 6260517))
28358;POLYGON((-3560118 6023559,-3505520 6045597,-3480561 5983779,-3534652 5961601,-3560118 6023559))
3113;POLYGON((-2735661 -358708,-2683949 -345505,-2669002 -404209,-2720363 -417528,-2735661 -358708))
3111;POLYGON((547515 3184068,595633 3194197,607004 3139461,559173 3129394,547515 3184068))
3107;POLYGON((28023 2286913,76494 2291299,81355 2236163,33140 2231800,28023 2286913))
3308;POLYGON((7168396 4745899,7216148 4755987,7227490 4701657,7179999 4691624,7168396 4745899))
3112;POLYGON((-865926 -3310750,-817894 -3307400,-814192 -3362054,-862006 -3365388,-865926 -3310750))
3577;POLYGON((-673658 -3169642,-625583 -3167100,-622731 -3223104,-670587 -3225634,-673658 -3169642))
