4326;POLYGON((125.25 -37.0,125.75 -37.0,125.75 -37.5,125.25 -37.5,125.25 -37.0))
28348;POLYGON((2311705 5707726,2356919 5697549,2343989 5641188,2299123 5651403,2311705 5707726))
28349;POLYGON((1771463 5808832,1816332 5801847,1807415 5745904,1762866 5752919,1771463 5808832))
28350;POLYGON((1234753 5873165,1279375 5869152,1274191 5813511,1229871 5817543,1234753 5873165))
28351;POLYGON((700210 5902761,744710 5901591,743097 5846105,698891 5847280,700210 5902761))
28352;POLYGON((166273 5898549,210784 5900188,212692 5844695,168475 5843048,166273 5898549))
28353;POLYGON((-368669 5860399,-324014 5864896,-318527 5809236,-362877 5804717,-368669 5860399))
28354;POLYGON((-906146 5787108,-861226 5794607,-851987 5738632,-896583 5731102,-906146 5787108))
28355;POLYGON((-1447443 5676354,-1402165 5687092,-1388884 5630692,-1433809 5619915,-1447443 5676354))
28356;POLYGON((-1993412 5524598,-1947727 5538920,-1929982 5482041,-1975272 5467679,-1993412 5524598))
28357;POLYGON((-2544190 5326948,-2498122 5345317,-2475348 5288001,-2520966 5269601,-2544190 5326948))
28358;POLYGON((-3098831 5076998,-3052512 5100011,-3023979 5042449,-3069779 5019431,-3098831 5076998))
3113;POLYGON((-2444385 -1278737,-2398682 -1264409,-2380931 -1321310,-2426238 -1335678,-2444385 -1278737))
3111;POLYGON((754867 2318327,798436 2327378,809578 2273025,766295 2264033,754867 2318327))
3107;POLYGON((132105 1406797,176500 1410711,181254 1355324,137115 1351433,132105 1406797))
3308;POLYGON((7375638 3883004,7419257 3892110,7430484 3837681,7387126 3828629,7375638 3883004))
3112;POLYGON((-780563 -4188745,-736025 -4185728,-732371 -4241312,-776688 -4244314,-780563 -4188745))
3577;POLYGON((-602470 -4059942,-557880 -4057672,-555177 -4112872,-599551 -4115131,-602470 -4059942))
