4326;POLYGON((124.75 -12.75,125.25 -12.75,125.25 -13.25,124.75 -13.25,124.75 -12.75))
28348;POLYGON((2683389 8504938,2740798 8500323,2735935 8441767,2678669 8446548,2683389 8504938))
28349;POLYGON((2005722 8550061,2061499 8546991,2058249 8490117,2002596 8493299,2005722 8550061))
28350;POLYGON((1343593 8577862,1398352 8576163,1396531 8520347,1341886 8522108,1343593 8577862))
28351;POLYGON((689987 8589870,744292 8589451,743802 8534119,689607 8534553,689987 8589870))
28352;POLYGON((38282 8586726,92677 8587565,93494 8532165,39209 8531295,38282 8586726))
28353;POLYGON((-618054 8568263,-563020 8570405,-560855 8514381,-615772 8512161,-618054 8568263))
28354;POLYGON((-1285770 8533488,-1229520 8537049,-1225887 8479816,-1282007 8476126,-1285770 8533488))
28355;POLYGON((-1972145 8480446,-1914042 8485632,-1908735 8426549,-1966685 8421178,-1972145 8480446))
28356;POLYGON((-2685358 8405965,-2624677 8413095,-2617370 8351431,-2677865 8344049,-2685358 8405965))
28357;POLYGON((-3434930 8305206,-3370814 8314763,-3361016 8249653,-3424896 8239765,-3434930 8305206))
28358;POLYGON((-4232263 8170979,-4163674 8183673,-4150661 8114064,-4218940 8100939,-4232263 8170979))
3113;POLYGON((-3136601 1603754,-3075896 1610887,-3068586 1549199,-3129104 1541814,-3136601 1603754))
3111;POLYGON((127947 5010254,185663 5022560,198025 4963828,140618 4951587,127947 5010254))
3107;POLYGON((-169931 4110177,-113020 4115460,-107779 4057548,-164422 4052290,-169931 4110177))
3308;POLYGON((6754715 6543248,6811074 6555296,6823192 6497933,6767108 6485944,6754715 6543248))
3112;POLYGON((-1021816 -1524015,-966674 -1520060,-962760 -1576186,-1017678 -1580126,-1021816 -1524015))
3577;POLYGON((-800093 -1368466,-744967 -1365442,-742092 -1419818,-797004 -1422830,-800093 -1368466))
