4326;POLYGON((124.75 -14.75,125.25 -14.75,125.25 -15.25,124.75 -15.25,124.75 -14.75))
28348;POLYGON((2663458 8271543,2720261 8266275,2714677 8207840,2658038 8213266,2663458 8271543))
28349;POLYGON((1992516 8323079,2047767 8319570,2044030 8262747,1988923 8266362,1992516 8323079))
28350;POLYGON((1336379 8354858,1390657 8352916,1388563 8297111,1334415 8299112,1336379 8354858))
28351;POLYGON((688380 8368592,742225 8368113,741662 8312774,687943 8313267,688380 8368592))
28352;POLYGON((42198 8364996,96129 8365956,97069 8310550,43265 8309561,42198 8364996))
28353;POLYGON((-608409 8343884,-553868 8346333,-551377 8290326,-605784 8287802,-608409 8343884))
28354;POLYGON((-1269874 8304143,-1214174 8308212,-1209999 8251044,-1265550 8246852,-1269874 8304143))
28355;POLYGON((-1949094 8243595,-1891634 8249511,-1885542 8190572,-1942829 8184478,-1949094 8243595))
28356;POLYGON((-2653742 8158710,-2593844 8166829,-2585473 8105432,-2645159 8097073,-2653742 8158710))
28357;POLYGON((-3392637 8044136,-3329513 8054990,-3318317 7990336,-3381174 7979170,-3392637 8044136))
28358;POLYGON((-4176181 7891960,-4108891 7906331,-4094073 7837468,-4161014 7822698,-4176181 7891960))
3113;POLYGON((-3104972 1356402,-3045051 1364525,-3036677 1303104,-3096386 1294742,-3104972 1356402))
3111;POLYGON((178385 4776720,234874 4788765,247080 4730773,190896 4718793,178385 4776720))
3107;POLYGON((-147981 3879527,-92138 3884710,-86950 3827383,-142528 3822224,-147981 3879527))
3308;POLYGON((6804083 6314977,6859349 6326791,6871338 6270043,6816344 6258287,6804083 6314977))
3112;POLYGON((-1005314 -1747808,-951063 -1743916,-947178 -1799623,-1001207 -1803499,-1005314 -1747808))
3577;POLYGON((-787705 -1586525,-733433 -1583548,-730536 -1638315,-784594 -1641280,-787705 -1586525))
