4326;POLYGON((125.0 -11.25,125.5 -11.25,125.5 -11.75,125.0 -11.75,125.0 -11.25))
28348;POLYGON((2725369 8678224,2783264 8674053,2778883 8615330,2721117 8619673,2725369 8678224))
28349;POLYGON((2042439 8719060,2098620 8716275,2095682 8659309,2039612 8662210,2042439 8719060))
28350;POLYGON((1375856 8744390,1430961 8742831,1429297 8686976,1374292 8688600,1375856 8744390))
28351;POLYGON((718342 8755634,772957 8755215,772475 8699879,717957 8700315,718342 8755634))
28352;POLYGON((63066 8753398,117751 8754097,118426 8698715,63839 8697986,63066 8753398))
28353;POLYGON((-596696 8737564,-541377 8739419,-539509 8683420,-594724 8681488,-596696 8737564))
28354;POLYGON((-1267887 8707267,-1211340 8710380,-1208175 8653167,-1264607 8649925,-1267887 8707267))
28355;POLYGON((-1958013 8660782,-1899581 8665335,-1894937 8606249,-1953234 8601509,-1958013 8660782))
28356;POLYGON((-2675546 8595290,-2614474 8601567,-2608061 8539853,-2668968 8533318,-2675546 8595290))
28357;POLYGON((-3430410 8506470,-3365803 8514903,-3357183 8449657,-3421581 8440883,-3430410 8506470))
28358;POLYGON((-4234593 8387872,-4165354 8399100,-4153879 8329209,-4222842 8317535,-4234593 8387872))
3113;POLYGON((-3126785 1793153,-3065689 1799432,-3059274 1737694,-3120204 1731157,-3126785 1793153))
3111;POLYGON((118991 5193747,177670 5206098,190004 5146727,131636 5134441,118991 5193747))
3107;POLYGON((-157692 4287514,-99961 4292739,-94811 4234328,-152272 4229128,-157692 4287514))
3308;POLYGON((6745903 6722316,6803119 6734404,6815207 6676503,6758268 6664473,6745903 6722316))
3112;POLYGON((-1006375 -1352945,-950553 -1349052,-946726 -1405545,-1002324 -1409423,-1006375 -1352945))
3577;POLYGON((-781442 -1204456,-725675 -1201507,-722922 -1255565,-778478 -1258503,-781442 -1204456))
