4326;POLYGON((125.5 -24.5,126.0 -24.5,126.0 -25.0,125.5 -25.0,125.5 -24.5))
28348;POLYGON((2606459 7129493,2659341 7121179,2650042 7063354,2597421 7071785,2606459 7129493))
28349;POLYGON((1979460 7211647,2031234 7205992,2024882 7149380,1973338 7155117,1979460 7211647))
28350;POLYGON((1363261 7263728,1414309 7260469,1410608 7204659,1359771 7207966,1363261 7263728))
28351;POLYGON((753338 7288121,804034 7287111,802818 7231699,752326 7232724,753338 7288121))
28352;POLYGON((145254 7285917,195965 7287111,197181 7231699,146673 7230487,145254 7285917))
28353;POLYGON((-465404 7257018,-414309 7260469,-410608 7204659,-461490 7201157,-465404 7257018))
28354;POLYGON((-1083086 7200128,-1031234 7205992,-1024882 7149380,-1076501 7143431,-1083086 7200128))
28355;POLYGON((-1712333 7112627,-1659341 7121179,-1650042 7063354,-1702771 7054682,-1712333 7112627))
28356;POLYGON((-2357809 6990318,-2303284 7001976,-2290586 6942517,-2344802 6930704,-2357809 6990318))
28357;POLYGON((-3024300 6827001,-2967838 6842372,-2951088 6780860,-3007175 6765300,-3024300 6827001))
28358;POLYGON((-3716657 6613851,-3657854 6633791,-3636129 6569828,-3694465 6549668,-3716657 6613851))
3113;POLYGON((-2808924 187554,-2754377 199217,-2741675 139735,-2795912 127917,-2808924 187554))
3111;POLYGON((492639 3689970,543415 3700380,554636 3644906,504151 3634556,492639 3689970))
3107;POLYGON((32618 2788951,83412 2793311,88046 2737819,37509 2733481,32618 2788951))
3308;POLYGON((7113683 5246797,7163832 5257141,7174999 5202341,7125112 5192051,7113683 5246797))
3112;POLYGON((-851189 -2815902,-801188 -2812615,-797705 -2867256,-847488 -2870529,-851189 -2815902))
3577;POLYGON((-651246 -2663127,-601189 -2660676,-598559 -2716629,-648397 -2719069,-651246 -2663127))
