4326;POLYGON((125.5 -38.75,126.0 -38.75,126.0 -39.25,125.5 -39.25,125.5 -38.75))
28348;POLYGON((2289087 5505731,2333081 5495295,2319509 5439132,2275875 5449595,2289087 5505731))
28349;POLYGON((1762828 5609738,1806572 5602528,1797151 5546670,1753739 5553902,1762828 5609738))
28350;POLYGON((1239199 5676504,1282755 5672307,1277210 5616681,1233968 5620892,1239199 5676504))
28351;POLYGON((717254 5707997,760712 5706691,758882 5651189,715729 5652501,717254 5707997))
28352;POLYGON((195823 5705146,239287 5706691,241117 5651189,197960 5649639,195823 5705146))
28353;POLYGON((-326324 5667866,-282755 5672307,-277210 5616681,-320464 5612224,-326324 5667866))
28354;POLYGON((-850335 5595059,-806572 5602528,-797151 5546670,-840580 5539177,-850335 5595059))
28355;POLYGON((-1377098 5484577,-1333081 5495295,-1319509 5439132,-1363163 5428387,-1377098 5484577))
28356;POLYGON((-1907037 5333150,-1862756 5347433,-1844635 5290956,-1888515 5276649,-1907037 5333150))
28357;POLYGON((-2439833 5136294,-2395350 5154566,-2372151 5097865,-2416183 5079583,-2439833 5136294))
28358;POLYGON((-2974049 4888211,-2929538 4911008,-2900591 4854326,-2944588 4831549,-2974049 4888211))
3113;POLYGON((-2357976 -1470259,-2313677 -1455970,-2295549 -1512469,-2339447 -1526782,-2357976 -1470259))
3111;POLYGON((816154 2132701,858747 2141433,869757 2087002,827450 2078329,816154 2132701))
3107;POLYGON((171409 1214725,214915 1218459,219558 1162857,176309 1159145,171409 1214725))
3308;POLYGON((7437232 3696989,7479960 3705803,7491090 3651185,7448623 3642426,7437232 3696989))
3112;POLYGON((-745090 -4382169,-701322 -4379292,-697755 -4435247,-741300 -4438109,-745090 -4382169))
3577;POLYGON((-570361 -4251540,-526520 -4249393,-523942 -4304242,-567568 -4306377,-570361 -4251540))
