4326;POLYGON((125.5 -26.0,126.0 -26.0,126.0 -26.5,125.5 -26.5,125.5 -26.0))
28348;POLYGON((2578856 6956516,2630944 6947860,2621147 6890192,2569332 6898957,2578856 6956516))
28349;POLYGON((1960754 7042123,2011825 7036227,2005122 6979685,1954293 6985658,1960754 7042123))
28350;POLYGON((1352596 7096457,1402997 7093055,1399089 7037262,1348911 7040709,1352596 7096457))
28351;POLYGON((750243 7121921,800318 7120867,799033 7065447,749173 7066515,750243 7121921))
28352;POLYGON((149593 7119620,199681 7120867,200966 7065447,151092 7064183,149593 7119620))
28353;POLYGON((-453441 7089454,-402997 7093055,-399089 7037262,-449308 7033612,-453441 7089454))
28354;POLYGON((-1062968 7030112,-1011825 7036227,-1005122 6979685,-1056020 6973492,-1062968 7030112))
28355;POLYGON((-1683133 6938957,-1630944 6947860,-1621147 6890192,-1673060 6881179,-1683133 6938957))
28356;POLYGON((-2318121 6811776,-2264537 6823886,-2251188 6764716,-2304450 6752464,-2318121 6811776))
28357;POLYGON((-2972097 6642392,-2916774 6658313,-2899216 6597280,-2954151 6581189,-2972097 6642392))
28358;POLYGON((-3649096 6422076,-3591706 6442650,-3569020 6379438,-3625930 6358671,-3649096 6422076))
3113;POLYGON((-2769220 8943,-2715615 21058,-2702262 -38134,-2755544 -50391,-2769220 8943))
3111;POLYGON((527119 3523998,577023 3534229,588191 3479017,538576 3468846,527119 3523998))
3107;POLYGON((47276 2622696,97300 2626990,101922 2571645,52154 2567374,47276 2622696))
3308;POLYGON((7147932 5082741,7197296 5092923,7208428 5038298,7159325 5028170,7147932 5082741))
3112;POLYGON((-840090 -2979746,-790742 -2976502,-787260 -3031115,-836391 -3034345,-840090 -2979746))
3577;POLYGON((-642697 -2831018,-593296 -2828599,-590664 -2884610,-639845 -2887018,-642697 -2831018))
