4326;POLYGON((125.0 -39.25,125.5 -39.25,125.5 -39.75,125.0 -39.75,125.0 -39.25))
28348;POLYGON((2232259 5459779,2275875 5449595,2262534 5393517,2219278 5403724,2232259 5459779))
28349;POLYGON((1710344 5560876,1753739 5553902,1744557 5498093,1701495 5505087,1710344 5560876))
28350;POLYGON((1190736 5624859,1233968 5620892,1228682 5565287,1185767 5569266,1190736 5624859))
28351;POLYGON((672579 5653573,715729 5652501,714187 5597000,671346 5598077,672579 5653573))
28352;POLYGON((154798 5647849,197960 5649639,200120 5594128,157268 5592332,154798 5647849))
28353;POLYGON((-363729 5607520,-320464 5612224,-314542 5556590,-357488 5551871,-363729 5607520))
28354;POLYGON((-884027 5531423,-840580 5539177,-830726 5483326,-873834 5475550,-884027 5531423))
28355;POLYGON((-1406837 5417358,-1363163 5428387,-1349096 5372262,-1392402 5361210,-1406837 5417358))
28356;POLYGON((-1932412 5262027,-1888515 5276649,-1869832 5220261,-1913322 5205621,-1932412 5262027))
28357;POLYGON((-2460220 5060947,-2416183 5079583,-2392354 5023048,-2435935 5004410,-2460220 5060947))
28358;POLYGON((-2988569 4808370,-2944588 4831549,-2914946 4775141,-2958408 4751992,-2988569 4808370))
3113;POLYGON((-2383361 -1541410,-2339447 -1526782,-2320756 -1583192,-2364264 -1597838,-2383361 -1541410))
3111;POLYGON((785189 2069433,827450 2078329,838750 2023933,796775 2015097,785189 2069433))
3107;POLYGON((133078 1155233,176309 1159145,181215 1103497,138241 1099608,133078 1155233))
3308;POLYGON((7406199 3633463,7448623 3642426,7460026 3587806,7417863 3578898,7406199 3633463))
3112;POLYGON((-784834 -4441145,-741300 -4438109,-737503 -4494166,-780813 -4497186,-784834 -4441145))
3577;POLYGON((-611185 -4308684,-567568 -4306377,-564781 -4361100,-608184 -4363396,-611185 -4308684))
