4326;POLYGON((124.75 -38.25,125.25 -38.25,125.25 -38.75,124.75 -38.75,124.75 -38.25))
28348;POLYGON((2235692 5577014,2280005 5567025,2267099 5510845,2223138 5520863,2235692 5577014))
28349;POLYGON((1705752 5675896,1749795 5669097,1740963 5613246,1697247 5620070,1705752 5675896))
28350;POLYGON((1178596 5737935,1222444 5734120,1217425 5678510,1173886 5682341,1178596 5737935))
28351;POLYGON((653127 5764998,696883 5764052,695526 5708561,652072 5709511,653127 5764998))
28352;POLYGON((128051 5757897,171825 5759792,174090 5704284,130619 5702381,128051 5757897))
28353;POLYGON((-397970 5716419,-354067 5721212,-348113 5665553,-391702 5660741,-397970 5716419))
28354;POLYGON((-926170 5639318,-882044 5647153,-872224 5591227,-916016 5583365,-926170 5639318))
28355;POLYGON((-1457509 5524269,-1413095 5535383,-1399114 5479112,-1443165 5467968,-1457509 5524269))
28356;POLYGON((-1992462 5367789,-1947745 5382518,-1929185 5325890,-1973497 5311133,-1992462 5367789))
28357;POLYGON((-2530729 5165128,-2485773 5183920,-2462078 5127025,-2506577 5108219,-2530729 5165128))
28358;POLYGON((-3070853 4910151,-3025835 4933573,-2996300 4876662,-3040795 4853256,-3070853 4910151))
3113;POLYGON((-2443434 -1435607,-2398700 -1420871,-2380133 -1477522,-2424462 -1492285,-2443434 -1435607))
3111;POLYGON((740633 2173447,783441 2182575,794875 2128251,752352 2119184,740633 2173447))
3107;POLYGON((100903 1264226,144639 1268286,149662 1212782,106183 1208746,100903 1264226))
3308;POLYGON((7361449 3737814,7404373 3746990,7415884 3692506,7373220 3683386,7361449 3737814))
3112;POLYGON((-814834 -4331005,-770862 -4327851,-766969 -4383673,-810719 -4386811,-814834 -4331005))
3577;POLYGON((-639225 -4200151,-595183 -4197736,-592277 -4252677,-636104 -4255081,-639225 -4200151))
