4326;POLYGON((125.0 -36.0,125.5 -36.0,125.5 -36.5,125.0 -36.5,125.0 -36.0))
28348;POLYGON((2313533 5825485,2359416 5815532,2346929 5759073,2301387 5769070,2313533 5825485))
28349;POLYGON((1765631 5924097,1811116 5917306,1802554 5861326,1757382 5868151,1765631 5924097))
28350;POLYGON((1221747 5986321,1266955 5982468,1262037 5926826,1217124 5930699,1221747 5986321))
28351;POLYGON((680266 6014201,725341 6013160,723909 5957685,679121 5958731,680266 6014201))
28352;POLYGON((139398 6008645,184492 6010383,186499 5954892,141693 5953145,139398 6008645))
28353;POLYGON((-402690 5969473,-357425 5974045,-351915 5918357,-396881 5913761,-402690 5969473))
28354;POLYGON((-947747 5895404,-902173 5902961,-892980 5846910,-938235 5839317,-947747 5895404))
28355;POLYGON((-1497293 5784001,-1451295 5794792,-1438118 5738243,-1483766 5727405,-1497293 5784001))
28356;POLYGON((-2052423 5631549,-2005933 5645937,-1988336 5588811,-2034433 5574374,-2052423 5631549))
28357;POLYGON((-2613547 5432904,-2566565 5451376,-2543957 5393687,-2590490 5375173,-2613547 5432904))
28358;POLYGON((-3180011 5181279,-3132643 5204470,-3104260 5146382,-3151105 5123172,-3180011 5181279))
3113;POLYGON((-2503419 -1171743,-2456911 -1157350,-2439307 -1214499,-2485422 -1228941,-2503419 -1171743))
3111;POLYGON((709961 2422233,754076 2431518,765361 2377200,721531 2367974,709961 2422233))
3107;POLYGON((99650 1515330,144548 1519394,149422 1464108,104780 1460068,99650 1515330))
3308;POLYGON((7330632 3986963,7374749 3996283,7386092 3941949,7342235 3932684,7330632 3986963))
3112;POLYGON((-810779 -4079473,-765807 -4076337,-762054 -4131732,-806806 -4134853,-810779 -4079473))
3577;POLYGON((-630830 -3950514,-585811 -3948134,-582991 -4003501,-627793 -4005871,-630830 -3950514))
