4326;POLYGON((124.75 -15.75,125.25 -15.75,125.25 -16.25,124.75 -16.25,124.75 -15.75))
28348;POLYGON((2652446 8155020,2708915 8149437,2702975 8091068,2646681 8096806,2652446 8155020))
28349;POLYGON((1985214 8209659,2040173 8205938,2036196 8149143,1981389 8152968,1985214 8209659))
28350;POLYGON((1332388 8243369,1386401 8241308,1384170 8185508,1330297 8187627,1332388 8243369))
28351;POLYGON((687491 8257940,741081 8257432,740481 8202088,687025 8202611,687491 8257940))
28352;POLYGON((44365 8254124,98040 8255143,99041 8199735,45501 8198687,44365 8254124))
28353;POLYGON((-603073 8231726,-548805 8234324,-546152 8178327,-600278 8175656,-603073 8231726))
28354;POLYGON((-1261087 8189579,-1205689 8193893,-1201246 8136761,-1256485 8132327,-1261087 8189579))
28355;POLYGON((-1936364 8125403,-1879257 8131672,-1872779 8072812,-1929701 8066370,-1936364 8125403))
28356;POLYGON((-2636308 8035512,-2576839 8044107,-2567945 7982855,-2627190 7974028,-2636308 8035512))
28357;POLYGON((-3369362 7914331,-3306779 7925804,-3294902 7861397,-3357202 7849623,-3369362 7914331))
28358;POLYGON((-4145399 7753643,-4078815 7768805,-4063122 7700345,-4129340 7684801,-4145399 7753643))
3113;POLYGON((-3087531 1233157,-3028040 1241754,-3019142 1180479,-3078410 1171649,-3087531 1233157))
3111;POLYGON((203369 4661040,259250 4672955,271384 4615307,215806 4603456,203369 4661040))
3107;POLYGON((-137087 3765056,-81774 3770190,-76610 3713129,-131659 3708018,-137087 3765056))
3308;POLYGON((6828573 6201741,6883296 6213439,6895226 6156974,6840772 6145333,6828573 6201741))
3112;POLYGON((-997107 -1859097,-943299 -1855237,-939427 -1910761,-993014 -1914605,-997107 -1859097))
3577;POLYGON((-781478 -1696126,-727635 -1693173,-724730 -1748117,-778358 -1751059,-781478 -1696126))
