4326;POLYGON((125.5 -12.5,126.0 -12.5,126.0 -13.0,125.5 -13.0,125.5 -12.5))
28348;POLYGON((2771964 8527294,2829696 8522556,2824708 8463727,2767120 8468639,2771964 8527294))
28349;POLYGON((2091040 8573880,2147048 8570687,2143673 8513632,2087789 8516943,2091040 8573880))
28350;POLYGON((1426667 8603197,1481577 8601368,1479622 8545451,1424824 8547348,1426667 8603197))
28351;POLYGON((771714 8616872,826098 8616307,825458 8560946,771181 8561532,771714 8616872))
28352;POLYGON((119493 8615638,173901 8616307,174541 8560946,120241 8560252,119493 8615638))
28353;POLYGON((-536556 8599430,-481577 8601368,-479622 8545451,-534488 8543440,-536556 8599430))
28354;POLYGON((-1203175 8567374,-1147048 8570687,-1143673 8513632,-1199674 8510196,-1203175 8567374))
28355;POLYGON((-1887602 8517678,-1829696 8522556,-1824708 8463727,-1882468 8458670,-1887602 8517678))
28356;POLYGON((-2597937 8447387,-2537534 8454129,-2530629 8392803,-2590855 8385816,-2597937 8447387))
28357;POLYGON((-3343586 8351969,-3279840 8361027,-3270559 8296351,-3334080 8286970,-3343586 8351969))
28358;POLYGON((-4135795 8224672,-4067683 8236715,-4055346 8167651,-4123163 8155189,-4135795 8224672))
3113;POLYGON((-3049146 1645192,-2988719 1651936,-2981812 1590586,-3042060 1583597,-3049146 1645192))
3111;POLYGON((208425 5058056,266391 5069940,278310 5011013,220654 4999193,208425 5058056))
3107;POLYGON((-87114 4147024,-30034 4151923,-25188 4093898,-82000 4089021,-87114 4147024))
3308;POLYGON((6833271 6589976,6889852 6601647,6901576 6544117,6845269 6532502,6833271 6589976))
3112;POLYGON((-941002 -1490054,-885726 -1486420,-882143 -1542626,-937195 -1546245,-941002 -1490054))
3577;POLYGON((-718783 -1336860,-663534 -1334155,-660980 -1388495,-716016 -1391189,-718783 -1336860))
