4326;POLYGON((125.5 -36.5,126.0 -36.5,126.0 -37.0,125.5 -37.0,125.5 -36.5))
28348;POLYGON((2346929 5759073,2392506 5748798,2379538 5692356,2334308 5702672,2346929 5759073))
28349;POLYGON((1802554 5861326,1847753 5854246,1838775 5798259,1793894 5805372,1802554 5861326))
28350;POLYGON((1262037 5926826,1306967 5922712,1301693 5867054,1257062 5871189,1262037 5926826))
28351;POLYGON((723909 5957685,768701 5956405,766962 5900919,722459 5902205,723909 5957685))
28352;POLYGON((186499 5954892,231298 5956405,233037 5900919,188529 5899398,186499 5954892))
28353;POLYGON((-351915 5918357,-306967 5922712,-301693 5867054,-346339 5862678,-351915 5918357))
28354;POLYGON((-892980 5846910,-847753 5854246,-838775 5798259,-883682 5790890,-892980 5846910))
28355;POLYGON((-1438118 5738243,-1392506 5748798,-1379538 5692356,-1424800 5681758,-1438118 5738243))
28356;POLYGON((-1988336 5588811,-1942277 5602931,-1924897 5545963,-1970565 5531798,-1988336 5588811))
28357;POLYGON((-2543957 5393687,-2497458 5411840,-2475099 5354367,-2521153 5336178,-2543957 5393687))
28358;POLYGON((-3104260 5146382,-3057432 5169173,-3029357 5111362,-3075670 5088556,-3104260 5146382))
3113;POLYGON((-2439307 -1214499,-2393229 -1200373,-2375843 -1257363,-2421529 -1271533,-2439307 -1214499))
3111;POLYGON((765361 2377200,809239 2386195,820238 2331818,776645 2322881,765361 2377200))
3107;POLYGON((149422 1464108,194083 1467942,198705 1412591,154300 1408780,149422 1464108))
3308;POLYGON((7386092 3941949,7429993 3951005,7441083 3896585,7397442 3887583,7386092 3941949))
3112;POLYGON((-762054 -4131732,-717290 -4128789,-713752 -4184286,-758296 -4187215,-762054 -4131732))
3577;POLYGON((-582991 -4003501,-538180 -4001307,-535581 -4056602,-580176 -4058785,-582991 -4003501))
