4326;POLYGON((124.75 -18.0,125.25 -18.0,125.25 -18.5,124.75 -18.5,124.75 -18.0))
28348;POLYGON((2625154 7893315,2680798 7887052,2674068 7828845,2618621 7835253,2625154 7893315))
28349;POLYGON((1967096 7954658,2021335 7950477,2016821 7893751,1962755 7898030,1967096 7954658))
28350;POLYGON((1322479 7992550,1375832 7990232,1373299 7934446,1320103 7936819,1322479 7992550))
28351;POLYGON((685283 8008939,738240 8008368,737559 7953014,684753 7953599,685283 8008939))
28352;POLYGON((49747 8004647,102784 8005793,103921 7950378,51037 7949204,49747 8004647))
28353;POLYGON((-589830 7979459,-536236 7982380,-533224 7926407,-586656 7923417,-589830 7979459))
28354;POLYGON((-1239294 7932104,-1184646 7936948,-1179606 7879904,-1234074 7874946,-1239294 7932104))
28355;POLYGON((-1904833 7860103,-1848597 7867130,-1841261 7808462,-1897289 7801274,-1904833 7860103))
28356;POLYGON((-2593201 7759471,-2534787 7769081,-2524741 7708184,-2582905 7698358,-2593201 7759471))
28357;POLYGON((-3311954 7624218,-3250696 7637003,-3237325 7573196,-3298271 7560135,-3311954 7624218))
28358;POLYGON((-4069717 7445588,-4004847 7462408,-3987261 7394921,-4051728 7377756,-4069717 7445588))
3113;POLYGON((-3044408 957008,-2985971 966621,-2975921 905700,-3034108 895871,-3044408 957008))
3111;POLYGON((259061 4403179,313587 4414806,325572 4357864,271346 4346301,259061 4403179))
3107;POLYGON((-112753 3509354,-58624 3514378,-53508 3457851,-107376 3452851,-112753 3509354))
3308;POLYGON((6883248 5948934,6936761 5960373,6948569 5904478,6895324 5893095,6883248 5948934))
3112;POLYGON((-978736 -2108237,-925920 -2104448,-922072 -2159619,-974669 -2163392,-978736 -2108237))
3577;POLYGON((-767399 -1943967,-714526 -1941067,-711601 -1996366,-764258 -1999254,-767399 -1943967))
