4326;POLYGON((125.25 -29.5,125.75 -29.5,125.75 -30.0,125.25 -30.0,125.25 -29.5))
28348;POLYGON((2483861 6559266,2533917 6550045,2523151 6492809,2473393 6502116,2483861 6559266))
28349;POLYGON((1888586 6650454,1937851 6644178,1930490 6587843,1881493 6594180,1888586 6650454))
28350;POLYGON((1301084 6708091,1349824 6704503,1345567 6648772,1297077 6652396,1301084 6708091))
28351;POLYGON((718115 6734507,766603 6733464,765282 6678029,717035 6679083,718115 6734507))
28352;POLYGON((136387 6730751,184897 6732212,186460 6676765,138191 6675289,136387 6730751))
28353;POLYGON((-447407 6696677,-398598 6700699,-394090 6644929,-442647 6640865,-447407 6696677))
28354;POLYGON((-1036552 6630923,-987173 6637669,-979541 6581269,-1028647 6574458,-1036552 6630923))
28355;POLYGON((-1634263 6530818,-1584050 6540563,-1572982 6483240,-1622890 6473405,-1634263 6530818))
28356;POLYGON((-2243600 6392166,-2192308 6405326,-2177338 6346807,-2228278 6333536,-2243600 6392166))
28357;POLYGON((-2867310 6208926,-2814727 6226085,-2795197 6166148,-2847364 6148863,-2867310 6208926))
28358;POLYGON((-3507591 5972746,-3453563 5994703,-3428575 5933218,-3482100 5911130,-3507591 5972746))
3113;POLYGON((-2694670 -410830,-2643358 -397665,-2628382 -456207,-2679342 -469483,-2694670 -410830))
3111;POLYGON((583082 3134459,630940 3144401,642156 3089692,594585 3079809,583082 3134459))
3107;POLYGON((57245 2234009,105470 2238261,110202 2183131,62232 2178901,57245 2234009))
3308;POLYGON((7203738 4696669,7251254 4706589,7262460 4652258,7215205 4642393,7203738 4696669))
3112;POLYGON((-838101 -3363697,-790280 -3360458,-786685 -3415143,-834288 -3418367,-838101 -3363697))
3577;POLYGON((-646660 -3224346,-598799 -3221908,-596058 -3277903,-643700 -3280329,-646660 -3224346))
