4326;POLYGON((125.5 -29.75,126.0 -29.75,126.0 -30.25,125.5 -30.25,125.5 -29.75))
28348;POLYGON((2503590 6526085,2553535 6516690,2542541 6459440,2492898 6468920,2503590 6526085))
28349;POLYGON((1909612 6619190,1958770 6612766,1951218 6556412,1902331 6562898,1909612 6619190))
28350;POLYGON((1323392 6678467,1372024 6674752,1367609 6619005,1319229 6622756,1323392 6678467))
28351;POLYGON((741760 6706297,790133 6705144,788680 6649702,740550 6650867,741760 6706297))
28352;POLYGON((161482 6703781,209866 6705144,211319 6649702,163178 6648325,161482 6703781))
28353;POLYGON((-420690 6670819,-372024 6674752,-367609 6619005,-416022 6615032,-420690 6670819))
28354;POLYGON((-1007985 6606106,-958770 6612766,-951218 6556412,-1000160 6549688,-1007985 6606106))
28355;POLYGON((-1603557 6507032,-1553535 6516690,-1542541 6459440,-1592257 6449695,-1603557 6507032))
28356;POLYGON((-2210394 6369483,-2159326 6382547,-2144431 6324134,-2195147 6310964,-2210394 6369483))
28357;POLYGON((-2831166 6187529,-2778847 6204571,-2759403 6144781,-2811308 6127617,-2831166 6187529))
28358;POLYGON((-3467977 5952971,-3414260 5974775,-3389385 5913484,-3442601 5891554,-3467977 5952971))
3113;POLYGON((-2661451 -433521,-2610363 -420453,-2595462 -478888,-2646199 -492064,-2661451 -433521))
3111;POLYGON((612686 3112115,660425 3121902,671492 3067189,624040 3057461,612686 3112115))
3107;POLYGON((83784 2208602,131892 2212731,136495 2157596,88643 2153489,83784 2208602))
3308;POLYGON((7233159 4674502,7280568 4684282,7291642 4629936,7244493 4620211,7233159 4674502))
3112;POLYGON((-812341 -3389389,-764622 -3386252,-761135 -3440957,-808636 -3444080,-812341 -3389389))
3577;POLYGON((-621305 -3251100,-573549 -3248762,-570918 -3304753,-618455 -3307081,-621305 -3251100))
