4326;POLYGON((124.75 -34.5,125.25 -34.5,125.25 -35.0,124.75 -35.0,124.75 -34.5))
28348;POLYGON((2325740 5999856,2372604 5990191,2360697 5933585,2314162 5943304,2325740 5999856))
28349;POLYGON((1766618 6095322,1813004 6088770,1804891 6032733,1758807 6039325,1766618 6095322))
28350;POLYGON((1212256 6155018,1258318 6151352,1253719 6095704,1207941 6099395,1212256 6155018))
28351;POLYGON((660664 6181012,706576 6180104,705334 6124643,659698 6125557,660664 6181012))
28352;POLYGON((109707 6174194,155649 6176014,157722 6120526,112057 6118695,109707 6174194))
28353;POLYGON((-442784 6134332,-396633 6138941,-391174 6083215,-437037 6078576,-442784 6134332))
28354;POLYGON((-998902 6060053,-952372 6067612,-943341 6011448,-989561 6003845,-998902 6060053))
28355;POLYGON((-1560529 5948773,-1513476 5959546,-1500560 5902775,-1547270 5891945,-1560529 5948773))
28356;POLYGON((-2129166 5796557,-2081485 5810928,-2064228 5753431,-2111522 5738996,-2129166 5796557))
28357;POLYGON((-2705676 5597912,-2657328 5616404,-2635109 5558150,-2683010 5539597,-2705676 5597912))
28358;POLYGON((-3289921 5345525,-3240967 5368826,-3212972 5309925,-3261402 5286582,-3289921 5345525))
3113;POLYGON((-2580192 -1006672,-2532493 -992295,-2515229 -1049814,-2562541 -1064255,-2580192 -1006672))
3111;POLYGON((652778 2580225,697723 2589809,709155 2535497,664495 2525974,652778 2580225))
3107;POLYGON((61454 1678757,107110 1682995,112102 1627824,66703 1623609,61454 1678757))
3308;POLYGON((7273423 4144829,7318297 4154422,7329755 4100185,7285141 4090648,7273423 4144829))
3112;POLYGON((-845474 -3915472,-799849 -3912199,-796003 -3967352,-841409 -3970610,-845474 -3915472))
3577;POLYGON((-662794 -3785272,-617128 -3782768,-614189 -3838348,-659637 -3840841,-662794 -3785272))
