4326;POLYGON((124.75 -37.25,125.25 -37.25,125.25 -37.75,124.75 -37.75,124.75 -37.25))
28348;POLYGON((2260420 5689477,2305430 5679558,2292783 5623263,2248120 5633219,2260420 5689477))
28349;POLYGON((1722491 5787617,1767176 5780873,1758533 5724972,1714167 5731745,1722491 5787617))
28350;POLYGON((1187862 5849136,1232319 5845354,1227409 5789734,1183255 5793533,1187862 5849136))
28351;POLYGON((655203 5875958,699552 5875021,698225 5819538,654171 5820480,655203 5875958))
28352;POLYGON((123000 5868921,167371 5870799,169585 5815297,125511 5813410,123000 5868921))
28353;POLYGON((-410302 5827805,-365782 5832557,-359957 5776880,-404170 5772106,-410302 5827805))
28354;POLYGON((-946162 5751326,-901377 5759101,-891763 5703111,-936219 5695305,-946162 5751326))
28355;POLYGON((-1485777 5637084,-1440644 5648126,-1426939 5591721,-1471714 5580641,-1485777 5637084))
28356;POLYGON((-2029883 5481463,-1984363 5496124,-1966139 5439263,-2011258 5424566,-2029883 5481463))
28357;POLYGON((-2578470 5279505,-2532602 5298252,-2509282 5240996,-2554695 5222223,-2578470 5279505))
28358;POLYGON((-3130396 5024748,-3084330 5048181,-3055180 4990746,-3100722 4967314,-3130396 5024748))
3113;POLYGON((-2480870 -1321888,-2435333 -1307222,-2417101 -1364105,-2462238 -1378808,-2480870 -1321888))
3111;POLYGON((717203 2281931,760581 2291181,772010 2236883,728916 2227694,717203 2281931))
3107;POLYGON((90360 1375014,134609 1379121,139622 1323731,95629 1319647,90360 1375014))
3308;POLYGON((7337936 3846534,7381381 3855822,7392872 3801427,7349688 3792196,7337936 3846534))
3112;POLYGON((-823041 -4219704,-778626 -4216518,-774748 -4272134,-818941 -4275304,-823041 -4219704))
3577;POLYGON((-645483 -4089988,-601010 -4087548,-598094 -4142691,-642351 -4145118,-645483 -4089988))
