4326;POLYGON((125.5 -9.25,126.0 -9.25,126.0 -9.75,125.5 -9.75,125.5 -9.25))
28348;POLYGON((2798920 8909193,2857457 8905624,2853715 8846621,2795287 8850373,2798920 8909193))
28349;POLYGON((2109115 8944244,2165816 8941844,2163289 8884712,2106681 8887237,2109115 8944244))
28350;POLYGON((1436904 8966275,1492440 8964901,1490978 8908965,1435526 8910411,1436904 8966275))
28351;POLYGON((774676 8976544,829656 8976120,829177 8920767,774278 8921214,774676 8976544))
28352;POLYGON((115340 8975618,170343 8976120,170822 8920767,115899 8920239,115340 8975618))
28353;POLYGON((-548049 8963445,-492440 8964901,-490978 8908965,-546502 8907434,-548049 8963445))
28354;POLYGON((-1222644 8939352,-1165816 8941844,-1163289 8884712,-1220022 8882091,-1222644 8939352))
28355;POLYGON((-1916180 8901950,-1857457 8905624,-1853715 8846621,-1912328 8842758,-1916180 8901950))
28356;POLYGON((-2637416 8848941,-2576016 8854031,-2570825 8792375,-2632090 8787024,-2637416 8848941))
28357;POLYGON((-3396675 8776777,-3331663 8783638,-3324662 8718391,-3389502 8711183,-3396675 8776777))
28358;POLYGON((-4206520 8680135,-4136743 8689296,-4127396 8619287,-4196946 8609668,-4206520 8680135))
3113;POLYGON((-3088641 2046902,-3027216 2051995,-3022023 1990315,-3083312 1984962,-3088641 2046902))
3111;POLYGON((127883 5445752,187886 5458053,200086 5397740,140400 5385503,127883 5445752))
3107;POLYGON((-120715 4528142,-61870 4533193,-56931 4474045,-115502 4469018,-120715 4528142))
3308;POLYGON((6754383 6967850,6812774 6979894,6824737 6921190,6766627 6909203,6754383 6967850))
3112;POLYGON((-965951 -1121750,-909209 -1118019,-905573 -1175068,-962087 -1178784,-965951 -1121750))
3577;POLYGON((-736627 -986433,-680007 -983661,-677488 -1037261,-733898 -1040022,-736627 -986433))
