4326;POLYGON((125.25 -19.75,125.75 -19.75,125.75 -20.25,125.25 -20.25,125.25 -19.75))
28348;POLYGON((2656488 7683495,2711555 7676533,2704006 7618322,2649156 7625425,2656488 7683495))
28349;POLYGON((2005023 7752006,2058731 7747311,2053617 7690546,2000099 7695338,2005023 7752006))
28350;POLYGON((1366674 7794995,1419509 7792327,1416570 7736496,1363908 7739221,1366674 7794995))
28351;POLYGON((735778 7814618,788201 7813844,787291 7758465,735034 7759255,735778 7814618))
28352;POLYGON((106896 7811831,159357 7812916,160433 7757517,108139 7756410,106896 7811831))
28353;POLYGON((-525346 7786501,-472399 7789495,-469285 7733606,-522058 7730549,-525346 7786501))
28354;POLYGON((-1166431 7737384,-1112532 7742438,-1107228 7685572,-1160934 7680415,-1166431 7737384))
28355;POLYGON((-1822101 7661994,-1766758 7669367,-1758991 7611011,-1814112 7603490,-1822101 7661994))
28356;POLYGON((-2498530 7556310,-2441208 7566405,-2430555 7506005,-2487613 7495712,-2498530 7556310))
28357;POLYGON((-3202491 7414302,-3142598 7427715,-3128438 7364663,-3188003 7351000,-3202491 7414302))
28358;POLYGON((-3941531 7227204,-3878404 7244794,-3859839 7178425,-3922547 7160527,-3941531 7227204))
3113;POLYGON((-2949700 753767,-2892355 763866,-2881699 703442,-2938778 693146,-2949700 753767))
3111;POLYGON((355404 4216134,408946 4227257,420532 4170742,367287 4159681,355404 4216134))
3107;POLYGON((-40761 3316992,12476 3321686,17300 3265492,-35678 3260821,-40761 3316992))
3308;POLYGON((6977987 5765234,7030619 5776222,7042081 5720656,6989714 5709723,6977987 5765234))
3112;POLYGON((-912473 -2297263,-860409 -2293736,-856795 -2348706,-908640 -2352218,-912473 -2297263))
3577;POLYGON((-704274 -2134912,-652149 -2132258,-649430 -2187798,-701338 -2190441,-704274 -2134912))
