4326;POLYGON((125.0 -35.25,125.5 -35.25,125.5 -35.75,125.0 -35.75,125.0 -35.25))
28348;POLYGON((2331502 5910210,2377890 5900329,2365609 5843783,2319556 5853713,2331502 5910210))
28349;POLYGON((1777827 6008060,1823775 6001324,1815360 5945305,1769721 5952079,1777827 6008060))
28350;POLYGON((1228578 6069763,1274222 6065943,1269392 6010292,1224038 6014134,1228578 6069763))
28351;POLYGON((681958 6097398,727457 6096367,726051 6040897,680834 6041935,681958 6097398))
28352;POLYGON((136007 6091892,181527 6093614,183497 6038127,138261 6036395,136007 6091892))
28353;POLYGON((-411275 6053059,-365570 6057592,-360157 6001892,-405569 5997332,-411275 6053059))
28354;POLYGON((-961813 5979598,-915767 5987095,-906731 5930998,-952463 5923461,-961813 5979598))
28355;POLYGON((-1517310 5869021,-1470794 5879737,-1457831 5823091,-1504002 5812324,-1517310 5869021))
28356;POLYGON((-2079075 5717533,-2032001 5731838,-2014667 5674542,-2061352 5660181,-2079075 5717533))
28357;POLYGON((-2647754 5519846,-2600101 5538243,-2577795 5480287,-2625001 5461838,-2647754 5519846))
28358;POLYGON((-3222971 5268948,-3174820 5292094,-3146756 5233612,-3194384 5210434,-3222971 5268948))
3113;POLYGON((-2530081 -1085726,-2482988 -1071415,-2465648 -1128734,-2512351 -1143101,-2530081 -1085726))
3111;POLYGON((692605 2503629,737148 2513004,748434 2458679,704176 2449363,692605 2503629))
3107;POLYGON((91961 1598152,137243 1602250,142112 1547021,97086 1542947,91961 1598152))
3308;POLYGON((7313238 4068331,7357745 4077734,7369080 4023440,7324833 4014092,7313238 4068331))
3112;POLYGON((-816727 -3996558,-771425 -3993399,-767681 -4048671,-812763 -4051815,-816727 -3996558))
3577;POLYGON((-635392 -3867335,-590047 -3864937,-587222 -3920420,-632349 -3922807,-635392 -3867335))
