4326;POLYGON((125.25 -41.5,125.75 -41.5,125.75 -42.0,125.25 -42.0,125.25 -41.5))
28348;POLYGON((2193865 5202877,2235846 5192473,2221761 5136657,2180152 5147070,2193865 5202877))
28349;POLYGON((1690760 5306524,1732637 5299346,1722872 5243651,1681341 5250838,1690760 5306524))
28350;POLYGON((1188856 5372751,1230642 5368613,1224945 5313030,1183490 5317176,1188856 5372751))
28351;POLYGON((687797 5403291,729533 5402084,727757 5346564,686344 5347774,687797 5403291))
28352;POLYGON((186987 5398943,228728 5400634,230827 5345112,189410 5343417,186987 5398943))
28353;POLYGON((-314233 5359592,-272434 5364227,-266405 5308636,-307871 5303992,-314233 5359592))
28354;POLYGON((-816418 5284208,-774523 5291908,-764409 5236202,-805952 5228492,-816418 5284208))
28355;POLYGON((-1319832 5170825,-1277835 5181790,-1263375 5125965,-1304995 5114992,-1319832 5170825))
28356;POLYGON((-1824232 5016503,-1782180 5031016,-1763006 4975138,-1804645 4960626,-1824232 5016503))
28357;POLYGON((-2328579 4817299,-2286596 4835728,-2262230 4779968,-2303754 4761562,-2328579 4817299))
28358;POLYGON((-2830669 4568251,-2788995 4591048,-2758847 4535737,-2800009 4512999,-2830669 4568251))
3113;POLYGON((-2275139 -1787030,-2233070 -1772511,-2213889 -1828411,-2255544 -1842929,-2275139 -1787030))
3111;POLYGON((857861 1829013,898858 1837530,910048 1782945,869337 1774487,857861 1829013))
3107;POLYGON((177404 906239,219482 909949,224291 853920,182472 850233,177404 906239))
3308;POLYGON((7479414 3391794,7520681 3400409,7532017 3345451,7491013 3336890,7479414 3391794))
3112;POLYGON((-745410 -4692816,-702878 -4689935,-699153 -4746588,-741460 -4749454,-745410 -4692816))
3577;POLYGON((-576409 -4552744,-533747 -4550572,-531097 -4604707,-573546 -4606868,-576409 -4552744))
