4326;POLYGON((125.25 -40.5,125.75 -40.5,125.75 -41.0,125.25 -41.0,125.25 -40.5))
28348;POLYGON((2220929 5314664,2263647 5304288,2249809 5248351,2207458 5258742,2220929 5314664))
28349;POLYGON((1709331 5417970,1751894 5410820,1742311 5355069,1700090 5362234,1709331 5417970))
28350;POLYGON((1199431 5483918,1241869 5479799,1236283 5424203,1194169 5428332,1199431 5483918))
28351;POLYGON((690658 5514313,733032 5513111,731291 5457599,689235 5458804,690658 5514313))
28352;POLYGON((182212 5509986,224591 5511669,226649 5456153,184587 5454465,182212 5509986))
28353;POLYGON((-326772 5470818,-284316 5475432,-278405 5419826,-320534 5415200,-326772 5470818))
28354;POLYGON((-837057 5395738,-794469 5403410,-784543 5347644,-826786 5339957,-837057 5395738))
28355;POLYGON((-1349122 5282693,-1306378 5293632,-1292170 5237679,-1334542 5226726,-1349122 5282693))
28356;POLYGON((-1862948 5128603,-1820075 5143105,-1801204 5087005,-1843667 5072495,-1862948 5128603))
28357;POLYGON((-2377730 4929304,-2334833 4947760,-2310799 4891658,-2353238 4873213,-2377730 4929304))
28358;POLYGON((-2891500 4679508,-2848800 4702402,-2818981 4646602,-2861167 4623753,-2891500 4679508))
3113;POLYGON((-2313870 -1674886,-2270980 -1660378,-2252101 -1716500,-2294581 -1731016,-2313870 -1674886))
3111;POLYGON((834933 1937940,876503 1946576,887676 1892072,846393 1883496,834933 1937940))
3107;POLYGON((167291 1017983,209887 1021739,214681 965887,172343 962154,167291 1017983))
3308;POLYGON((7456264 3501373,7498055 3510098,7509361 3455290,7467831 3446620,7456264 3501373))
3112;POLYGON((-753280 -4579957,-710300 -4577045,-706593 -4633423,-749350 -4636319,-753280 -4579957))
3577;POLYGON((-582156 -4444074,-539069 -4441880,-536405 -4496294,-579278 -4498477,-582156 -4444074))
