4326;POLYGON((124.75 -24.75,125.25 -24.75,125.25 -25.25,124.75 -25.25,124.75 -24.75))
28348;POLYGON((2523029 7112749,2575624 7104730,2566634 7047103,2514297 7055234,2523029 7112749))
28349;POLYGON((1899062 7191531,1950611 7186149,1944548 7129670,1893227 7135129,1899062 7191531))
28350;POLYGON((1285189 7240410,1336069 7237416,1332653 7181679,1281986 7184717,1285189 7240410))
28351;POLYGON((676965 7261602,727542 7260862,726622 7205470,676250 7206221,676965 7261602))
28352;POLYGON((70012 7256049,120649 7257531,122185 7202090,71754 7200586,70012 7256049))
28353;POLYGON((-540030 7223505,-488968 7227275,-484909 7171390,-535754 7167565,-540030 7223505))
28354;POLYGON((-1157563 7162515,-1105707 7168743,-1098943 7112015,-1150561 7105699,-1157563 7162515))
28355;POLYGON((-1787073 7070275,-1734045 7079251,-1724263 7021273,-1777021 7012174,-1787073 7070275))
28356;POLYGON((-2433161 6942359,-2378573 6954524,-2365297 6894882,-2419566 6882560,-2433161 6942359))
28357;POLYGON((-3100516 6772281,-3043975 6788268,-3026520 6726554,-3082674 6710377,-3100516 6772281))
28358;POLYGON((-3793849 6550841,-3734965 6571541,-3712370 6507378,-3770770 6486459,-3793849 6550841))
3113;POLYGON((-2884305 139577,-2829696 151747,-2816415 92082,-2870705 79755,-2884305 139577))
3111;POLYGON((422555 3646184,473102 3656962,484750 3601624,434493 3590908,422555 3646184))
3107;POLYGON((-40894 2754247,9739 2758947,14756 2703515,-35621 2698838,-40894 2754247))
3308;POLYGON((7044465 5203491,7094409 5214167,7105962 5159480,7056281 5148860,7044465 5203491))
3112;POLYGON((-924150 -2848509,-874279 -2844932,-870470 -2899544,-920124 -2903106,-924150 -2848509))
3577;POLYGON((-724725 -2695129,-674792 -2692391,-671833 -2748339,-721547 -2751066,-724725 -2695129))
