4326;POLYGON((125.75 -15.5,126.25 -15.5,126.25 -16.0,125.75 -16.0,125.75 -15.5))
28348;POLYGON((2768527 8172964,2825394 8167125,2819191 8108414,2762501 8114418,2768527 8172964))
28349;POLYGON((2097255 8230528,2152502 8226571,2148280 8169547,2093186 8173617,2097255 8230528))
28350;POLYGON((1441630 8267046,1495832 8264752,1493359 8208822,1439296 8211183,1441630 8267046))
28351;POLYGON((795045 8284477,848735 8283725,847881 8228342,794323 8229116,795045 8284477))
28352;POLYGON((151264 8283725,204954 8284477,205676 8229116,152118 8228342,151264 8283725))
28353;POLYGON((-495832 8264752,-441630 8267046,-439296 8211183,-493359 8208822,-495832 8264752))
28354;POLYGON((-1152502 8226571,-1097255 8230528,-1093186 8173617,-1148280 8169547,-1152502 8226571))
28355;POLYGON((-1825394 8167125,-1768527 8172964,-1762501 8114418,-1819191 8108414,-1825394 8167125))
28356;POLYGON((-2521836 8083028,-2462705 8091089,-2454371 8030252,-2513289 8021967,-2521836 8083028))
28357;POLYGON((-3250165 7969111,-3188026 7979910,-3176858 7916029,-3238729 7904939,-3250165 7969111))
28358;POLYGON((-4020110 7817735,-3954090 7832025,-3939313 7764215,-4004988 7749553,-4020110 7817735))
3113;POLYGON((-2973015 1280690,-2913861 1288755,-2905524 1227895,-2964465 1219606,-2973015 1280690))
3111;POLYGON((309263 4713496,365418 4724855,376963 4666998,321112 4655701,309263 4713496))
3107;POLYGON((-28892 3803660,26598 3808294,31239 3751122,-23986 3746510,-28892 3803660))
3308;POLYGON((6932235 6253188,6987203 6264389,6998605 6207743,6943908 6196597,6932235 6253188))
3112;POLYGON((-891304 -1823788,-837356 -1820349,-833923 -1875947,-887650 -1879372,-891304 -1823788))
3577;POLYGON((-675125 -1662985,-621153 -1660448,-618679 -1715371,-672436 -1717897,-675125 -1662985))
