4326;POLYGON((126.25 -21.75,126.75 -21.75,126.75 -22.25,126.25 -22.25,126.25 -21.75))
28348;POLYGON((2734615 7436224,2789042 7428274,2780322 7369970,2726135 7378058,2734615 7436224))
28349;POLYGON((2090567 7515100,2143667 7509641,2137656 7452763,2084766 7458320,2090567 7515100))
28350;POLYGON((1459500 7565970,1511722 7562731,1508122 7506804,1456091 7510102,1459500 7565970))
28351;POLYGON((836184 7591308,887955 7590134,886594 7534706,835005 7535900,836184 7591308))
28352;POLYGON((215568 7592313,267304 7593150,268119 7537776,216564 7536924,215568 7592313))
28353;POLYGON((-407332 7569032,-355214 7571919,-352185 7516158,-404113 7513219,-407332 7569032))
28354;POLYGON((-1037556 7520366,-984632 7525439,-979246 7468843,-1031963 7463679,-1037556 7520366))
28355;POLYGON((-1680316 7443953,-1626142 7451464,-1618135 7393563,-1672074 7385921,-1680316 7443953))
28356;POLYGON((-2341108 7335917,-2285212 7346255,-2274172 7286554,-2329790 7276043,-2341108 7335917))
28357;POLYGON((-3025803 7190433,-2967681 7204172,-2952999 7142148,-3010783 7128190,-3025803 7190433))
28358;POLYGON((-3740731 6999075,-3679836 7017038,-3660642 6952142,-3721112 6933914,-3740731 6999075))
3113;POLYGON((-2792216 533288,-2736299 543630,-2725254 483906,-2780894 473391,-2792216 533288))
3111;POLYGON((507549 4012565,560019 4022892,570914 3966756,518738 3956487,507549 4012565))
3107;POLYGON((83945 3101809,136186 3105928,140462 3050037,88480 3045939,83945 3101809))
3308;POLYGON((7127968 5565065,7179640 5575337,7190495 5520043,7139087 5509823,7127968 5565065))
3112;POLYGON((-794769 -2510051,-743553 -2506990,-740387 -2561801,-791386 -2564848,-794769 -2510051))
3577;POLYGON((-589991 -2352343,-538718 -2350135,-536425 -2405906,-587480 -2408105,-589991 -2352343))
