4326;POLYGON((126.5 -10.75,127.0 -10.75,127.0 -11.25,126.5 -11.25,126.5 -10.75))
28348;POLYGON((2904028 8724448,2962589 8720086,2958013 8660782,2899581 8665335,2904028 8724448))
28349;POLYGON((2214370 8767605,2271027 8764623,2267887 8707267,2211340 8710380,2214370 8767605))
28350;POLYGON((1543166 8795421,1598583 8793644,1596696 8737564,1541377 8739419,1543166 8795421))
28351;POLYGON((882895 8809479,937672 8808809,936933 8753398,882248 8754097,882895 8809479))
28352;POLYGON((226581 8810549,281288 8810950,281657 8755634,227042 8755215,226581 8810549))
28353;POLYGON((-432555 8798689,-377352 8800182,-375856 8744390,-430961 8742831,-432555 8798689))
28354;POLYGON((-1101433 8773252,-1045145 8775920,-1042439 8719060,-1098620 8716275,-1101433 8773252))
28355;POLYGON((-1787459 8732803,-1729440 8736798,-1725369 8678224,-1783264 8674053,-1787459 8732803))
28356;POLYGON((-2498916 8674918,-2438433 8680488,-2432746 8619463,-2493081 8613651,-2498916 8674918))
28357;POLYGON((-3245451 8595843,-3181633 8603364,-3173951 8539014,-3237580 8531171,-3245451 8595843))
28358;POLYGON((-4038663 8489940,-3970452 8499971,-3960205 8431225,-4028170 8420770,-4038663 8489940))
3113;POLYGON((-2950086 1872812,-2889579 1878384,-2883891 1817335,-2944248 1811521,-2950086 1872812))
3111;POLYGON((283468 5289585,342649 5301071,354087 5241300,295220 5229875,283468 5289585))
3107;POLYGON((10948 4361013,69018 4365456,73369 4306808,15570 4302386,10948 4361013))
3308;POLYGON((6906152 6815952,6963815 6827271,6975105 6769023,6917721 6757758,6906152 6815952))
3112;POLYGON((-842250 -1285282,-786160 -1282043,-783001 -1338706,-838865 -1341933,-842250 -1285282))
3577;POLYGON((-616433 -1142298,-560423 -1139996,-558310 -1193969,-614108 -1196263,-616433 -1142298))
