4326;POLYGON((126.0 -33.5,126.5 -33.5,126.5 -34.0,126.0 -34.0,126.0 -33.5))
28348;POLYGON((2467373 6088736,2515019 6078505,2502567 6021634,2455252 6031928,2467373 6088736))
28349;POLYGON((1899475 6190754,1946552 6183668,1937891 6127467,1891114 6134600,1899475 6190754))
28350;POLYGON((1337317 6256802,1383996 6252606,1378814 6196878,1332415 6201104,1337317 6256802))
28351;POLYGON((778706 6289251,825178 6287794,823293 6232318,777091 6233785,778706 6289251))
28352;POLYGON((221293 6289251,267757 6290483,269102 6235026,222908 6233785,221293 6289251))
28353;POLYGON((-337317 6256802,-290662 6260766,-286039 6205095,-332415 6201104,-337317 6256802))
28354;POLYGON((-899475 6190754,-852438 6197591,-844375 6141483,-891114 6134600,-899475 6190754))
28355;POLYGON((-1467373 6088736,-1419780 6098693,-1407988 6041946,-1455252 6031928,-1467373 6088736))
28356;POLYGON((-2042896 5947018,-1994607 5960462,-1978654 5902916,-2026572 5889400,-2042896 5947018))
28357;POLYGON((-2627397 5760298,-2578326 5777738,-2557617 5719305,-2606259 5701791,-2627397 5760298))
28358;POLYGON((-3221379 5521408,-3171527 5543522,-3145268 5484237,-3194614 5462060,-3221379 5521408))
3113;POLYGON((-2493888 -856151,-2445580 -842702,-2429621 -900271,-2477558 -913792,-2493888 -856151))
3111;POLYGON((743217 2712594,788857 2721701,799582 2667208,754228 2658158,743217 2712594))
3107;POLYGON((166414 1799292,212626 1803044,216977 1747865,171020 1744135,166414 1799292))
3308;POLYGON((7363562 4277004,7409067 4286163,7419871 4231818,7374626 4222711,7363562 4277004))
3112;POLYGON((-738409 -3797482,-692315 -3794636,-689025 -3849692,-734900 -3852524,-738409 -3797482))
3577;POLYGON((-553847 -3667969,-507723 -3665892,-505322 -3721619,-551228 -3723686,-553847 -3667969))
