4326;POLYGON((125.75 -30.0,126.25 -30.0,126.25 -30.5,125.75 -30.5,125.75 -30.0))
28348;POLYGON((2523151 6492809,2572982 6483240,2561758 6425976,2512232 6435630,2523151 6492809))
28349;POLYGON((1930490 6587843,1979541 6581269,1971796 6524897,1923019 6531532,1930490 6587843))
28350;POLYGON((1345567 6648772,1394090 6644929,1389515 6589165,1341246 6593046,1345567 6648772))
28351;POLYGON((765282 6678029,813539 6676765,811953 6621315,763940 6622592,765282 6678029))
28352;POLYGON((186460 6676765,234717 6678029,236059 6622592,188046 6621315,186460 6676765))
28353;POLYGON((-394090 6644929,-345567 6648772,-341246 6593046,-389515 6589165,-394090 6644929))
28354;POLYGON((-979541 6581269,-930490 6587843,-923019 6531532,-971796 6524897,-979541 6581269))
28355;POLYGON((-1572982 6483240,-1523151 6492809,-1512232 6435630,-1561758 6425976,-1572982 6483240))
28356;POLYGON((-2177338 6346807,-2126492 6359772,-2111672 6301464,-2162167 6288394,-2177338 6346807))
28357;POLYGON((-2795197 6166148,-2743139 6183072,-2723783 6123425,-2775428 6106383,-2795197 6166148))
28358;POLYGON((-3428575 5933218,-3375167 5954869,-3350405 5893768,-3403315 5871995,-3428575 5933218))
3113;POLYGON((-2628382 -456207,-2577516 -443237,-2562691 -501568,-2613206 -514642,-2628382 -456207))
3111;POLYGON((642156 3089692,689777 3099324,700695 3044608,653361 3035034,642156 3089692))
3107;POLYGON((110202 2183131,158190 2187138,162666 2131999,114932 2128013,110202 2183131))
3308;POLYGON((7262460 4652258,7309763 4661897,7320705 4607536,7273663 4597950,7262460 4652258))
3112;POLYGON((-786685 -3415143,-739070 -3412107,-735691 -3466834,-783088 -3469856,-786685 -3415143))
3577;POLYGON((-596058 -3277903,-548407 -3275664,-545885 -3331650,-593317 -3333879,-596058 -3277903))
