4326;POLYGON((126.25 -20.5,126.75 -20.5,126.75 -21.0,126.25 -21.0,126.25 -20.5))
28348;POLYGON((2755039 7581850,2810048 7574256,2801783 7515825,2747003 7523564,2755039 7581850))
28349;POLYGON((2104529 7657147,2158137 7651938,2152445 7595002,2099037 7600312,2104529 7657147))
28350;POLYGON((1467701 7705663,1520384 7702575,1516978 7646633,1464476 7649782,1467701 7705663))
28351;POLYGON((839018 7729817,891228 7728698,889941 7673274,837904 7674415,839018 7729817))
28352;POLYGON((213171 7730775,265344 7731572,266115 7676206,214113 7675392,213171 7730775))
28353;POLYGON((-415074 7708583,-362500 7711335,-359635 7655566,-412029 7652759,-415074 7708583))
28354;POLYGON((-1051015 7662170,-997594 7667010,-992496 7610368,-1045721 7605434,-1051015 7662170))
28355;POLYGON((-1700166 7589232,-1645426 7596405,-1637839 7538397,-1692356 7531087,-1700166 7589232))
28356;POLYGON((-2368397 7485973,-2311831 7495861,-2301353 7435958,-2357655 7425888,-2368397 7485973))
28357;POLYGON((-3062074 7346666,-3003130 7359834,-2989167 7297468,-3047787 7284067,-3062074 7346666))
28358;POLYGON((-3788201 7162980,-3726267 7180244,-3707964 7114798,-3769487 7097248,-3788201 7162980))
3113;POLYGON((-2819516 683403,-2762928 693294,-2752446 633369,-2808769 623294,-2819516 683403))
3111;POLYGON((479469 4153286,532679 4163758,543633 4107319,490719 4096905,479469 4153286))
3107;POLYGON((72578 3241845,125467 3246015,129759 3189916,77130 3185766,72578 3241845))
3308;POLYGON((7100089 5703565,7152425 5713970,7163325 5658446,7111255 5648095,7100089 5703565))
3112;POLYGON((-803240 -2372872,-751477 -2369779,-748305 -2424698,-799849 -2427778,-803240 -2372872))
3577;POLYGON((-596260 -2213155,-544442 -2210923,-542154 -2266568,-593754 -2268791,-596260 -2213155))
