4326;POLYGON((126.25 -26.25,126.75 -26.25,126.75 -26.75,126.25 -26.75,126.25 -26.25))
28348;POLYGON((2652079 6914571,2704181 6905488,2693884 6847682,2642062 6856876,2652079 6914571))
28349;POLYGON((2033990 7004903,2085047 6998639,2077916 6941991,2027106 6948335,2033990 7004903))
28350;POLYGON((1426212 7063371,1476566 7059643,1472283 7003781,1422156 7007557,1426212 7063371))
28351;POLYGON((824667 7092554,874657 7091201,873035 7035754,823263 7037124,824667 7092554))
28352;POLYGON((225306 7093712,275268 7094677,276239 7039275,226494 7038298,225306 7093712))
28353;POLYGON((-375902 7066895,-325632 7070218,-322026 7014494,-372071 7011128,-375902 7066895))
28354;POLYGON((-983004 7010948,-932088 7016773,-925693 6960357,-976366 6954457,-983004 7010948))
28355;POLYGON((-1600078 6923405,-1548174 6931993,-1538707 6874512,-1590337 6865818,-1600078 6923405))
28356;POLYGON((-2231226 6800272,-2177992 6812022,-2165016 6753105,-2217931 6741220,-2231226 6800272))
28357;POLYGON((-2880521 6635649,-2825623 6651137,-2808507 6590432,-2863025 6574780,-2880521 6635649))
28358;POLYGON((-3551895 6421188,-3495013 6441221,-3472876 6378415,-3529290 6358196,-3551895 6421188))
3113;POLYGON((-2682291 -2565,-2629037 9189,-2616056 -49750,-2668992 -61640,-2682291 -2565))
3111;POLYGON((607508 3511615,657346 3521424,668071 3466167,618523 3456415,607508 3511615))
3107;POLYGON((124567 2601367,174491 2605303,178727 2549949,129058 2546033,124567 2601367))
3308;POLYGON((7227498 5070593,7276803 5080395,7287537 5025717,7238493 5015967,7227498 5070593))
3112;POLYGON((-764376 -3002264,-715118 -2999320,-711963 -3053952,-761004 -3056882,-764376 -3002264))
3577;POLYGON((-567331 -2855469,-518027 -2853345,-515723 -2909376,-564808 -2911490,-567331 -2855469))
