4326;POLYGON((125.75 -39.0,126.25 -39.0,126.25 -39.5,125.75 -39.5,125.75 -39.0))
28348;POLYGON((2304402 5472466,2348227 5461875,2334408 5405730,2290945 5416346,2304402 5472466))
28349;POLYGON((1780082 5578239,1823670 5570887,1814033 5515032,1770780 5522405,1780082 5578239))
28350;POLYGON((1258289 5646626,1301694 5642299,1295962 5586669,1252872 5591011,1258289 5646626))
28351;POLYGON((738146 5679625,781454 5678196,779460 5622690,736459 5624124,738146 5679625))
28352;POLYGON((218545 5678196,261853 5679625,263540 5624124,220539 5622690,218545 5678196))
28353;POLYGON((-301694 5642299,-258289 5646626,-252872 5591011,-295962 5586669,-301694 5642299))
28354;POLYGON((-823670 5570887,-780082 5578239,-770780 5522405,-814033 5515032,-823670 5570887))
28355;POLYGON((-1348227 5461875,-1304402 5472466,-1290945 5416346,-1334408 5405730,-1348227 5461875))
28356;POLYGON((-1875753 5312072,-1831682 5326212,-1813681 5269801,-1857352 5255639,-1875753 5312072))
28357;POLYGON((-2405901 5117099,-2361648 5135202,-2338584 5078590,-2382387 5060480,-2405901 5117099))
28358;POLYGON((-2937216 4871292,-2892957 4893880,-2864173 4837312,-2907922 4814746,-2937216 4871292))
3113;POLYGON((-2326680 -1491345,-2282591 -1477199,-2264583 -1533633,-2308272 -1547801,-2326680 -1491345))
3111;POLYGON((843021 2109897,885494 2118488,896363 2064017,854176 2055483,843021 2109897))
3107;POLYGON((195545 1188830,238931 1192453,243448 1136807,200319 1133206,195545 1188830))
3308;POLYGON((7464219 3674133,7506838 3682818,7517842 3628146,7475486 3619515,7464219 3674133))
3112;POLYGON((-721369 -4408668,-677707 -4405885,-674248 -4461905,-717687 -4464674,-721369 -4408668))
3577;POLYGON((-547098 -4277881,-503361 -4275825,-500893 -4330621,-544416 -4332667,-547098 -4277881))
