4326;POLYGON((126.25 -16.25,126.75 -16.25,126.75 -16.75,126.25 -16.75,126.25 -16.25))
28348;POLYGON((2816020 8079073,2872779 8072812,2866108 8013992,2809536 8020420,2816020 8079073))
28349;POLYGON((2146121 8141041,2201246 8136761,2196669 8079647,2141705 8084042,2146121 8141041))
28350;POLYGON((1492094 8180859,1546152 8178327,1543419 8122335,1489507 8124936,1492094 8180859))
28351;POLYGON((847445 8200651,900958 8199735,899927 8144325,846551 8145266,847445 8200651))
28352;POLYGON((206045 8201435,259518 8202088,260135 8146743,206801 8146071,206045 8201435))
28353;POLYGON((-438102 8183252,-384170 8185508,-381872 8129711,-435660 8127394,-438102 8183252))
28354;POLYGON((-1091105 8145168,-1036196 8149143,-1032099 8092362,-1086850 8088280,-1091105 8145168))
28355;POLYGON((-1759420 8085158,-1702975 8091068,-1696858 8032733,-1753121 8026666,-1759420 8085158))
28356;POLYGON((-2450111 7999859,-2391512 8008045,-2383025 7947524,-2441406 7939125,-2450111 7999859))
28357;POLYGON((-3171152 7884132,-3109690 7895104,-3098308 7831678,-3159498 7820428,-3171152 7884132))
28358;POLYGON((-3931769 7730382,-3866619 7744889,-3851572 7677721,-3916371 7662860,-3931769 7730382))
3113;POLYGON((-2901262 1197490,-2842640 1205678,-2834150 1145134,-2892554 1136732,-2901262 1197490))
3111;POLYGON((382723 4638132,438480 4649106,449673 4591439,394218 4580525,382723 4638132))
3107;POLYGON((33555 3722584,88670 3726930,93031 3669928,38180 3665604,33555 3722584))
3308;POLYGON((7004296 6179472,7058911 6190329,7070002 6133833,7015657 6123029,7004296 6179472))
3112;POLYGON((-832209 -1903712,-778580 -1900508,-775375 -1955988,-828784 -1959180,-832209 -1903712))
3577;POLYGON((-617441 -1742865,-563782 -1740553,-561518 -1795612,-614962 -1797915,-617441 -1742865))
