4326;POLYGON((125.75 -27.75,126.25 -27.75,126.25 -28.25,125.75 -28.25,125.75 -27.75))
28348;POLYGON((2570374 6750803,2621534 6741653,2611025 6684127,2560153 6693375,2570374 6750803))
28349;POLYGON((1962751 6841544,2012988 6835275,2005756 6778783,1955775 6785124,1962751 6841544))
28350;POLYGON((1364211 6899609,1413833 6895949,1409566 6840155,1360183 6843857,1364211 6899609))
28351;POLYGON((771067 6927460,820380 6926257,818902 6870819,769817 6872036,771067 6927460))
28352;POLYGON((179619 6926257,228932 6927460,230182 6872036,181097 6870819,179619 6926257))
28353;POLYGON((-413833 6895949,-364211 6899609,-360183 6843857,-409566 6840155,-413833 6895949))
28354;POLYGON((-1012988 6835275,-962751 6841544,-955775 6785124,-1005756 6778783,-1012988 6835275))
28355;POLYGON((-1621534 6741653,-1570374 6750803,-1560153 6693375,-1611025 6684127,-1621534 6741653))
28356;POLYGON((-2243095 6610967,-2190715 6623406,-2176797 6564646,-2228842 6552083,-2243095 6610967))
28357;POLYGON((-2881138 6437210,-2827259 6453522,-2808996 6393135,-2862477 6376676,-2881138 6437210))
28358;POLYGON((-3538792 6211967,-3483172 6232961,-3459668 6170720,-3514802 6149564,-3538792 6211967))
3113;POLYGON((-2694165 -191943,-2641764 -179500,-2627841 -238282,-2679907 -250851,-2694165 -191943))
3111;POLYGON((591589 3336348,640507 3346243,651478 3291263,602848 3281427,591589 3336348))
3107;POLYGON((88894 2431376,138032 2435479,142515 2380251,93632 2376169,88894 2431376))
3308;POLYGON((7211982 4896978,7260456 4906856,7271425 4852363,7223211 4842538,7211982 4896978))
3112;POLYGON((-802853 -3169223,-754258 -3166125,-750885 -3220758,-799262 -3223842,-802853 -3169223))
3577;POLYGON((-608399 -3025842,-559761 -3023556,-557237 -3079593,-605656 -3081868,-608399 -3025842))
