4326;POLYGON((126.0 -33.25,126.5 -33.25,126.5 -33.75,126.0 -33.75,126.0 -33.25))
28348;POLYGON((2473379 6117163,2521189 6106964,2508812 6050061,2461331 6060324,2473379 6117163))
28349;POLYGON((1903616 6218841,1950842 6211780,1942235 6155564,1895307 6162674,1903616 6218841))
28350;POLYGON((1339744 6284654,1386562 6280473,1381414 6224741,1334874 6228952,1339744 6284654))
28351;POLYGON((779505 6316983,826111 6315532,824238 6260056,777901 6261518,779505 6316983))
28352;POLYGON((220494 6316983,267091 6318210,268427 6262755,222098 6261518,220494 6316983))
28353;POLYGON((-339744 6284654,-292951 6288603,-288358 6232930,-334874 6228952,-339744 6284654))
28354;POLYGON((-903616 6218841,-856431 6225654,-848419 6169534,-895307 6162674,-903616 6218841))
28355;POLYGON((-1473379 6117163,-1425623 6127087,-1413902 6070312,-1461331 6060324,-1473379 6117163))
28356;POLYGON((-2050989 5975868,-2002515 5989274,-1986653 5931676,-2034757 5918196,-2050989 5975868))
28357;POLYGON((-2637886 5789617,-2588601 5807017,-2567998 5748501,-2616855 5731023,-2637886 5789617))
28358;POLYGON((-3234673 5551180,-3184569 5573258,-3158427 5513848,-3208026 5491702,-3234673 5551180))
3113;POLYGON((-2501984 -827291,-2453492 -813879,-2437623 -871499,-2485746 -884985,-2501984 -827291))
3111;POLYGON((737710 2739821,783493 2748956,794220 2694452,748723 2685373,737710 2739821))
3107;POLYGON((164112 1826865,210452 1830626,214801 1775457,168717 1771716,164112 1826865))
3308;POLYGON((7358031 4304147,7403666 4313333,7414469 4258992,7369094 4249858,7358031 4304147))
3112;POLYGON((-740162 -3769984,-693958 -3767131,-690671 -3822156,-736655 -3824996,-740162 -3769984))
3577;POLYGON((-555157 -3640091,-508924 -3638009,-506522 -3693762,-552537 -3695834,-555157 -3640091))
