4326;POLYGON((126.0 -35.0,126.5 -35.0,126.5 -35.5,126.0 -35.5,126.0 -35.0))
28348;POLYGON((2430579 5918493,2477222 5908084,2464330 5851406,2418028 5861867,2430579 5918493))
28349;POLYGON((1874078 6022375,1920245 6015154,1911262 5959043,1865405 5966304,1874078 6022375))
28350;POLYGON((1322423 6089726,1368252 6085445,1362871 6029741,1317333 6034048,1322423 6089726))
28351;POLYGON((773798 6122843,819449 6121356,817490 6065871,772120 6067367,773798 6122843))
28352;POLYGON((226201 6122843,271845 6124100,273243 6068632,227879 6067367,226201 6122843))
28353;POLYGON((-322423 6089726,-276615 6093771,-271814 6038117,-317333 6034048,-322423 6089726))
28354;POLYGON((-874078 6022375,-827945 6029343,-819580 5973312,-865405 5966304,-874078 6022375))
28355;POLYGON((-1430579 5918493,-1383980 5928623,-1371767 5872049,-1418028 5861867,-1430579 5918493))
28356;POLYGON((-1993383 5774487,-1946216 5788133,-1929734 5730897,-1976522 5717193,-1993383 5774487))
28357;POLYGON((-2563351 5585293,-2515574 5602938,-2494246 5545004,-2541587 5527303,-2563351 5585293))
28358;POLYGON((-3140398 5344136,-3092066 5366417,-3065132 5307880,-3112957 5285559,-3140398 5344136))
3113;POLYGON((-2444356 -1028750,-2397170 -1015098,-2380682 -1072357,-2427488 -1086066,-2444356 -1028750))
3111;POLYGON((776239 2549342,821020 2558277,831736 2503832,787240 2494953,776239 2549342))
3107;POLYGON((180237 1633752,225683 1637441,230039 1582186,184850 1578517,180237 1633752))
3308;POLYGON((7396760 4114090,7441485 4123092,7452298 4068703,7407833 4059753,7396760 4114090))
3112;POLYGON((-727870 -3962805,-682434 -3959999,-679132 -4015261,-724349 -4018053,-727870 -3962805))
3577;POLYGON((-545999 -3834943,-500528 -3832895,-498136 -3888434,-543389 -3890472,-545999 -3834943))
