4326;POLYGON((126.25 -27.5,126.75 -27.5,126.75 -28.0,126.25 -28.0,126.25 -27.5))
28348;POLYGON((2626727 6770438,2678122 6761084,2667404 6703427,2616299 6712883,2626727 6770438))
28349;POLYGON((2016561 6863530,2066992 6857070,2059560 6800491,2009386 6807026,2016561 6863530))
28350;POLYGON((1415940 6923848,1465718 6920002,1461250 6864158,1411708 6868051,1415940 6923848))
28351;POLYGON((821110 6953975,870550 6952578,868857 6897125,819644 6898538,821110 6953975))
28352;POLYGON((228315 6955171,277728 6956167,278742 6900757,229554 6899749,228315 6955171))
28353;POLYGON((-366201 6927486,-316501 6930917,-312739 6875203,-362205 6871732,-366201 6927486))
28354;POLYGON((-966197 6869764,-915896 6875772,-909229 6819409,-959277 6813331,-966197 6869764))
28355;POLYGON((-1575424 6779537,-1524212 6788383,-1514354 6731027,-1565283 6722082,-1575424 6779537))
28356;POLYGON((-2197597 6652823,-2145166 6664905,-2131678 6606221,-2183781 6594014,-2197597 6652823))
28357;POLYGON((-2836296 6483776,-2782357 6499662,-2764610 6439343,-2818159 6423308,-2836296 6483776))
28358;POLYGON((-3494813 6264176,-3439108 6284659,-3416228 6222457,-3471456 6201809,-3494813 6264176))
3113;POLYGON((-2648649 -150071,-2596198 -137985,-2582705 -196692,-2634828 -208903,-2648649 -150071))
3111;POLYGON((635016 3373759,684130 3383425,694819 3328354,645994 3318745,635016 3373759))
3107;POLYGON((135790 2463105,185074 2466990,189303 2411727,140274 2407861,135790 2463105))
3308;POLYGON((7254969 4934117,7303620 4943789,7314331 4889225,7265941 4879605,7254969 4934117))
3112;POLYGON((-755945 -3138812,-707230 -3135901,-704075 -3190542,-752572 -3193440,-755945 -3138812))
3577;POLYGON((-561023 -2995538,-512267 -2993438,-509963 -3049484,-558499 -3051575,-561023 -2995538))
