4326;POLYGON((126.25 -17.75,126.75 -17.75,126.75 -18.25,126.25 -18.25,126.25 -17.75))
28348;POLYGON((2796012 7903233,2852194 7896481,2844953 7837791,2788973 7844702,2796012 7903233))
28349;POLYGON((2132490 7970099,2187117 7965478,2182142 7908423,2127691 7913155,2132490 7970099))
28350;POLYGON((1484106 8013103,1537713 8010368,1534740 7954393,1481291 7957194,1484106 8013103))
28351;POLYGON((844686 8034490,897773 8033500,896650 7978085,843714 7979099,844686 8034490))
28352;POLYGON((208378 8035338,261425 8036044,262097 7980691,209200 7979968,208378 8035338))
28353;POLYGON((-430560 8015689,-377074 8018127,-374574 7962339,-427904 7959842,-430560 8015689))
28354;POLYGON((-1077968 7974554,-1023547 7978847,-1019093 7922112,-1073342 7917717,-1077968 7974554))
28355;POLYGON((-1739981 7909796,-1684097 7916170,-1677454 7857944,-1733141 7851419,-1739981 7909796))
28356;POLYGON((-2423261 7817869,-2365333 7826684,-2356131 7766369,-2413823 7757351,-2423261 7817869))
28357;POLYGON((-3135231 7693383,-3074606 7705174,-3062291 7642101,-3122624 7630048,-3135231 7693383))
28358;POLYGON((-3884354 7528410,-3820279 7543956,-3804043 7477367,-3867745 7461490,-3884354 7528410))
3113;POLYGON((-2874401 1015428,-2816451 1024247,-2807245 963908,-2864960 954886,-2874401 1015428))
3111;POLYGON((417113 4465787,471965 4476582,483066 4419384,428514 4408648,417113 4465787))
3107;POLYGON((47401 3552004,101727 3556287,106061 3499639,51998 3495377,47401 3552004))
3308;POLYGON((7038302 6010530,7092108 6021226,7103124 5965108,7049587 5954465,7038302 6010530))
3112;POLYGON((-821949 -2069874,-768981 -2066709,-765790 -2121957,-818538 -2125109,-821949 -2069874))
3577;POLYGON((-609992 -1908255,-556981 -1905972,-554707 -1961265,-607502 -1963539,-609992 -1908255))
