4326;POLYGON((126.0 -28.25,126.5 -28.25,126.5 -28.75,126.0 -28.75,126.0 -28.25))
28348;POLYGON((2585578 6688783,2636493 6679406,2625676 6621889,2575055 6631362,2585578 6688783))
28349;POLYGON((1980758 6781982,2030770 6775526,2023291 6719026,1973541 6725551,1980758 6781982))
28350;POLYGON((1384870 6842033,1434272 6838224,1429816 6782415,1380655 6786266,1384870 6842033))
28351;POLYGON((794358 6871453,843450 6870134,841831 6814685,792972 6816020,794358 6871453))
28352;POLYGON((205641 6871453,254720 6872569,255874 6817148,207027 6816020,205641 6871453))
28353;POLYGON((-384870 6842033,-335504 6845629,-331530 6789903,-380655 6786266,-384870 6842033))
28354;POLYGON((-980758 6781982,-930808 6788208,-923851 6731845,-973541 6725551,-980758 6781982))
28355;POLYGON((-1585578 6688783,-1534750 6697903,-1524517 6640577,-1575055 6631362,-1585578 6688783))
28356;POLYGON((-2202806 6558402,-2150814 6570817,-2136860 6512216,-2188515 6499681,-2202806 6558402))
28357;POLYGON((-2835720 6384950,-2782304 6401232,-2763991 6341079,-2817009 6324656,-2835720 6384950))
28358;POLYGON((-3487217 6160196,-3432156 6181137,-3408605 6119224,-3463181 6098132,-3487217 6160196))
3113;POLYGON((-2653860 -244529,-2601849 -232109,-2587889 -290734,-2639564 -303273,-2653860 -244529))
3111;POLYGON((627157 3286377,675811 3296085,686625 3241143,638258 3231492,627157 3286377))
3107;POLYGON((118071 2378238,166963 2382207,171316 2326996,122680 2323048,118071 2378238))
3308;POLYGON((7247312 4847479,7295549 4857189,7306380 4802706,7258404 4793049,7247312 4847479))
3112;POLYGON((-775075 -3222276,-726692 -3219288,-723427 -3273942,-771592 -3276916,-775075 -3222276))
3577;POLYGON((-581448 -3080707,-533025 -3078526,-530611 -3134564,-578814 -3136735,-581448 -3080707))
