4326;POLYGON((125.75 -41.0,126.25 -41.0,126.25 -41.5,125.75 -41.5,125.75 -41.0))
28348;POLYGON((2249809 5248351,2292170 5237679,2277835 5181790,2235846 5192473,2249809 5248351))
28349;POLYGON((1742311 5355069,1784543 5347644,1774523 5291908,1732637 5299346,1742311 5355069))
28350;POLYGON((1236283 5424203,1278405 5419826,1272434 5364227,1230642 5368613,1236283 5424203))
28351;POLYGON((731291 5457599,773350 5456153,771271 5400634,729533 5402084,731291 5457599))
28352;POLYGON((226649 5456153,268708 5457599,270466 5402084,228728 5400634,226649 5456153))
28353;POLYGON((-278405 5419826,-236283 5424203,-230642 5368613,-272434 5364227,-278405 5419826))
28354;POLYGON((-784543 5347644,-742311 5355069,-732637 5299346,-774523 5291908,-784543 5347644))
28355;POLYGON((-1292170 5237679,-1249809 5248351,-1235846 5192473,-1277835 5181790,-1292170 5237679))
28356;POLYGON((-1801204 5087005,-1758745 5101206,-1740129 5045221,-1782180 5031016,-1801204 5087005))
28357;POLYGON((-2310799 4891658,-2268350 4909759,-2244601 4853815,-2286596 4835728,-2310799 4891658))
28358;POLYGON((-2818981 4646602,-2776761 4669064,-2747283 4613461,-2788995 4591048,-2818981 4646602))
3113;POLYGON((-2252101 -1716500,-2209626 -1702293,-2191003 -1758300,-2233070 -1772511,-2252101 -1716500))
3111;POLYGON((887676 1892072,929005 1900432,939900 1845832,898858 1837530,887676 1892072))
3107;POLYGON((214681 965887,257035 969423,261577 913464,219482 909949,214681 965887))
3308;POLYGON((7509361 3455290,7550931 3463761,7561988 3408826,7520681 3400409,7509361 3455290))
3112;POLYGON((-706593 -4633423,-663825 -4630697,-660335 -4687223,-702878 -4689935,-706593 -4633423))
3577;POLYGON((-536405 -4496294,-493522 -4494278,-491077 -4548566,-533747 -4550572,-536405 -4496294))
