4326;POLYGON((126.5 -31.75,127.0 -31.75,127.0 -32.25,126.5 -32.25,126.5 -31.75))
28348;POLYGON((2557416 6278049,2606261 6267789,2594015 6210623,2545493 6220958,2557416 6278049))
28349;POLYGON((1976003 6380604,2024152 6373457,2015585 6317096,1967727 6324300,1976003 6380604))
28350;POLYGON((1401600 6447718,1449262 6443407,1444049 6387615,1396655 6391962,1401600 6447718))
28351;POLYGON((831580 6481941,878981 6480306,876925 6424825,829782 6426474,831580 6481941))
28352;POLYGON((263189 6484554,310561 6485534,311587 6430097,264472 6429110,263189 6484554))
28353;POLYGON((-306366 6455656,-258790 6459286,-254645 6403627,-301955 6399966,-306366 6455656))
28354;POLYGON((-879851 6394165,-831845 6400583,-824425 6344439,-872148 6337970,-879851 6394165))
28355;POLYGON((-1459922 6297753,-1411270 6307202,-1400296 6250329,-1448635 6240808,-1459922 6297753))
28356;POLYGON((-2049005 6162681,-1999518 6175533,-1984563 6117716,-2033694 6104777,-2049005 6162681))
28357;POLYGON((-2649111 5983560,-2598643 6000335,-2579108 5941418,-2629161 5924547,-2649111 5983560))
28358;POLYGON((-3261558 5752991,-3210035 5774393,-3185110 5714324,-3236140 5692829,-3261558 5752991))
3113;POLYGON((-2500000 -640404,-2450493 -627547,-2435532 -685387,-2484682 -698331,-2500000 -640404))
3111;POLYGON((751277 2912642,797968 2921704,808426 2867054,762022 2858047,751277 2912642))
3107;POLYGON((197408 1996063,244530 1999669,248622 1944511,201755 1940925,197408 1996063))
3308;POLYGON((7371259 4476348,7417718 4485469,7428260 4431076,7382062 4422007,7371259 4476348))
3112;POLYGON((-703802 -3602381,-656932 -3599674,-653872 -3654553,-700524 -3657248,-703802 -3602381))
3577;POLYGON((-516141 -3470469,-469244 -3468540,-467055 -3524438,-513733 -3526357,-516141 -3470469))
