4326;POLYGON((126.5 -9.25,127.0 -9.25,127.0 -9.75,126.5 -9.75,126.5 -9.25))
28348;POLYGON((2916180 8901950,2975095 8898169,2971131 8838781,2912328 8842758,2916180 8901950))
28349;POLYGON((2222644 8939352,2279603 8936768,2276885 8879374,2220022 8882091,2222644 8939352))
28350;POLYGON((1548049 8963445,1603736 8961906,1602103 8905815,1546502 8907434,1548049 8963445))
28351;POLYGON((884659 8975618,939691 8975038,939051 8919629,884100 8920239,884659 8975618))
28352;POLYGON((225323 8976544,280282 8976891,280601 8921579,225721 8921214,225323 8976544))
28353;POLYGON((-436904 8966275,-381437 8967568,-380143 8911771,-435526 8910411,-436904 8966275))
28354;POLYGON((-1109115 8944244,-1052536 8946555,-1050194 8889668,-1106681 8887237,-1109115 8944244))
28355;POLYGON((-1798920 8909193,-1740563 8912656,-1737038 8854015,-1795287 8850373,-1798920 8909193))
28356;POLYGON((-2514872 8858991,-2453978 8863825,-2449050 8802671,-2509813 8797590,-2514872 8858991))
28357;POLYGON((-3266992 8790334,-3202655 8796868,-3195987 8732294,-3260159 8725427,-3266992 8790334))
28358;POLYGON((-4067414 8698238,-3998522 8706969,-3989613 8637849,-4058288 8628679,-4067414 8698238))
3113;POLYGON((-2966049 2056957,-2905131 2061792,-2900200 2000615,-2960988 1995532,-2966049 2056957))
3111;POLYGON((247953 5470039,308082 5481709,319647 5421271,259836 5409662,247953 5470039))
3107;POLYGON((-3003 4537972,55885 4542478,60276 4483286,1661 4478801,-3003 4537972))
3308;POLYGON((6871222 6991659,6929726 7003144,6941126 6944327,6882904 6932898,6871222 6991659))
3112;POLYGON((-852453 -1114515,-795684 -1111236,-792502 -1168312,-849044 -1171578,-852453 -1114515))
3577;POLYGON((-623376 -981111,-566736 -978782,-564636 -1032399,-621067 -1034719,-623376 -981111))
