4326;POLYGON((126.0 -11.75,126.5 -11.75,126.5 -12.25,126.0 -12.25,126.0 -11.75))
28348;POLYGON((2836821 8610856,2894937 8606249,2890096 8547194,2832119 8551982,2836821 8610856))
28349;POLYGON((2151868 8656295,2208175 8653167,2204876 8595968,2148687 8599220,2151868 8656295))
28350;POLYGON((1484368 8685250,1539509 8683420,1537560 8627426,1482526 8629328,1484368 8685250))
28351;POLYGON((827013 8699346,881573 8698715,880869 8643331,826409 8643987,827013 8699346))
28352;POLYGON((172986 8699346,227524 8699879,228026 8644542,173590 8643987,172986 8699346))
28353;POLYGON((-484368 8685250,-429297 8686976,-427561 8631123,-482526 8629328,-484368 8685250))
28354;POLYGON((-1151868 8656295,-1095682 8659309,-1092618 8602354,-1148687 8599220,-1151868 8656295))
28355;POLYGON((-1836821 8610856,-1778883 8615330,-1774317 8556633,-1832119 8551982,-1836821 8610856))
28356;POLYGON((-2547403 8546223,-2486988 8552433,-2480639 8491265,-2540889 8484813,-2547403 8546223))
28357;POLYGON((-3293114 8458222,-3229367 8466584,-3220813 8402085,-3284352 8393402,-3293114 8458222))
28358;POLYGON((-4085344 8340609,-4017228 8351742,-4005839 8282861,-4073683 8271307,-4085344 8340609))
3113;POLYGON((-2998592 1744067,-2938153 1750279,-2931802 1689087,-2992076 1682633,-2998592 1744067))
3111;POLYGON((248436 5158706,306930 5170378,318599 5111087,260416 5099478,248436 5158706))
3107;POLYGON((-37327 4239262,20179 4243930,24775 4185641,-32461 4180995,-37327 4239262))
3308;POLYGON((6872203 6688259,6929254 6699743,6940753 6641903,6883978 6630475,6872203 6688259))
3112;POLYGON((-891114 -1401889,-835488 -1398455,-832118 -1454852,-887520 -1458273,-891114 -1401889))
3577;POLYGON((-667355 -1252845,-611778 -1250342,-609444 -1304531,-664809 -1307024,-667355 -1252845))
