4326;POLYGON((126.25 -16.75,126.75 -16.75,126.75 -17.25,126.25 -17.25,126.25 -16.75))
28348;POLYGON((2809536 8020420,2866108 8013992,2859247 7955215,2802867 7961806,2809536 8020420))
28349;POLYGON((2141705 8084042,2196669 8079647,2191959 8022553,2137162 8027061,2141705 8084042))
28350;POLYGON((1489507 8124936,1543419 8122335,1540606 8066349,1486844 8069017,1489507 8124936))
28351;POLYGON((846551 8145266,899927 8144325,898865 8088913,845632 8089879,846551 8145266))
28352;POLYGON((206801 8146071,260135 8146743,260771 8091394,207578 8090706,206801 8146071))
28353;POLYGON((-435660 8127394,-381872 8129711,-379507 8073917,-433146 8071540,-435660 8127394))
28354;POLYGON((-1086850 8088280,-1032099 8092362,-1027882 8035597,-1082471 8031409,-1086850 8088280))
28355;POLYGON((-1753121 8026666,-1696858 8032733,-1690565 7974434,-1746641 7968212,-1753121 8026666))
28356;POLYGON((-2441406 7939125,-2383025 7947524,-2374298 7887070,-2432455 7878461,-2441406 7939125))
28357;POLYGON((-3159498 7820428,-3098308 7831678,-3086613 7768366,-3147523 7756844,-3159498 7820428))
28358;POLYGON((-3916371 7662860,-3851572 7677721,-3836123 7610742,-3900564 7595534,-3916371 7662860))
3113;POLYGON((-2892554 1136732,-2834150 1145134,-2825420 1084656,-2883599 1076044,-2892554 1136732))
3111;POLYGON((394218 4580525,449673 4591439,460834 4533932,405681 4523078,394218 4580525))
3107;POLYGON((38180 3665604,93031 3669928,97383 3613049,42796 3608745,38180 3665604))
3308;POLYGON((7015657 6123029,7070002 6133833,7081067 6077466,7026992 6066716,7015657 6123029))
3112;POLYGON((-828784 -1959180,-775375 -1955988,-772176 -2011387,-825364 -2014565,-828784 -1959180))
3577;POLYGON((-614962 -1797915,-561518 -1795612,-559251 -1850753,-612479 -1853046,-614962 -1797915))
