4326;POLYGON((126.75 -12.5,127.25 -12.5,127.25 -13.0,126.75 -13.0,126.75 -12.5))
28348;POLYGON((2916622 8515186,2974799 8510094,2969441 8450807,2911413 8456086,2916622 8515186))
28349;POLYGON((2231285 8565672,2287599 8562175,2283906 8504805,2227720 8508431,2231285 8565672))
28350;POLYGON((1564073 8598419,1619163 8596316,1616924 8540211,1561948 8542393,1564073 8598419))
28351;POLYGON((907719 8615265,962167 8614441,961258 8559010,906918 8559865,907719 8615265))
28352;POLYGON((255470 8617116,309827 8617527,310200 8562212,255950 8561785,255470 8617116))
28353;POLYGON((-399236 8604072,-344423 8605739,-342748 8549985,-397450 8548255,-399236 8604072))
28354;POLYGON((-1063079 8575432,-1007240 8578447,-1004173 8521679,-1059889 8518552,-1063079 8575432))
28355;POLYGON((-1743162 8529612,-1685682 8534143,-1681051 8475740,-1738389 8471042,-1743162 8529612))
28356;POLYGON((-2447375 8463924,-2387556 8470247,-2381083 8409506,-2440731 8402954,-2447375 8463924))
28357;POLYGON((-3184809 8374212,-3121837 8382741,-3113099 8318841,-3175857 8310007,-3184809 8374212))
28358;POLYGON((-3966278 8254254,-3899171 8265605,-3887540 8197553,-3954370 8185803,-3966278 8254254))
3113;POLYGON((-2898524 1661736,-2838683 1668061,-2832207 1607296,-2891878 1600741,-2898524 1661736))
3111;POLYGON((353454 5087194,411571 5098315,422715 5039237,364909 5028175,353454 5087194))
3107;POLYGON((55627 4158777,112760 4163015,116934 4104938,60069 4100719,55627 4158777))
3308;POLYGON((6974828 6618646,7031545 6629639,7042579 6571973,6986138 6561033,6974828 6618646))
3112;POLYGON((-802786 -1481382,-747477 -1478298,-744453 -1534536,-799539 -1537608,-802786 -1481382))
3577;POLYGON((-580642 -1330503,-525370 -1328338,-523348 -1382701,-578407 -1384857,-580642 -1330503))
