4326;POLYGON((127.5 -28.5,128.0 -28.5,128.0 -29.0,127.5 -29.0,127.5 -28.5))
28348;POLYGON((2732903 6631002,2783937 6620784,2772131 6562998,2721403 6573317,2732903 6631002))
28349;POLYGON((2126998 6733592,2177075 6726398,2168733 6669690,2118927 6676959,2126998 6733592))
28350;POLYGON((1530736 6802014,1580140 6797538,1574909 6741593,1525752 6746118,1530736 6802014))
28351;POLYGON((940640 6839140,989665 6837196,987329 6781688,938540 6783654,940640 6839140))
28352;POLYGON((353193 6846490,402132 6847000,402597 6791602,353891 6791087,353193 6846490))
28353;POLYGON((-235136 6824365,-185989 6827348,-182704 6771731,-231612 6768714,-235136 6824365))
28354;POLYGON((-827877 6771861,-778228 6777440,-771990 6721277,-821383 6715637,-827877 6771861))
28355;POLYGON((-1428532 6686805,-1378091 6695214,-1368641 6638181,-1418798 6629685,-1428532 6686805))
28356;POLYGON((-2040528 6565574,-1989014 6577176,-1975947 6518964,-2027136 6507250,-2040528 6565574))
28357;POLYGON((-2667117 6402798,-2614270 6418117,-2597002 6358446,-2649466 6342994,-2667117 6402798))
28358;POLYGON((-3311197 6190917,-3256795 6210681,-3234515 6149333,-3288454 6129423,-3311197 6190917))
3113;POLYGON((-2491519 -237354,-2439985 -225747,-2426913 -283982,-2478122 -295701,-2491519 -237354))
3111;POLYGON((778390 3287201,827047 3296115,836988 3241040,788620 3232179,778390 3287201))
3107;POLYGON((266721 2361837,315535 2365118,319120 2309864,270562 2306600,266721 2361837))
3308;POLYGON((7397314 4848618,7445555 4857610,7455599 4802994,7407620 4794051,7397314 4848618))
3112;POLYGON((-628478 -3241228,-580171 -3238823,-577558 -3293520,-625647 -3295913,-628478 -3241228))
3577;POLYGON((-435168 -3102761,-386833 -3101152,-385077 -3157211,-433193 -3158812,-435168 -3102761))
