4326;POLYGON((127.5 -40.5,128.0 -40.5,128.0 -41.0,127.5 -41.0,127.5 -40.5))
28348;POLYGON((2413262 5265752,2456037 5254098,2440513 5198094,2398117 5209762,2413262 5265752))
28349;POLYGON((1900962 5383737,1943582 5375405,1932440 5319585,1890170 5327933,1900962 5383737))
28350;POLYGON((1390473 5463430,1432953 5458191,1425892 5402544,1383742 5407794,1390473 5463430))
28351;POLYGON((881364 5507008,923754 5504720,920582 5449186,878511 5451480,881364 5507008))
28352;POLYGON((372896 5515664,415265 5516265,415897 5460761,373845 5460159,372896 5515664))
28353;POLYGON((-135787 5489636,-93368 5493141,-88914 5437577,-131012 5434064,-135787 5489636))
28354;POLYGON((-645509 5428210,-602976 5434715,-594581 5379015,-636777 5372496,-645509 5428210))
28355;POLYGON((-1156876 5329707,-1114191 5339390,-1101627 5283507,-1143952 5273808,-1156876 5329707))
28356;POLYGON((-1670087 5191437,-1627255 5204562,-1610184 5148507,-1652622 5135370,-1670087 5191437))
28357;POLYGON((-2184669 5009649,-2141763 5026572,-2119730 4970445,-2162199 4953525,-2184669 5009649))
28358;POLYGON((-2699142 4779482,-2656333 4800649,-2628764 4744688,-2671081 4723551,-2699142 4779482))
3113;POLYGON((-2120934 -1612028,-2078085 -1598897,-2061008 -1654974,-2103462 -1668116,-2120934 -1612028))
3111;POLYGON((1022343 1975080,1064105 1982731,1073987 1927979,1032512 1920380,1022343 1975080))
3107;POLYGON((359099 1033329,401764 1036197,405394 980257,362988 977407,359099 1033329))
3308;POLYGON((7644644 3539057,7686614 3546880,7696736 3491841,7655030 3484067,7644644 3539057))
3112;POLYGON((-559782 -4568202,-516756 -4566061,-514060 -4622495,-556861 -4624626,-559782 -4568202))
3577;POLYGON((-388204 -4435529,-345085 -4434094,-343380 -4488546,-386285 -4489974,-388204 -4435529))
