4326;POLYGON((127.25 -31.0,127.75 -31.0,127.75 -31.5,127.25 -31.5,127.25 -31.0))
28348;POLYGON((2649022 6348490,2698452 6337938,2685960 6280550,2636853 6291184,2649022 6348490))
28349;POLYGON((2061094 6454435,2109751 6447010,2100927 6390509,2052557 6397997,2061094 6454435))
28350;POLYGON((1480989 6524901,1529100 6520308,1523597 6464442,1475752 6469076,1480989 6524901))
28351;POLYGON((905906 6562635,953709 6560697,951316 6505194,903767 6507150,905906 6562635))
28352;POLYGON((332922 6569083,380662 6569727,381290 6514306,333800 6513656,332922 6569083))
28353;POLYGON((-240927 6544490,-193001 6547740,-189330 6492120,-236998 6488840,-240927 6544490))
28354;POLYGON((-818590 6487919,-770235 6493899,-763381 6437801,-811460 6431768,-818590 6487919))
28355;POLYGON((-1402929 6397181,-1353912 6406125,-1343610 6349283,-1392324 6340266,-1402929 6397181))
28356;POLYGON((-1996628 6268685,-1946735 6280951,-1932576 6223126,-1982124 6210769,-1996628 6268685))
28357;POLYGON((-2602023 6097186,-2551079 6113283,-2532482 6054284,-2583024 6038083,-2602023 6097186))
28358;POLYGON((-3220859 5875416,-3168748 5896037,-3144922 5835764,-3196553 5815037,-3220859 5875416))
3113;POLYGON((-2447602 -534359,-2397690 -522088,-2383525 -579935,-2433092 -592298,-2447602 -534359))
3111;POLYGON((805845 3008231,853037 3017005,863075 2962216,816171 2953495,805845 3008231))
3107;POLYGON((262151 2084138,309680 2087443,313389 2032259,266115 2028972,262151 2084138))
3308;POLYGON((7425342 4571588,7472256 4580448,7482410 4525968,7435757 4517157,7425342 4571588))
3112;POLYGON((-637915 -3516142,-590703 -3513698,-587974 -3568531,-634968 -3570964,-637915 -3516142))
3577;POLYGON((-448914 -3383729,-401679 -3382064,-399816 -3438024,-446833 -3439681,-448914 -3383729))
