4326;POLYGON((127.25 -25.5,127.75 -25.5,127.75 -26.0,127.25 -26.0,127.25 -25.5))
28348;POLYGON((2771928 6983146,2824659 6973736,2814060 6915605,2761610 6925135,2771928 6983146))
28349;POLYGON((2147013 7077301,2198591 7070721,2191153 7013860,2139821 7020528,2147013 7077301))
28350;POLYGON((1533587 7139599,1584372 7135546,1579754 7079563,1529193 7083672,1533587 7139599))
28351;POLYGON((927362 7172854,977709 7171148,975706 7115658,925571 7117388,927362 7172854))
28352;POLYGON((324112 7178529,374371 7179096,374896 7123717,324847 7123143,324112 7178529))
28353;POLYGON((-280362 7156872,-229840 7159736,-226764 7104087,-277069 7101184,-280362 7156872))
28354;POLYGON((-890270 7106936,-839133 7112222,-833372 7055921,-884275 7050562,-890270 7106936))
28355;POLYGON((-1509872 7026493,-1457763 7034441,-1449059 6977098,-1500907 6969045,-1509872 7026493))
28356;POLYGON((-2143496 6911826,-2090051 6922810,-2077997 6864034,-2131138 6852913,-2143496 6911826))
28357;POLYGON((-2795510 6757375,-2740367 6771941,-2724370 6711347,-2779151 6696613,-2795510 6757375))
28358;POLYGON((-3470254 6555200,-3413054 6574117,-3392278 6511347,-3449033 6492234,-3470254 6555200))
3113;POLYGON((-2594527 109032,-2541062 120021,-2529003 61222,-2582165 50096,-2594527 109032))
3111;POLYGON((691555 3614095,741930 3623461,752096 3567969,702012 3558658,691555 3614095))
3107;POLYGON((218459 2692150,268802 2695651,272530 2640193,222443 2636711,218459 2692150))
3308;POLYGON((7310427 5172154,7360217 5181557,7370442 5126698,7320914 5117344,7310427 5172154))
3112;POLYGON((-670256 -2914601,-620650 -2912032,-617929 -2966694,-667318 -2969251,-670256 -2914601))
3577;POLYGON((-471841 -2767381,-422193 -2765631,-420328 -2821657,-469757 -2823399,-471841 -2767381))
