4326;POLYGON((127.25 -9.75,127.75 -9.75,127.75 -10.25,127.25 -10.25,127.25 -9.75))
28348;POLYGON((3000605 8836749,3059702 8832600,3055354 8772938,2996377 8777290,3000605 8836749))
28349;POLYGON((2305367 8877979,2362433 8875115,2359422 8817525,2302457 8820529,2305367 8877979))
28350;POLYGON((1629934 8904974,1685658 8903224,1683804 8847010,1628171 8848845,1629934 8904974))
28351;POLYGON((966538 8919293,1021538 8918560,1020738 8863098,965823 8863867,966538 8919293))
28352;POLYGON((308034 8921731,362891 8921974,363101 8866680,308328 8866425,308034 8921731))
28353;POLYGON((-352476 8912419,-297188 8913652,-295957 8857949,-351158 8856656,-352476 8912419))
28354;POLYGON((-1021994 8890848,-965679 8893138,-963360 8836430,-1019579 8834027,-1021994 8890848))
28355;POLYGON((-1707979 8855796,-1649989 8859276,-1646447 8800913,-1704327 8797263,-1707979 8855796))
28356;POLYGON((-2418759 8805163,-2358355 8810048,-2353373 8749292,-2413644 8744170,-2418759 8805163))
28357;POLYGON((-3164022 8735665,-3100331 8742284,-3093576 8678261,-3157099 8671324,-3164022 8735665))
28358;POLYGON((-3955435 8642352,-3887391 8651198,-3878363 8582829,-3946188 8573564,-3955435 8642352))
3113;POLYGON((-2869897 2003107,-2809470 2007994,-2804486 1947215,-2864781 1942091,-2869897 2003107))
3111;POLYGON((349576 5426957,409477 5438094,420524 5377794,360940 5366716,349576 5426957))
3107;POLYGON((89591 4485427,148236 4489505,152204 4430470,93832 4426411,89591 4485427))
3308;POLYGON((6970258 6949938,7028560 6960949,7039502 6902246,6981480 6891288,6970258 6949938))
3112;POLYGON((-764226 -1166764,-707665 -1163836,-704830 -1220788,-761164 -1223704,-764226 -1166764))
3577;POLYGON((-536418 -1031322,-479975 -1029333,-478186 -1083083,-534419 -1085065,-536418 -1031322))
