4326;POLYGON((127.0 -37.5,127.5 -37.5,127.5 -38.0,127.0 -38.0,127.0 -37.5))
28348;POLYGON((2456282 5614420,2501252 5603216,2486937 5546790,2442328 5558031,2456282 5614420))
28349;POLYGON((1918890 5727239,1963524 5719318,1953362 5663298,1909059 5671250,1918890 5727239))
28350;POLYGON((1385059 5802366,1429435 5797481,1423114 5741777,1379048 5746684,1385059 5802366))
28351;POLYGON((853635 5842137,897861 5840136,895187 5784619,851258 5786629,853635 5842137))
28352;POLYGON((323210 5847779,367410 5848601,368300 5793123,324396 5792297,323210 5847779))
28353;POLYGON((-207716 5819469,-163417 5823139,-158936 5767547,-202931 5763860,-207716 5819469))
28354;POLYGON((-740601 5756331,-696086 5762963,-687877 5707115,-732071 5700456,-740601 5756331))
28355;POLYGON((-1276701 5656407,-1231878 5666207,-1219687 5609992,-1264163 5600158,-1276701 5656407))
28356;POLYGON((-1816891 5516577,-1771708 5529852,-1755158 5473209,-1799956 5459899,-1816891 5516577))
28357;POLYGON((-2361408 5332448,-2315876 5349615,-2294453 5292569,-2339550 5275373,-2361408 5332448))
28358;POLYGON((-2909510 5098209,-2863739 5119812,-2836775 5062520,-2882048 5040910,-2909510 5098209))
3113;POLYGON((-2267795 -1286760,-2222594 -1273480,-2206037 -1330145,-2250854 -1343461,-2267795 -1286760))
3111;POLYGON((917988 2294509,961430 2302704,971573 2248146,928418 2240006,917988 2294509))
3107;POLYGON((291677 1364159,335874 1367335,339734 1311825,295794 1308668,291677 1364159))
3308;POLYGON((7539066 3859402,7582570 3867726,7592892 3813076,7549649 3804802,7539066 3859402))
3112;POLYGON((-621531 -4234578,-577177 -4232193,-574292 -4287920,-618424 -4290293,-621531 -4234578))
3577;POLYGON((-444205 -4107983,-399804 -4106331,-397861 -4161468,-442047 -4163112,-444205 -4107983))
