4326;POLYGON((127.25 -11.75,127.75 -11.75,127.75 -12.25,127.25 -12.25,127.25 -11.75))
28348;POLYGON((2982453 8599087,3041034 8594141,3035838 8534609,2977401 8539750,2982453 8599087))
28349;POLYGON((2292872 8648260,2349500 8644842,2345898 8587313,2289392 8590866,2292872 8648260))
28350;POLYGON((1622361 8680483,1677695 8678394,1675476 8622199,1620251 8624371,1622361 8680483))
28351;POLYGON((963465 8697585,1018100 8696709,1017142 8641245,962609 8642156,963465 8697585))
28352;POLYGON((309295 8700497,363792 8700788,364042 8645486,309646 8645184,309295 8700497))
28353;POLYGON((-346814 8689374,-291901 8690847,-290427 8635148,-345236 8633617,-346814 8689374))
28354;POLYGON((-1011619 8663618,-955716 8666352,-952940 8609677,-1008729 8606835,-1011619 8663618))
28355;POLYGON((-1692297 8621796,-1634780 8625947,-1630546 8567670,-1687931 8563355,-1692297 8621796))
28356;POLYGON((-2396808 8561451,-2336974 8567270,-2331026 8506683,-2390702 8500636,-2396808 8561451))
28357;POLYGON((-3134333 8478753,-3071359 8486623,-3063308 8422898,-3126084 8414724,-3134333 8478753))
28358;POLYGON((-3915817 8367954,-3848707 8378446,-3837974 8310576,-3904827 8299686,-3915817 8367954))
3113;POLYGON((-2847938 1759300,-2788081 1765121,-2782131 1704511,-2841829 1698462,-2847938 1759300))
3111;POLYGON((394783 5187309,453425 5198212,464314 5138773,405984 5127929,394783 5187309))
3107;POLYGON((106478 4250433,164035 4254435,167956 4196097,110669 4192114,106478 4250433))
3308;POLYGON((7014933 6716456,7072118 6727256,7082923 6669283,7026016 6658535,7014933 6716456))
3112;POLYGON((-752024 -1393718,-696366 -1390836,-693557 -1447265,-748991 -1450134,-752024 -1393718))
3577;POLYGON((-528396 -1246995,-472797 -1245036,-470993 -1299245,-526379 -1301197,-528396 -1246995))
