4326;POLYGON((127.5 -31.25,128.0 -31.25,128.0 -31.75,127.5 -31.75,127.5 -31.25))
28348;POLYGON((2667583 6314566,2716888 6303834,2704151 6246440,2655172 6257254,2667583 6314566))
28349;POLYGON((2081090 6422514,2129632 6414933,2120601 6358418,2072351 6366062,2081090 6422514))
28350;POLYGON((1502365 6494709,1550361 6489981,1544684 6434100,1496957 6438869,1502365 6494709))
28351;POLYGON((928677 6533946,976361 6531891,973823 6476378,926395 6478451,928677 6533946))
28352;POLYGON((357168 6541721,404781 6542260,405287 6486839,357926 6486295,357168 6541721))
28353;POLYGON((-215068 6518325,-167283 6521479,-163715 6465873,-211241 6462691,-215068 6518325))
28354;POLYGON((-790923 6462874,-742727 6468762,-735963 6412698,-783883 6406760,-790923 6462874))
28355;POLYGON((-1373204 6373240,-1324369 6382091,-1314149 6325308,-1362680 6316386,-1373204 6373240))
28356;POLYGON((-1964529 6245909,-1914848 6258073,-1900770 6200337,-1950107 6188084,-1964529 6245909))
28357;POLYGON((-2567168 6075733,-2516470 6091710,-2497964 6032836,-2548261 6016759,-2567168 6075733))
28358;POLYGON((-3182790 5855586,-3130967 5876055,-3107254 5815949,-3158600 5795377,-3182790 5855586))
3113;POLYGON((-2415490 -557144,-2365790 -544975,-2351707 -602734,-2401063 -614991,-2415490 -557144))
3111;POLYGON((834527 2985262,881598 2993886,891488 2939091,844705 2930520,834527 2985262))
3107;POLYGON((287832 2058230,335241 2061416,338822 2006225,291669 2003056,287832 2058230))
3308;POLYGON((7453936 4548816,7500741 4557540,7510764 4503042,7464220 4494366,7453936 4548816))
3112;POLYGON((-612891 -3542305,-565783 -3539961,-563162 -3594819,-610052 -3597153,-612891 -3542305))
3577;POLYGON((-424311 -3410855,-377182 -3409287,-375430 -3465235,-422340 -3466796,-424311 -3410855))
