4326;POLYGON((127.0 -10.5,127.5 -10.5,127.5 -11.0,127.0 -11.0,127.0 -10.5))
28348;POLYGON((2964801 8749749,3023617 8745360,3019015 8685845,2960327 8690431,2964801 8749749))
28349;POLYGON((2272544 8793306,2329387 8790285,2326209 8732786,2269474 8735943,2272544 8793306))
28350;POLYGON((1599495 8821686,1655039 8819855,1653097 8763690,1597650 8765604,1599495 8821686))
28351;POLYGON((938029 8836515,992883 8835772,992069 8780327,937307 8781104,938029 8836515))
28352;POLYGON((281110 8838608,335846 8838913,336116 8783611,281470 8783292,281110 8838608))
28353;POLYGON((-378075 8828079,-322889 8829448,-321521 8773717,-376612 8772286,-378075 8828079))
28354;POLYGON((-1046453 8804353,-990228 8806861,-987686 8750110,-1043807 8747488,-1046453 8804353))
28355;POLYGON((-1731408 8766094,-1673501 8769886,-1669640 8711470,-1727427 8707508,-1731408 8766094))
28356;POLYGON((-2441182 8711018,-2380863 8716327,-2375446 8655515,-2435621 8649970,-2441182 8711018))
28357;POLYGON((-3185348 8635568,-3121755 8642750,-3114422 8578677,-3177834 8571179,-3185348 8635568))
28358;POLYGON((-3975409 8534394,-3907493 8543980,-3897704 8475584,-3965384 8465582,-3975409 8534394))
3113;POLYGON((-2892329 1908926,-2831987 1914237,-2826568 1853401,-2886766 1847854,-2892329 1908926))
3111;POLYGON((336914 5331038,396312 5342243,407456 5282304,348373 5271159,336914 5331038))
3107;POLYGON((66837 4394846,125063 4399030,129149 4340275,71195 4336111,66837 4394846))
3308;POLYGON((6958156 6856465,7016012 6867535,7027040 6809141,6969464 6798124,6958156 6856465))
3112;POLYGON((-787743 -1253662,-731527 -1250639,-728590 -1307381,-784579 -1310391,-787743 -1253662))
3577;POLYGON((-561478 -1113052,-505355 -1110964,-503455 -1164888,-559367 -1166968,-561478 -1113052))
