4326;POLYGON((127.0 -25.0,127.5 -25.0,127.5 -25.5,127.0 -25.5,127.0 -25.0))
28348;POLYGON((2755608 7045767,2808558 7036606,2798279 6978473,2745604 6987757,2755608 7045767))
28349;POLYGON((2128199 7137267,2179977 7130886,2172791 7074039,2121254 7080509,2128199 7137267))
28350;POLYGON((1512419 7197458,1563398 7193561,1558973 7137598,1508213 7141550,1512419 7197458))
28351;POLYGON((903851 7229088,954396 7227500,952533 7172025,902197 7173635,903851 7229088))
28352;POLYGON((298154 7233563,348624 7234214,349242 7178836,298979 7178175,298154 7233563))
28353;POLYGON((-308977 7211079,-258223 7213999,-255096 7158328,-305637 7155367,-308977 7211079))
28354;POLYGON((-921867 7160644,-870466 7165961,-864693 7109605,-915863 7104213,-921867 7160644))
28355;POLYGON((-1544903 7079978,-1492487 7087936,-1483806 7030496,-1535963 7022430,-1544903 7079978))
28356;POLYGON((-2182567 6965301,-2128759 6976280,-2116758 6917352,-2170265 6906231,-2182567 6965301))
28357;POLYGON((-2839423 6810964,-2783840 6825519,-2767919 6764699,-2823141 6749969,-2839423 6810964))
28358;POLYGON((-3520060 6608887,-3462321 6627801,-3441631 6564709,-3498924 6545590,-3520060 6608887))
3113;POLYGON((-2633614 162528,-2579784 173511,-2567779 114560,-2621307 103435,-2633614 162528))
3111;POLYGON((655766 3664809,706408 3674363,716736 3618811,666386 3609313,655766 3664809))
3107;POLYGON((189177 2745792,239769 2749428,243628 2693930,193293 2690312,189177 2745792))
3308;POLYGON((7274919 5222205,7324949 5231778,7335316 5176885,7285549 5167362,7274919 5222205))
3112;POLYGON((-698103 -2861305,-648284 -2858626,-645454 -2913292,-695055 -2915959,-698103 -2861305))
3577;POLYGON((-498855 -2712334,-448991 -2710479,-447018 -2766482,-496662 -2768328,-498855 -2712334))
