4326;POLYGON((127.0 -26.25,127.5 -26.25,127.5 -26.75,127.0 -26.75,127.0 -26.25))
28348;POLYGON((2730270 6900852,2782526 6891390,2771803 6833413,2719832 6842990,2730270 6900852))
28349;POLYGON((2110603 6995423,2161772 6988824,2154265 6932052,2103347 6938734,2110603 6995423))
28350;POLYGON((1501760 7057703,1552184 7053670,1547557 6997729,1497363 7001815,1501760 7057703))
28351;POLYGON((899658 7090452,949675 7088808,947727 7033329,897928 7034995,899658 7090452))
28352;POLYGON((300245 7095087,350192 7095762,350839 7040375,301108 7039691,300245 7095087))
28353;POLYGON((-300511 7071805,-250298 7074828,-247028 7019164,-297018 7016102,-300511 7071805))
28354;POLYGON((-906655 7019605,-855838 7025106,-849805 6968796,-900381 6963225,-906655 7019605))
28355;POLYGON((-1522258 6936196,-1470497 6944420,-1461434 6887092,-1512926 6878766,-1522258 6936196))
28356;POLYGON((-2151422 6817790,-2098374 6829118,-2085866 6770401,-2138603 6758941,-2151422 6817790))
28357;POLYGON((-2798230 6658754,-2743558 6673736,-2727002 6613272,-2781303 6598130,-2798230 6658754))
28358;POLYGON((-3466638 6451080,-3410021 6470491,-3388570 6407963,-3444733 6388368,-3466638 6451080))
3113;POLYGON((-2602457 14959,-2549388 26291,-2536875 -32447,-2589633 -43912,-2602457 14959))
3111;POLYGON((682285 3526230,732198 3535646,742487 3480306,692864 3470945,682285 3526230))
3107;POLYGON((199460 2607184,249411 2610774,253262 2555392,203567 2551821,199460 2607184))
3308;POLYGON((7301473 5085207,7350846 5094655,7361188 5039901,7312076 5030504,7301473 5085207))
3112;POLYGON((-690485 -2997922,-641210 -2995273,-638381 -3049922,-687439 -3052560,-690485 -2997922))
3577;POLYGON((-493372 -2852355,-444056 -2850521,-442082 -2906564,-491178 -2908390,-493372 -2852355))
