4326;POLYGON((127.0 -40.5,127.5 -40.5,127.5 -41.0,127.0 -41.0,127.0 -40.5))
28348;POLYGON((2370499 5277118,2413262 5265752,2398117 5209762,2355731 5221142,2370499 5277118))
28349;POLYGON((1858356 5391804,1900962 5383737,1890170 5327933,1847911 5336015,1858356 5391804))
28350;POLYGON((1348004 5468418,1390473 5463430,1383742 5407794,1341601 5412794,1348004 5468418))
28351;POLYGON((838978 5509053,881364 5507008,878511 5451480,836444 5453531,838978 5509053))
28352;POLYGON((330526 5514823,372896 5515664,373845 5460159,331792 5459316,330526 5514823))
28353;POLYGON((-178214 5485886,-135787 5489636,-131012 5434064,-173115 5430304,-178214 5485886))
28354;POLYGON((-688054 5421448,-645509 5428210,-636777 5372496,-678983 5365719,-688054 5421448))
28355;POLYGON((-1199575 5319748,-1156876 5329707,-1143952 5273808,-1186287 5263833,-1199575 5319748))
28356;POLYGON((-1712929 5178010,-1670087 5191437,-1652622 5135370,-1695066 5121932,-1712929 5178010))
28357;POLYGON((-2227575 4992392,-2184669 5009649,-2162199 4953525,-2204664 4936272,-2227575 4992392))
28358;POLYGON((-2741931 4757938,-2699142 4779482,-2671081 4723551,-2713374 4702040,-2741931 4757938))
3113;POLYGON((-2163792 -1625460,-2120934 -1612028,-2103462 -1668116,-2145923 -1681559,-2163792 -1625460))
3111;POLYGON((980621 1967209,1022343 1975080,1032512 1920380,991078 1912564,980621 1967209))
3107;POLYGON((316448 1030265,359099 1033329,362988 977407,320596 974361,316448 1030265))
3308;POLYGON((7602712 3531034,7644644 3539057,7655030 3484067,7613361 3476094,7602712 3531034))
3112;POLYGON((-602800 -4570515,-559782 -4568202,-556861 -4624626,-599654 -4626926,-602800 -4570515))
3577;POLYGON((-431317 -4437132,-388204 -4435529,-386285 -4489974,-429185 -4491570,-431317 -4437132))
