4326;POLYGON((126.75 -26.5,127.25 -26.5,127.25 -27.0,126.75 -27.0,126.75 -26.5))
28348;POLYGON((2699054 6876578,2751117 6867186,2740450 6809298,2688672 6818801,2699054 6876578))
28349;POLYGON((2081496 6970311,2132503 6963783,2125060 6907068,2074305 6913677,2081496 6970311))
28350;POLYGON((1474434 7031711,1524720 7027754,1520169 6971845,1470113 6975852,1474434 7031711))
28351;POLYGON((873850 7063478,923748 7061921,921893 7006452,872214 7008029,873850 7063478))
28352;POLYGON((275752 7066977,325595 7067753,326357 7012360,276731 7011573,275752 7066977))
28353;POLYGON((-323837 7042356,-273717 7045499,-270306 6989818,-320200 6986634,-323837 7042356))
28354;POLYGON((-928904 6988562,-878175 6994208,-871969 6937873,-922455 6932156,-928904 6988562))
28355;POLYGON((-1543460 6903247,-1491786 6911643,-1482513 6854288,-1533914 6845790,-1543460 6903247))
28356;POLYGON((-2171530 6782552,-2118577 6794087,-2105813 6735348,-2158450 6723682,-2171530 6782552))
28357;POLYGON((-2817097 6620765,-2762536 6635996,-2745670 6575527,-2799853 6560137,-2817097 6620765))
28358;POLYGON((-3483983 6409788,-3427507 6429498,-3405680 6366994,-3461695 6347103,-3483983 6409788))
3113;POLYGON((-2622572 -20292,-2569598 -8752,-2556829 -67514,-2609487 -79185,-2622572 -20292))
3111;POLYGON((662711 3493785,712454 3503304,722881 3448031,673428 3438567,662711 3493785))
3107;POLYGON((176609 2577621,226423 2581316,230401 2525964,180843 2522287,176609 2577621))
3308;POLYGON((7282171 5053050,7331391 5062590,7341858 5007886,7292900 4998396,7282171 5053050))
3112;POLYGON((-713541 -3026636,-664380 -3023895,-661442 -3078538,-710386 -3081267,-713541 -3026636))
3577;POLYGON((-516875 -2881359,-467673 -2879432,-465588 -2935477,-514571 -2937395,-516875 -2881359))
