4326;POLYGON((127.0 -11.75,127.5 -11.75,127.5 -12.25,127.0 -12.25,127.0 -11.75))
28348;POLYGON((2953234 8601509,3011719 8596631,3006596 8537197,2948253 8542267,2953234 8601509))
28349;POLYGON((2264607 8649925,2321169 8646565,2317628 8589105,2261188 8592597,2264607 8649925))
28350;POLYGON((1594724 8681488,1650017 8679451,1647853 8623298,1592668 8625416,1594724 8681488))
28351;POLYGON((936160 8697986,990778 8697159,989871 8641713,935355 8642573,936160 8697986))
28352;POLYGON((282042 8700315,336545 8700654,336846 8645348,282444 8644995,282042 8700315))
28353;POLYGON((-374292 8688600,-319350 8690123,-317824 8634396,-372662 8632812,-374292 8688600))
28354;POLYGON((-1039612 8662210,-983654 8664999,-980822 8608270,-1036665 8605370,-1039612 8662210))
28355;POLYGON((-1721117 8619673,-1663519 8623888,-1659219 8565529,-1716685 8561148,-1721117 8619673))
28356;POLYGON((-2426810 8558484,-2366863 8564379,-2360836 8503679,-2420623 8497553,-2426810 8558484))
28357;POLYGON((-3165934 8474746,-3102808 8482712,-3094659 8418836,-3157585 8410562,-3165934 8474746))
28358;POLYGON((-3949520 8362614,-3882213 8373231,-3871352 8305163,-3938399 8294144,-3949520 8362614))
3113;POLYGON((-2877952 1756332,-2817981 1762230,-2811952 1701506,-2871763 1695377,-2877952 1756332))
3111;POLYGON((365484 5181742,424097 5192799,435142 5133389,376841 5122391,365484 5181742))
3107;POLYGON((77707 4248332,135255 4252467,139311 4194139,82033 4190022,77707 4248332))
3308;POLYGON((6986360 6710953,7043519 6721891,7054463 6663943,6997581 6653059,6986360 6710953))
3112;POLYGON((-779848 -1395241,-724196 -1392249,-721275 -1448672,-776703 -1451652,-779848 -1395241))
3577;POLYGON((-556192 -1248056,-500597 -1245988,-498687 -1300194,-554070 -1302254,-556192 -1248056))
