4326;POLYGON((127.25 -26.25,127.75 -26.25,127.75 -26.75,127.25 -26.75,127.25 -26.25))
28348;POLYGON((2756385 6896153,2808694 6886563,2797828 6828528,2745805 6838234,2756385 6896153))
28349;POLYGON((2136178 6992152,2187385 6985440,2179752 6928625,2128797 6935422,2136178 6992152))
28350;POLYGON((1526966 7055712,1577414 7051576,1572672 6995609,1522454 6999798,1526966 7055712))
28351;POLYGON((924664 7089655,974691 7087913,972634 7032422,922825 7034187,924664 7089655))
28352;POLYGON((325219 7095448,375162 7096027,375702 7040643,325974 7040057,325219 7095448))
28353;POLYGON((-275400 7073341,-225205 7076264,-222046 7020620,-272019 7017658,-275400 7073341))
28354;POLYGON((-881238 7022382,-830453 7027776,-824539 6971501,-875085 6966038,-881238 7022382))
28355;POLYGON((-1496366 6940338,-1444650 6948442,-1435721 6891164,-1487169 6882960,-1496366 6940338))
28356;POLYGON((-2124883 6823489,-2071895 6834677,-2059541 6776026,-2112220 6764706,-2124883 6823489))
28357;POLYGON((-2770875 6666286,-2716277 6681102,-2699905 6620719,-2754134 6605743,-2770875 6666286))
28358;POLYGON((-3438308 6460837,-3381777 6480045,-3360552 6417608,-3416631 6398217,-3438308 6460837))
3113;POLYGON((-2575907 20660,-2522899 31853,-2510540 -26821,-2563239 -38144,-2575907 20660))
3111;POLYGON((707235 3530971,757174 3540256,767317 3484889,717670 3475658,707235 3530971))
3107;POLYGON((224433 2609008,274392 2612482,278115 2557091,228412 2553635,224433 2609008))
3308;POLYGON((7326154 5089961,7375550 5099290,7385760 5044511,7336626 5035232,7326154 5089961))
3112;POLYGON((-665849 -2996573,-616569 -2994022,-613849 -3048677,-662911 -3051217,-665849 -2996573))
3577;POLYGON((-468715 -2851414,-419396 -2849676,-417531 -2905723,-466631 -2907453,-468715 -2851414))
