4326;POLYGON((127.25 -24.25,127.75 -24.25,127.75 -24.75,127.25 -24.75,127.25 -24.25))
28348;POLYGON((2796948 7128436,2850361 7119342,2840217 7061053,2787073 7070275,2796948 7128436))
28349;POLYGON((2164436 7219360,2216611 7213009,2209502 7156072,2157563 7162515,2164436 7219360))
28350;POLYGON((1544226 7279453,1595554 7275545,1591144 7219538,1540030 7223505,1544226 7279453))
28351;POLYGON((931696 7311510,982558 7309866,980646 7254379,929987 7256049,931696 7311510))
28352;POLYGON((322332 7316979,373101 7317525,373602 7262156,323034 7261602,322332 7316979))
28353;POLYGON((-288333 7296106,-237285 7298866,-234349 7243212,-285189 7240410,-288333 7296106))
28354;POLYGON((-904788 7247952,-853085 7253051,-847582 7196707,-899062 7191531,-904788 7247952))
28355;POLYGON((-1531604 7170310,-1478860 7177985,-1470536 7120536,-1523029 7112749,-1531604 7170310))
28356;POLYGON((-2173482 7059482,-2119300 7070106,-2107754 7011127,-2161644 7000356,-2173482 7059482))
28357;POLYGON((-2835272 6909911,-2779241 6924031,-2763885 6863092,-2819564 6848790,-2835272 6909911))
28358;POLYGON((-3521941 6713612,-3463646 6732004,-3443643 6668685,-3501504 6650077,-3521941 6713612))
3113;POLYGON((-2624525 256745,-2570322 267374,-2558771 208372,-2612682 197596,-2624525 256745))
3111;POLYGON((665337 3753079,716442 3762581,726650 3706863,675837 3697416,665337 3753079))
3107;POLYGON((208483 2830974,259469 2834520,263205 2778931,212476 2775403,208483 2830974))
3308;POLYGON((7284158 5309441,7334605 5318968,7344859 5263956,7294674 5254478,7284158 5309441))
3112;POLYGON((-677604 -2777924,-627454 -2775328,-624732 -2830021,-674664 -2832606,-677604 -2777924))
3577;POLYGON((-477047 -2627428,-426851 -2625659,-424988 -2681630,-474965 -2683391,-477047 -2627428))
