4326;POLYGON((127.0 -41.5,127.5 -41.5,127.5 -42.0,127.0 -42.0,127.0 -41.5))
28348;POLYGON((2340833 5165236,2382840 5153845,2367432 5098000,2325806 5109399,2340833 5165236))
28349;POLYGON((1837368 5280260,1879276 5272164,1868282 5216432,1826727 5224538,1837368 5280260))
28350;POLYGON((1335135 5357181,1376944 5352171,1370080 5296558,1328606 5301577,1335135 5357181))
28351;POLYGON((833884 5398006,875630 5395950,872719 5340419,831298 5342478,833884 5398006))
28352;POLYGON((333070 5403804,374804 5404649,375772 5349135,334361 5348288,333070 5403804))
28353;POLYGON((-167965 5374728,-126188 5378495,-121316 5322930,-162764 5319156,-167965 5374728))
28354;POLYGON((-669824 5310015,-627960 5316804,-619059 5261134,-660579 5254335,-669824 5310015))
28355;POLYGON((-1172878 5207974,-1130909 5217962,-1117750 5162168,-1159350 5152172,-1172878 5207974))
28356;POLYGON((-1677056 5065955,-1635011 5079399,-1617257 5023524,-1658900 5010078,-1677056 5065955))
28357;POLYGON((-2181586 4880309,-2139565 4897553,-2116768 4841733,-2158346 4824504,-2181586 4880309))
28358;POLYGON((-2684649 4646371,-2642852 4667842,-2614457 4612355,-2655759 4590930,-2684649 4646371))
3113;POLYGON((-2127905 -1737558,-2085844 -1724109,-2068083 -1780006,-2109742 -1793458,-2127905 -1737558))
3111;POLYGON((1001542 1857880,1042690 1865642,1052875 1810860,1012015 1803152,1001542 1857880))
3107;POLYGON((324749 918371,366882 921398,370783 865299,328910 862290,324749 918371))
3308;POLYGON((7624024 3421082,7665429 3429004,7675843 3373864,7634702 3365992,7624024 3421082))
3112;POLYGON((-596501 -4683473,-553933 -4681184,-550998 -4737884,-593340 -4740160,-596501 -4683473))
3577;POLYGON((-427059 -4545871,-384372 -4544283,-382463 -4598450,-424938 -4600030,-427059 -4545871))
