4326;POLYGON((127.0 -9.0,127.5 -9.0,127.5 -9.5,127.0 -9.5,127.0 -9.0))
28348;POLYGON((2977000 8927872,3036166 8924082,3032194 8864480,2973138 8868471,2977000 8927872))
28349;POLYGON((2280908 8965470,2338049 8962863,2335308 8905324,2278261 8908070,2280908 8965470))
28350;POLYGON((1604520 8989953,1660330 8988374,1658656 8932197,1602930 8933860,1604520 8989953))
28351;POLYGON((939998 9002742,995100 9002101,994399 8946659,939375 8947334,939998 9002742))
28352;POLYGON((280129 9004547,335110 9004810,335343 8949512,280439 8949235,280129 9004547))
28353;POLYGON((-382059 8995467,-326617 8996647,-325438 8940913,-380799 8939669,-382059 8995467))
28354;POLYGON((-1053661 8975002,-997154 8977166,-994962 8920390,-1051380 8918110,-1053661 8975002))
28355;POLYGON((-1742258 8941984,-1684026 8945257,-1680695 8886781,-1738824 8883333,-1742258 8941984))
28356;POLYGON((-2456348 8894416,-2395636 8899003,-2390959 8838073,-2451546 8833243,-2456348 8894416))
28357;POLYGON((-3205861 8829181,-3141772 8835394,-3135432 8771111,-3199363 8764572,-3205861 8829181))
28358;POLYGON((-4002807 8741572,-3934242 8749880,-3925765 8681133,-3994124 8672394,-4002807 8741572))
3113;POLYGON((-2907501 2092396,-2846766 2096984,-2842087 2036030,-2902697 2031199,-2907501 2092396))
3111;POLYGON((302282 5512016,362631 5523400,373900 5462785,313870 5451461,302282 5512016))
3107;POLYGON((53684 4572144,112731 4576388,116854 4517082,58082 4512858,53684 4572144))
3308;POLYGON((6924011 7032627,6982711 7043859,6993848 6984889,6935431 6973711,6924011 7032627))
3112;POLYGON((-797278 -1082643,-740383 -1079585,-737423 -1136746,-794092 -1139792,-797278 -1082643))
3577;POLYGON((-567784 -952019,-511030 -949908,-509143 -1003472,-565687 -1005575,-567784 -952019))
