4326;POLYGON((127.25 -15.0,127.75 -15.0,127.75 -15.5,127.25 -15.5,127.25 -15.0))
28348;POLYGON((2945986 8214031,3003535 8207856,2996991 8148579,2939621 8154936,2945986 8214031))
28349;POLYGON((2267730 8275495,2323479 8271219,2318932 8213810,2263336 8218213,2267730 8275495))
28350;POLYGON((1607107 8315842,1661656 8313225,1658851 8257068,1604439 8259763,1607107 8315842))
28351;POLYGON((957272 8337278,1011171 8336180,1009958 8280712,956188 8281843,957272 8337278))
28352;POLYGON((311836 8340930,365606 8341294,365923 8285979,312281 8285604,311836 8340930))
28353;POLYGON((-335405 8326985,-281248 8328831,-279384 8273141,-333410 8271240,-335405 8326985))
28354;POLYGON((-990734 8294719,-935656 8298142,-932149 8241535,-987083 8238009,-990734 8294719))
28355;POLYGON((-1660770 8242401,-1604200 8247589,-1598859 8189481,-1655264 8184139,-1660770 8242401))
28356;POLYGON((-2352763 8167076,-2294066 8174330,-2286582 8114075,-2345083 8106610,-2352763 8167076))
28357;POLYGON((-3074926 8064173,-3013371 8073950,-3003278 8010807,-3064589 8000753,-3074926 8064173))
28358;POLYGON((-3836830 7926887,-3771556 7939859,-3758166 7872958,-3823125 7859629,-3836830 7926887))
3113;POLYGON((-2803876 1364771,-2745156 1372029,-2737670 1311750,-2796193 1304282,-2803876 1364771))
3111;POLYGON((466933 4804833,523565 4815363,534229 4757159,477902 4746686,466933 4804833))
3107;POLYGON((133520 3874136,189335 3878017,193190 3820653,137641 3816790,133520 3874136))
3308;POLYGON((7086412 6342896,7141808 6353358,7152422 6296413,7097298 6286002,7086412 6342896))
3112;POLYGON((-732417 -1758401,-678211 -1755595,-675437 -1811321,-729422 -1814116,-732417 -1758401))
3577;POLYGON((-515222 -1601157,-461009 -1599247,-459183 -1654106,-513181 -1656009,-515222 -1601157))
