4326;POLYGON((127.25 -12.5,127.75 -12.5,127.75 -13.0,127.25 -13.0,127.25 -12.5))
28348;POLYGON((2974799 8510094,3033162 8504856,3027652 8445378,2969441 8450807,2974799 8510094))
28349;POLYGON((2287599 8562175,2344042 8558554,2340221 8501050,2283906 8504805,2287599 8562175))
28350;POLYGON((1619163 8596316,1674333 8594103,1671978 8537916,1616924 8540211,1619163 8596316))
28351;POLYGON((962167 8614441,1016648 8613513,1015631 8558048,961258 8559010,962167 8614441))
28352;POLYGON((309827 8617527,364172 8617835,364438 8562531,310200 8562212,309827 8617527))
28353;POLYGON((-344423 8605739,-289668 8607300,-288104 8551603,-342748 8549985,-344423 8605739))
28354;POLYGON((-1007240 8578447,-951510 8581344,-948564 8524683,-1004173 8521679,-1007240 8578447))
28355;POLYGON((-1685682 8534143,-1628364 8538540,-1623872 8480298,-1681051 8475740,-1685682 8534143))
28356;POLYGON((-2387556 8470247,-2327962 8476406,-2321656 8415890,-2381083 8409506,-2387556 8470247))
28357;POLYGON((-3121837 8382741,-3059163 8391066,-3050634 8327464,-3113099 8318841,-3121837 8382741))
28358;POLYGON((-3899171 8265605,-3832451 8276692,-3821091 8209029,-3887540 8197553,-3899171 8265605))
3113;POLYGON((-2838683 1668061,-2779066 1674223,-2772757 1613683,-2832207 1607296,-2838683 1668061))
3111;POLYGON((411571 5098315,469745 5109131,480579 5049995,422715 5039237,411571 5098315))
3107;POLYGON((112760 4163015,169913 4166989,173817 4108893,116934 4104938,112760 4163015))
3308;POLYGON((7031545 6629639,7088314 6640361,7099072 6582642,7042579 6571973,7031545 6629639))
3112;POLYGON((-747477 -1478298,-692155 -1475434,-689356 -1531684,-744453 -1534536,-747477 -1478298))
3577;POLYGON((-525370 -1328338,-470089 -1326390,-468280 -1380760,-523348 -1382701,-525370 -1328338))
