4326;POLYGON((126.75 -43.0,127.25 -43.0,127.25 -43.5,126.75 -43.5,126.75 -43.0))
28348;POLYGON((2274943 5003527,2315800 4992266,2300202 4936637,2259731 4947896,2274943 5003527))
28349;POLYGON((1784736 5117156,1825574 5109169,1814463 5053546,1773987 5061537,1784736 5117156))
28350;POLYGON((1294965 5192822,1335759 5187916,1328873 5132340,1288422 5137250,1294965 5192822))
28351;POLYGON((805671 5232358,846433 5230414,843605 5174878,803177 5176824,805671 5232358))
28352;POLYGON((316602 5236728,357358 5237699,358521 5182171,318097 5181199,316602 5236728))
28353;POLYGON((-172603 5206040,-131822 5209949,-126641 5154393,-167083 5150480,-172603 5206040))
28354;POLYGON((-662244 5139545,-621420 5146487,-612096 5090883,-652566 5083936,-662244 5139545))
28355;POLYGON((-1152370 5035627,-1111513 5045771,-1097823 4990136,-1138303 4979992,-1152370 5035627))
28356;POLYGON((-1642573 4891790,-1601741 4905378,-1583363 4849793,-1623787 4836216,-1642573 4891790))
28357;POLYGON((-2131725 4704646,-2091048 4721994,-2067560 4666640,-2107789 4649323,-2131725 4704646))
28358;POLYGON((-2617639 4469931,-2577348 4491426,-2548234 4436626,-2588030 4415197,-2617639 4469931))
3113;POLYGON((-2093409 -1911791,-2052561 -1898198,-2034176 -1953804,-2074615 -1967387,-2093409 -1911791))
3111;POLYGON((1012862 1689670,1053126 1697375,1063485 1642462,1023509 1634813,1012862 1689670))
3107;POLYGON((316581 748278,357927 751345,361980 694951,320895 691903,316581 748278))
3308;POLYGON((7635814 3251600,7676408 3259468,7687005 3204090,7646676 3196273,7635814 3251600))
3112;POLYGON((-607935 -4855169,-566050 -4852834,-562978 -4909985,-604635 -4912307,-607935 -4855169))
3577;POLYGON((-441739 -4708736,-399689 -4707090,-397691 -4760785,-439531 -4762424,-441739 -4708736))
