4326;POLYGON((127.25 -33.75,127.75 -33.75,127.75 -34.25,127.25 -34.25,127.25 -33.75))
28348;POLYGON((2580132 6034145,2627746 6023182,2614375 5966187,2567101 5977213,2580132 6034145))
28349;POLYGON((2012702 6144428,2059732 6136686,2050253 6080378,2003530 6088169,2012702 6144428))
28350;POLYGON((1451271 6217984,1497877 6213184,1491952 6157381,1445631 6162213,1451271 6217984))
28351;POLYGON((893763 6257440,940127 6255413,937547 6199902,891457 6201943,893763 6257440))
28352;POLYGON((337909 6264187,384224 6264861,384901 6209417,338857 6208738,337909 6264187))
28353;POLYGON((-218627 6238461,-172166 6241860,-168210 6186254,-214393 6182832,-218627 6238461))
28354;POLYGON((-778157 6179359,-731360 6185602,-723987 6129613,-770488 6123329,-778157 6179359))
28355;POLYGON((-1342853 6084783,-1295549 6094093,-1284497 6037519,-1331478 6028152,-1342853 6084783))
28356;POLYGON((-1914610 5951320,-1866655 5964037,-1851527 5906713,-1899119 5893929,-1914610 5951320))
28357;POLYGON((-2494833 5774052,-2446136 5790648,-2426374 5732477,-2474654 5715809,-2494833 5774052))
28358;POLYGON((-3084138 5546283,-3034687 5567392,-3009547 5508389,-3058509 5487216,-3084138 5546283))
3113;POLYGON((-2365552 -851848,-2317578 -839126,-2302444 -896472,-2350055 -909262,-2365552 -851848))
3111;POLYGON((862552 2707621,908164 2716101,918171 2661483,872846 2653056,862552 2707621))
3107;POLYGON((283959 1780668,330083 1783875,333796 1728640,287927 1725451,283959 1780668))
3308;POLYGON((7482612 4272284,7528093 4280874,7538246 4226399,7493026 4217858,7482612 4272284))
3112;POLYGON((-621674 -3818240,-575663 -3815858,-572920 -3870975,-618711 -3873346,-621674 -3818240))
3577;POLYGON((-437485 -3690991,-391452 -3689369,-389598 -3745089,-435413 -3746703,-437485 -3690991))
