4326;POLYGON((126.75 -16.25,127.25 -16.25,127.25 -16.75,126.75 -16.75,126.75 -16.25))
28348;POLYGON((2872779 8072812,2929701 8066370,2922841 8007381,2866108 8013992,2872779 8072812))
28349;POLYGON((2201246 8136761,2256485 8132327,2251745 8075094,2196669 8079647,2201246 8136761))
28350;POLYGON((1546152 8178327,1600278 8175656,1597398 8119592,1543419 8122335,1546152 8178327))
28351;POLYGON((900958 8199735,954498 8198687,953328 8143248,899927 8144325,900958 8199735))
28352;POLYGON((259518 8202088,312974 8202611,313454 8147279,260135 8146743,259518 8202088))
28353;POLYGON((-384170 8185508,-330297 8187627,-328142 8131888,-381872 8129711,-384170 8185508))
28354;POLYGON((-1036196 8149143,-981389 8152968,-977448 8096291,-1032099 8092362,-1036196 8149143))
28355;POLYGON((-1702975 8091068,-1646681 8096806,-1640744 8038624,-1696858 8032733,-1702975 8091068))
28356;POLYGON((-2391512 8008045,-2333117 8016024,-2324845 7955711,-2383025 7947524,-2391512 8008045))
28357;POLYGON((-3109690 7895104,-3048497 7905819,-3037382 7842665,-3098308 7831678,-3109690 7895104))
28358;POLYGON((-3866619 7744889,-3801812 7759065,-3787107 7692244,-3851572 7677721,-3866619 7744889))
3113;POLYGON((-2842640 1205678,-2784222 1213661,-2775947 1153324,-2834150 1145134,-2842640 1205678))
3111;POLYGON((438480 4649106,494295 4659787,505184 4602062,449673 4591439,438480 4649106))
3107;POLYGON((88670 3726930,143804 3731020,147902 3673999,93031 3669928,88670 3726930))
3308;POLYGON((7058911 6190329,7113577 6200925,7124397 6144376,7070002 6133833,7058911 6190329))
3112;POLYGON((-778580 -1900508,-724938 -1897517,-721954 -1953010,-775375 -1955988,-778580 -1900508))
3577;POLYGON((-563782 -1740553,-510115 -1738452,-508066 -1793519,-561518 -1795612,-563782 -1740553))
