4326;POLYGON((128.25 -14.25,128.75 -14.25,128.75 -14.75,128.25 -14.75,128.25 -14.25))
28348;POLYGON((3070958 8290786,3129137 8284552,3122550 8224828,3064548 8231256,3070958 8290786))
28349;POLYGON((2386127 8353146,2442359 8348779,2437731 8291069,2381649 8295573,2386127 8353146))
28350;POLYGON((1720522 8394849,1775433 8392098,1772498 8335760,1717720 8338598,1720522 8394849))
28351;POLYGON((1067035 8418216,1121192 8416933,1119792 8361387,1065758 8362712,1067035 8418216))
28352;POLYGON((419093 8424494,473031 8424610,473092 8369309,419274 8369190,419093 8424494))
28353;POLYGON((-229637 8414009,-175392 8415530,-173867 8359940,-227988 8358370,-229637 8414009))
28354;POLYGON((-885521 8386212,-830431 8389220,-827363 8332790,-882318 8329687,-885521 8386212))
28355;POLYGON((-1555239 8339610,-1498728 8344268,-1493949 8286415,-1550306 8281611,-1555239 8339610))
28356;POLYGON((-2246080 8271571,-2187509 8278148,-2180743 8218225,-2239131 8211443,-2246080 8271571))
28357;POLYGON((-2966296 8177974,-2904932 8186884,-2895759 8124146,-2956897 8114964,-2966296 8177974))
28358;POLYGON((-3725518 8052646,-3660494 8064500,-3648288 7998072,-3713024 7985865,-3725518 8052646))
3113;POLYGON((-2697151 1469307,-2638558 1475887,-2631789 1415940,-2690200 1409155,-2697151 1469307))
3111;POLYGON((564656 4913317,621857 4923331,631954 4864751,575061 4854790,564656 4913317))
3107;POLYGON((239766 3967971,296014 3971360,299351 3913754,243369 3910382,239766 3967971))
3308;POLYGON((7181691 6449324,7237596 6459329,7247703 6402064,7192073 6392108,7181691 6449324))
3112;POLYGON((-627830 -1669217,-573269 -1666827,-570933 -1722720,-625271 -1725100,-627830 -1669217))
3577;POLYGON((-409200 -1515424,-354653 -1513929,-353260 -1568662,-407594 -1570150,-409200 -1515424))
