4326;POLYGON((127.75 -24.5,128.25 -24.5,128.25 -25.0,127.75 -25.0,127.75 -24.5))
28348;POLYGON((2845312 7090190,2898710 7080783,2888199 7022394,2835076 7031931,2845312 7090190))
28349;POLYGON((2213073 7184537,2265217 7177923,2257802 7120905,2205897 7127614,2213073 7184537))
28350;POLYGON((1593359 7247540,1644636 7243406,1639966 7187343,1588907 7191538,1593359 7247540))
28351;POLYGON((981607 7282123,1032391 7280280,1030256 7224766,979676 7226636,981607 7282123))
28352;POLYGON((373350 7289841,424012 7290208,424316 7234842,373856 7234470,373350 7289841))
28353;POLYGON((-235824 7271039,-184917 7273631,-182161 7218017,-232860 7215386,-235824 7271039))
28354;POLYGON((-850347 7224877,-798823 7229811,-793492 7173548,-844792 7168541,-850347 7224877))
28355;POLYGON((-1474717 7149255,-1422198 7156759,-1414048 7099437,-1466316 7091827,-1474717 7149255))
28356;POLYGON((-2113552 7040607,-2059649 7051040,-2048290 6992243,-2101904 6981668,-2113552 7040607))
28357;POLYGON((-2771596 6893545,-2715907 6907438,-2700769 6846744,-2756109 6832674,-2771596 6893545))
28358;POLYGON((-3453684 6700317,-3395806 6718424,-3376075 6655424,-3433524 6637108,-3453684 6700317))
3113;POLYGON((-2564572 237863,-2510647 248300,-2499284 189481,-2552919 178901,-2564572 237863))
3111;POLYGON((721548 3734710,772557 3743917,782463 3688193,731748 3679039,721548 3734710))
3107;POLYGON((261337 2806718,312211 2810019,315688 2754442,265072 2751158,261337 2806718))
3308;POLYGON((7339733 5291454,7390094 5300716,7400078 5245688,7349981 5236474,7339733 5291454))
3112;POLYGON((-626093 -2802677,-576042 -2800285,-573538 -2854981,-623371 -2857362,-626093 -2802677))
3577;POLYGON((-425920 -2653641,-375827 -2652072,-374183 -2708063,-424057 -2709625,-425920 -2653641))
