4326;POLYGON((128.5 -22.25,129.0 -22.25,129.0 -22.75,128.5 -22.75,128.5 -22.25))
28348;POLYGON((2971008 7339849,3025798 7330712,3015753 7271813,2961224 7281099,2971008 7339849))
28349;POLYGON((2323510 7431739,2376834 7425272,2369703 7367950,2316603 7374526,2323510 7431739))
28350;POLYGON((1690685 7493832,1742989 7489712,1738415 7433495,1686313 7437687,1690685 7493832))
28351;POLYGON((1067339 7529168,1119046 7527196,1116811 7471634,1065293 7473640,1067339 7529168))
28352;POLYGON((448480 7539416,500000 7539501,500000 7484154,448664 7484068,448480 7539416))
28353;POLYGON((-170786 7525051,-119046 7527196,-116811 7471634,-168361 7469450,-170786 7525051))
28354;POLYGON((-795360 7485405,-742989 7489712,-738415 7433495,-790584 7429114,-795360 7485405))
28355;POLYGON((-1430263 7418598,-1376834 7425272,-1369703 7367950,-1422905 7361162,-1430263 7418598))
28356;POLYGON((-2080731 7321334,-2025798 7330712,-2015753 7271813,-2070423 7262281,-2080731 7321334))
28357;POLYGON((-2752307 7188555,-2695394 7201139,-2681904 7140165,-2738499 7127385,-2752307 7188555))
28358;POLYGON((-3450899 7012879,-3391500 7029389,-3373798 6965824,-3432802 6949074,-3450899 7012879))
3113;POLYGON((-2531738 518700,-2476783 528082,-2466735 469159,-2521425 459623,-2531738 518700))
3111;POLYGON((753939 4000536,806343 4009569,815889 3953305,763781 3944323,753939 4000536))
3107;POLYGON((322539 3062486,374595 3065501,377703 3009610,325905 3006610,322539 3062486))
3308;POLYGON((7370796 5553872,7422413 5562983,7432059 5507552,7380708 5498489,7370796 5553872))
3112;POLYGON((-561805 -2552734,-510760 -2550600,-508578 -2605422,-559405 -2607547,-561805 -2552734))
3577;POLYGON((-357672 -2399782,-306586 -2398482,-305275 -2454329,-356142 -2455623,-357672 -2399782))
