4326;POLYGON((128.0 -40.0,128.5 -40.0,128.5 -40.5,128.0 -40.5,128.0 -40.0))
28348;POLYGON((2471424 5310178,2514591 5298252,2498824 5242154,2456037 5254098,2471424 5310178))
28349;POLYGON((1954618 5431263,1997600 5422683,1986215 5366806,1943582 5375405,1954618 5431263))
28350;POLYGON((1439944 5513852,1482762 5508377,1475443 5452702,1432953 5458191,1439944 5513852))
28351;POLYGON((926893 5560253,969604 5557730,966148 5502190,923754 5504720,926893 5560253))
28352;POLYGON((414639 5571763,457320 5572123,457632 5516625,415265 5516265,414639 5571763))
28353;POLYGON((-97776 5548706,-55045 5551957,-50955 5496401,-93368 5493141,-97776 5548706))
28354;POLYGON((-611288 5490436,-568434 5496670,-560454 5440965,-602976 5434715,-611288 5490436))
28355;POLYGON((-1126638 5395323,-1083610 5404714,-1071519 5348800,-1114191 5339390,-1126638 5395323))
28356;POLYGON((-1644180 5260710,-1600969 5273520,-1584433 5217389,-1627255 5204562,-1644180 5260710))
28357;POLYGON((-2163629 5082846,-2120291 5099431,-2098858 5043162,-2141763 5026572,-2163629 5082846))
28358;POLYGON((-2683730 4856828,-2640417 4877643,-2613507 4821444,-2656333 4800649,-2683730 4856828))
3113;POLYGON((-2095016 -1542728,-2051789 -1529912,-2035247 -1586065,-2078085 -1598897,-2095016 -1542728))
3111;POLYGON((1054229 2037448,1096318 2044931,1105907 1990163,1064105 1982731,1054229 2037448))
3107;POLYGON((398139 1092056,441076 1094742,444441 1038867,401764 1036197,398139 1092056))
3308;POLYGON((7676504 3601850,7718774 3609520,7728620 3554501,7686614 3546880,7676504 3601850))
3112;POLYGON((-519446 -4509755,-476188 -4507775,-473722 -4564090,-516756 -4566061,-519446 -4509755))
3577;POLYGON((-346795 -4379511,-303457 -4378238,-301961 -4432828,-345085 -4434094,-346795 -4379511))
