4326;POLYGON((128.0 -27.0,128.5 -27.0,128.5 -27.5,128.0 -27.5,128.0 -27.0))
28348;POLYGON((2818305 6794556,2870336 6784400,2858759 6726293,2807025 6736564,2818305 6794556))
28349;POLYGON((2201330 6896725,2252271 6889540,2244054 6832646,2193374 6839915,2201330 6896725))
28350;POLYGON((1595339 6965442,1645513 6960910,1640292 6904875,1590356 6909463,1595339 6965442))
28351;POLYGON((996448 7003714,1046179 7001639,1043731 6946108,994225 6948209,996448 7003714))
28352;POLYGON((400781 7013171,450392 7013466,450613 6958083,401224 6957785,400781 7013171))
28353;POLYGON((-195529 6994212,-145717 6996889,-142817 6941299,-192402 6938589,-195529 6994212))
28354;POLYGON((-796355 6946037,-746019 6951209,-740318 6895056,-790411 6889821,-796355 6946037))
28355;POLYGON((-1405576 6866578,-1354392 6874469,-1345645 6817397,-1396559 6809413,-1405576 6866578))
28356;POLYGON((-2027071 6752318,-1974717 6763284,-1962533 6704942,-2014578 6693854,-2027071 6752318))
28357;POLYGON((-2664656 6597982,-2610819 6612540,-2594629 6552592,-2648100 6537886,-2664656 6597982))
28358;POLYGON((-3321963 6396061,-3266351 6414937,-3245357 6353091,-3300524 6334046,-3321963 6396061))
3113;POLYGON((-2478057 -50537,-2425683 -39567,-2413494 -97932,-2465559 -109024,-2478057 -50537))
3111;POLYGON((797153 3461739,846726 3470552,856413 3415222,807130 3406460,797153 3461739))
3107;POLYGON((304768 2531048,354366 2534151,357700 2478793,308359 2475707,304768 2531048))
3308;POLYGON((7415380 5021680,7464449 5030583,7474252 4975804,7425446 4966949,7415380 5021680))
3112;POLYGON((-588008 -3074810,-539040 -3072568,-536646 -3127241,-585396 -3129473,-588008 -3074810))
3577;POLYGON((-392101 -2932959,-343101 -2931520,-341565 -2987590,-390345 -2989022,-392101 -2932959))
