4326;POLYGON((128.25 -20.5,128.75 -20.5,128.75 -21.0,128.25 -21.0,128.25 -20.5))
28348;POLYGON((2975924 7550171,3031512 7541699,3022299 7482653,2966953 7491284,2975924 7550171))
28349;POLYGON((2319563 7635183,2373583 7629215,2367073 7571838,2313260 7577922,2319563 7635183))
28350;POLYGON((1678804 7692290,1731745 7688517,1727601 7632297,1674847 7636144,1678804 7692290))
28351;POLYGON((1048005 7724377,1100323 7722612,1098342 7667067,1046198 7668867,1048005 7724377))
28352;POLYGON((421795 7733007,473932 7733167,474017 7677832,422051 7677669,421795 7733007))
28353;POLYGON((-205068 7718595,-152677 7720685,-150520 7665102,-202735 7662969,-205068 7718595))
28354;POLYGON((-837845 7680447,-784757 7684570,-780426 7628272,-833324 7624068,-837845 7680447))
28355;POLYGON((-1481962 7616692,-1427715 7623052,-1420994 7565556,-1475028 7559073,-1481962 7616692))
28356;POLYGON((-2143152 7524069,-2087253 7532999,-2077795 7473790,-2133444 7464692,-2143152 7524069))
28357;POLYGON((-2827603 7397558,-2769516 7409556,-2756796 7348077,-2814581 7335864,-2827603 7397558))
28358;POLYGON((-3542091 7229788,-3481225 7245578,-3464484 7181229,-3524971 7165172,-3542091 7229788))
3113;POLYGON((-2594183 721514,-2538263 730448,-2528800 671215,-2584472 662114,-2594183 721514))
3111;POLYGON((692629 4193496,746047 4202849,755813 4146192,702692 4136892,692629 4193496))
3107;POLYGON((284243 3257055,337200 3260245,340454 3204077,287756 3200902,284243 3257055))
3308;POLYGON((7309723 5743678,7362249 5753078,7372084 5697356,7319825 5688003,7309723 5743678))
3112;POLYGON((-596122 -2361736,-544317 -2359468,-542019 -2414430,-593606 -2416689,-596122 -2361736))
3577;POLYGON((-388941 -2205443,-337094 -2204022,-335677 -2259697,-387306 -2261112,-388941 -2205443))
