4326;POLYGON((127.75 -43.5,128.25 -43.5,128.25 -44.0,127.75 -44.0,127.75 -43.5))
28348;POLYGON((2340669 4925095,2381133 4913268,2364626 4857725,2324556 4869544,2340669 4925095))
28349;POLYGON((1854942 5045291,1895421 5036771,1883483 4981183,1843371 4989703,1854942 5045291))
28350;POLYGON((1369326 5127179,1409782 5121765,1402138 5066195,1362030 5071611,1369326 5127179))
28351;POLYGON((884033 5172687,924464 5170252,920934 5114711,880842 5117148,884033 5172687))
28352;POLYGON((398944 5182899,439366 5183385,439869 5127853,399782 5127367,398944 5182899))
28353;POLYGON((-86202 5158058,-45765 5161476,-41218 5105928,-81315 5102508,-86202 5158058))
28354;POLYGON((-571629 5097571,-531164 5104003,-522466 5048426,-562578 5041992,-571629 5097571))
28355;POLYGON((-1057343 5000006,-1016862 5009602,-1003812 4954017,-1043918 4944422,-1057343 5000006))
28356;POLYGON((-1542931 4863074,-1502491 4876059,-1484788 4820546,-1524823 4807573,-1542931 4863074))
28357;POLYGON((-2027306 4683631,-1987031 4700300,-1964278 4645032,-2004112 4628395,-2027306 4683631))
28358;POLYGON((-2508389 4457696,-2468498 4478411,-2440209 4423695,-2479614 4403045,-2508389 4457696))
3113;POLYGON((-1993728 -1940519,-1953273 -1927528,-1935562 -1983063,-1975613 -1996041,-1993728 -1940519))
3111;POLYGON((1103499 1649902,1143553 1657131,1153345 1602051,1113581 1594874,1103499 1649902))
3107;POLYGON((403079 697809,444190 700476,447727 643935,406878 641285,403079 697809))
3308;POLYGON((7727371 3211713,7767773 3219144,7777856 3163568,7737720 3156187,7727371 3211713))
3112;POLYGON((-521311 -4907828,-479637 -4905836,-477012 -4963175,-518458 -4965155,-521311 -4907828))
3577;POLYGON((-355845 -4759311,-313994 -4758000,-312422 -4811541,-354064 -4812845,-355845 -4759311))
