4326;POLYGON((128.25 -34.5,128.75 -34.5,128.75 -35.0,128.25 -35.0,128.25 -34.5))
28348;POLYGON((2654782 5926374,2701984 5914743,2687679 5857740,2640829 5869430,2654782 5926374))
28349;POLYGON((2092077 6044164,2138725 6035831,2128441 5979482,2082110 5987863,2092077 6044164))
28350;POLYGON((1535165 6124396,1581396 6119068,1574773 6063217,1528835 6068578,1535165 6124396))
28351;POLYGON((982210 6169868,1028188 6167360,1025000 6111816,979302 6114340,982210 6169868))
28352;POLYGON((431146 6182147,477049 6182374,477187 6126928,431560 6126699,431146 6182147))
28353;POLYGON((-120188 6161653,-74180 6164622,-70712 6109060,-116438 6106072,-120188 6161653))
28354;POLYGON((-673945 6107684,-627655 6113498,-620738 6057612,-666731 6051763,-673945 6107684))
28355;POLYGON((-1232146 6018376,-1185414 6027236,-1174811 5970837,-1221220 5961928,-1232146 6018376))
28356;POLYGON((-1796542 5890602,-1749237 5902820,-1734576 5845757,-1781522 5833478,-1796542 5890602))
28357;POLYGON((-2368402 5719805,-2320444 5735821,-2301205 5678006,-2348753 5661926,-2368402 5719805))
28358;POLYGON((-2948225 5499773,-2899609 5520174,-2875095 5461626,-2923234 5441169,-2948225 5499773))
3113;POLYGON((-2247438 -912590,-2200114 -900367,-2185448 -957452,-2232412 -969736,-2247438 -912590))
3111;POLYGON((968398 2642343,1013666 2650268,1023094 2595573,978113 2587698,968398 2642343))
3107;POLYGON((381408 1703983,427176 1706740,430379 1651436,384867 1648695,381408 1703983))
3308;POLYGON((7588454 4207457,7633623 4215540,7643259 4160950,7598350 4152913,7588454 4207457))
3112;POLYGON((-525856 -3896375,-480158 -3894374,-477849 -3949612,-523328 -3951604,-525856 -3896375))
3577;POLYGON((-342959 -3771494,-297242 -3770242,-295826 -3825882,-341326 -3827129,-342959 -3771494))
