4326;POLYGON((128.0 -25.75,128.5 -25.75,128.5 -26.25,128.0 -26.25,128.0 -25.75))
28348;POLYGON((2845719 6939832,2898477 6929976,2887359 6871693,2834889 6881671,2845719 6939832))
28349;POLYGON((2220646 7038891,2272224 7031930,2264344 6974948,2213018 6982000,2220646 7038891))
28350;POLYGON((1607429 7105437,1658181 7101050,1653180 7044985,1602656 7049431,1607429 7105437))
28351;POLYGON((1001841 7142472,1052118 7140465,1049774 7084935,999713 7086969,1001841 7142472))
28352;POLYGON((399708 7151621,449855 7151906,450067 7096533,400131 7096244,399708 7151621))
28353;POLYGON((-203115 7133279,-152752 7135869,-149975 7080276,-200121 7077651,-203115 7133279))
28354;POLYGON((-810779 7086652,-759854 7091659,-754392 7035468,-805084 7030393,-810779 7086652))
28355;POLYGON((-1427476 7009676,-1375636 7017325,-1367246 6960153,-1418827 6952405,-1427476 7009676))
28356;POLYGON((-2057449 6898836,-2004340 6909482,-1992636 6850945,-2045446 6840168,-2057449 6898836))
28357;POLYGON((-2704976 6748830,-2650241 6762994,-2634654 6702713,-2689033 6688387,-2704976 6748830))
28358;POLYGON((-3374283 6552062,-3317575 6570481,-3297304 6508105,-3353577 6489497,-3374283 6552062))
3113;POLYGON((-2508447 96037,-2455317 106687,-2443608 48127,-2496439 37346,-2508447 96037))
3111;POLYGON((772148 3600275,822449 3609218,832171 3553690,782161 3544800,772148 3600275))
3107;POLYGON((295780 2669575,346018 2672718,349359 2617259,299377 2614132,295780 2669575))
3308;POLYGON((7390177 5158721,7439901 5167743,7449727 5112840,7400265 5103866,7390177 5158721))
3112;POLYGON((-594537 -2938157,-545026 -2935890,-542631 -2990563,-591926 -2992820,-594537 -2938157))
3577;POLYGON((-396489 -2792842,-346941 -2791387,-345405 -2847431,-394734 -2848879,-396489 -2792842))
