4326;POLYGON((128.25 -38.75,128.75 -38.75,128.75 -39.25,128.25 -39.25,128.25 -38.75))
28348;POLYGON((2531333 5444816,2575450 5432803,2559850 5376492,2516108 5388532,2531333 5444816))
28349;POLYGON((2003660 5566850,2047513 5558194,2036231 5502201,1992721 5510883,2003660 5566850))
28350;POLYGON((1478922 5650375,1522555 5644818,1515260 5589097,1471949 5594673,1478922 5650375))
28351;POLYGON((956341 5697858,999832 5695237,996312 5639693,953129 5642324,956341 5697858))
28352;POLYGON((434827 5710698,478276 5710935,478428 5655450,435284 5655212,434827 5710698))
28353;POLYGON((-86840 5689272,-43332 5692375,-39503 5636821,-82701 5633707,-86840 5689272))
28354;POLYGON((-609867 5632951,-566203 5639010,-558586 5583270,-601926 5577190,-609867 5632951))
28355;POLYGON((-1135283 5540073,-1091387 5549269,-1079759 5493250,-1123307 5484029,-1135283 5540073))
28356;POLYGON((-1663753 5407893,-1619590 5420497,-1603612 5364159,-1647392 5351529,-1663753 5407893))
28357;POLYGON((-2195341 5232496,-2150936 5248881,-2130139 5192263,-2174117 5175861,-2195341 5232496))
28358;POLYGON((-2729174 5008701,-2684646 5029349,-2658426 4972616,-2702471 4951971,-2729174 5008701))
3113;POLYGON((-2114597 -1395487,-2070417 -1382878,-2054433 -1439238,-2098230 -1451872,-2114597 -1395487))
3111;POLYGON((1050959 2177953,1093787 2185451,1103220 2130725,1060680 2123277,1050959 2177953))
3107;POLYGON((410888 1232770,454475 1235395,457701 1179694,414372 1177084,410888 1232770))
3308;POLYGON((7672738 3742929,7715683 3750615,7725371 3695723,7682688 3688084,7672738 3742929))
3112;POLYGON((-504240 -4368499,-460419 -4366580,-458078 -4422600,-501675 -4424509,-504240 -4368499))
3577;POLYGON((-329149 -4241858,-285272 -4240656,-283876 -4295547,-327537 -4296743,-329149 -4241858))
