4326;POLYGON((128.0 -15.75,128.5 -15.75,128.5 -16.25,128.0 -16.25,128.0 -15.75))
28348;POLYGON((3022347 8115667,3079889 8108950,3072753 8049464,3015402 8056366,3022347 8115667))
28349;POLYGON((2344409 8182823,2400113 8178125,2395107 8120553,2339566 8125381,2344409 8182823))
28350;POLYGON((1684615 8227573,1739073 8224632,1735917 8168362,1681604 8171386,1684615 8227573))
28351;POLYGON((1036202 8252355,1089957 8251014,1088484 8195489,1034864 8196868,1036202 8252355))
28352;POLYGON((392871 8258464,446437 8258654,446570 8203345,393137 8203149,392871 8258464))
28353;POLYGON((-251470 8246212,-197588 8247943,-195841 8192331,-249586 8190551,-251470 8246212))
28354;POLYGON((-902960 8214969,-848242 8218331,-844792 8161884,-899361 8158428,-902960 8214969))
28355;POLYGON((-1568020 8163085,-1511914 8168258,-1506576 8110411,-1562512 8105094,-1568020 8163085))
28356;POLYGON((-2253629 8087681,-2195525 8094959,-2187997 8035091,-2245900 8027613,-2253629 8087681))
28357;POLYGON((-2967623 7984279,-2906828 7994110,-2896651 7931514,-2957198 7921421,-2967623 7984279))
28358;POLYGON((-3719050 7846206,-3654753 7859250,-3641250 7793106,-3705230 7779725,-3719050 7846206))
3113;POLYGON((-2704703 1285345,-2646577 1292627,-2639046 1232735,-2696971 1225254,-2704703 1285345))
3111;POLYGON((567656 4733233,623911 4743234,634070 4685205,578120 4675258,567656 4733233))
3107;POLYGON((222830 3793852,278272 3797320,281717 3740129,226539 3736677,222830 3793852))
3308;POLYGON((7185231 6273088,7240292 6283078,7250459 6226268,7195670 6216327,7185231 6273088))
3112;POLYGON((-647111 -1837835,-593221 -1835368,-590786 -1890973,-644454 -1893431,-647111 -1837835))
3577;POLYGON((-431321 -1680699,-377421 -1679116,-375913 -1734117,-429599 -1735693,-431321 -1680699))
