4326;POLYGON((127.75 -32.75,128.25 -32.75,128.25 -33.25,127.75 -33.25,127.75 -32.75))
28348;POLYGON((2654019 6137388,2702367 6126280,2688972 6069069,2640962 6080249,2654019 6137388))
28349;POLYGON((2078338 6249408,2126020 6241519,2116473 6185085,2069094 6193029,2078338 6249408))
28350;POLYGON((1509500 6324826,1556697 6319862,1550644 6263998,1503727 6268999,1509500 6324826))
28351;POLYGON((945185 6366430,992098 6364210,989320 6308684,942673 6310922,945185 6366430))
28352;POLYGON((382898 6375736,429740 6376178,430135 6320746,383556 6320300,382898 6375736))
28353;POLYGON((-179924 6353080,-132939 6356201,-129356 6300613,-176071 6297468,-179924 6353080))
28354;POLYGON((-745828 6297641,-698491 6303554,-691590 6247568,-738641 6241611,-745828 6297641))
28355;POLYGON((-1317250 6207389,-1269365 6216312,-1258895 6159701,-1306467 6150716,-1317250 6207389))
28356;POLYGON((-1896394 6078959,-1847790 6091229,-1833360 6033797,-1881611 6021452,-1896394 6078959))
28357;POLYGON((-2485041 5907442,-2435592 5923532,-2416650 5865143,-2465693 5848969,-2485041 5907442))
28358;POLYGON((-3084277 5686091,-3033927 5706643,-3009728 5647258,-3059599 5626626,-3084277 5686091))
3113;POLYGON((-2347329 -724159,-2298706 -711885,-2284270 -769339,-2332541 -781688,-2347329 -724159))
3111;POLYGON((888139 2825409,934369 2833753,944097 2779034,898154 2770742,888139 2825409))
3107;POLYGON((322662 1894293,369312 1897319,372767 1842102,326372 1839091,322662 1894293))
3308;POLYGON((7507790 4389803,7553833 4398271,7563723 4343761,7517941 4335341,7507790 4389803))
3112;POLYGON((-581141 -3705805,-534683 -3703585,-532165 -3758594,-578403 -3760803,-581141 -3705805))
3577;POLYGON((-395166 -3577770,-348690 -3576315,-347051 -3632146,-393308 -3633595,-395166 -3577770))
