4326;POLYGON((128.5 -31.5,129.0 -31.5,129.0 -32.0,128.5 -32.0,128.5 -31.5))
28348;POLYGON((2759754 6264073,2809039 6252735,2795553 6195213,2746603 6206634,2759754 6264073))
28349;POLYGON((2173583 6378808,2222089 6370692,2212404 6314067,2164195 6322247,2173583 6378808))
28350;POLYGON((1595431 6457060,1643367 6451849,1637106 6395888,1589443 6401143,1595431 6457060))
28351;POLYGON((1022670 6501850,1070261 6499346,1067189 6443791,1019856 6446317,1022670 6501850))
28352;POLYGON((452517 6514875,500000 6514983,500000 6459564,452772 6459455,452517 6514875))
28353;POLYGON((-117873 6496622,-70261 6499346,-67189 6443791,-114540 6441043,-117873 6496622))
28354;POLYGON((-691342 6446406,-643367 6451849,-637106 6395888,-684807 6390399,-691342 6446406))
28355;POLYGON((-1270653 6362321,-1222089 6370692,-1212404 6314067,-1260668 6305630,-1270653 6362321))
28356;POLYGON((-1858398 6241110,-1809039 6252735,-1795553 6195213,-1844574 6183503,-1858398 6241110))
28357;POLYGON((-2456834 6077941,-2406509 6093291,-2388684 6034685,-2438616 6019238,-2456834 6077941))
28358;POLYGON((-3067649 5866091,-3016248 5885808,-2993345 5826014,-3044282 5806197,-3067649 5866091))
3113;POLYGON((-2309318 -561945,-2259940 -550315,-2246449 -607860,-2295488 -619574,-2309318 -561945))
3111;POLYGON((933515 2974834,980529 2982938,989840 2928062,943113 2920008,933515 2974834))
3107;POLYGON((384327 2036780,431636 2039520,434706 1984298,387653 1981572,384327 2036780))
3308;POLYGON((7552468 4538766,7599224 4547018,7608724 4492431,7562229 4484224,7552468 4538766))
3112;POLYGON((-517465 -3565233,-470449 -3563267,-468263 -3618166,-515061 -3620122,-517465 -3565233))
3577;POLYGON((-329280 -3435884,-282249 -3434687,-280935 -3490630,-327747 -3491821,-329280 -3435884))
