4326;POLYGON((128.5 -41.0,129.0 -41.0,129.0 -41.5,128.5 -41.5,128.5 -41.0))
28348;POLYGON((2482918 5186137,2525332 5173888,2508902 5117941,2466875 5130199,2482918 5186137))
28349;POLYGON((1974720 5310970,2017012 5302086,2005053 5246279,1963119 5255175,1974720 5310970))
28350;POLYGON((1468050 5397042,1510217 5391287,1502417 5335630,1460585 5341396,1468050 5397042))
28351;POLYGON((962657 5446650,1004738 5443870,1000888 5388323,959131 5391109,962657 5446650))
28352;POLYGON((457949 5461122,500000 5461242,500000 5405735,458268 5405615,457949 5461122))
28353;POLYGON((-46823 5440846,-4738 5443870,-888 5388323,-42650 5385292,-46823 5440846))
28354;POLYGON((-552394 5385278,-510217 5391287,-502417 5335630,-544256 5329610,-552394 5385278))
28355;POLYGON((-1059314 5292933,-1017012 5302086,-1005053 5246279,-1046997 5237112,-1059314 5292933))
28356;POLYGON((-1567754 5161346,-1525332 5173888,-1508902 5117941,-1550933 5105390,-1567754 5161346))
28357;POLYGON((-2077259 4987034,-2034786 5003296,-2013457 4947305,-2055499 4931048,-2077259 4987034))
28358;POLYGON((-2586424 4765455,-2544063 4785855,-2517292 4730046,-2559171 4709676,-2586424 4765455))
3113;POLYGON((-2018561 -1642130,-1976122 -1629583,-1959685 -1685552,-2001734 -1698108,-2018561 -1642130))
3111;POLYGON((1115502 1935359,1157054 1942522,1166367 1887630,1125103 1880517,1115502 1935359))
3107;POLYGON((447812 982911,490243 985368,493359 929311,451188 926869,447812 982911))
3308;POLYGON((7738479 3499415,7780258 3506789,7789866 3451582,7748351 3444255,7738479 3499415))
3112;POLYGON((-471250 -4620535,-428433 -4618745,-426180 -4675335,-468772 -4677115,-471250 -4620535))
3577;POLYGON((-300469 -4487286,-257553 -4486195,-256277 -4540522,-298980 -4541609,-300469 -4487286))
