4326;POLYGON((128.5 -16.0,129.0 -16.0,129.0 -16.5,128.5 -16.5,128.5 -16.0))
28348;POLYGON((3076347 8079201,3133976 8072204,3126536 8012556,3069105 8019740,3076347 8079201))
28349;POLYGON((2397629 8149336,2453380 8144414,2448132 8086719,2392547 8091775,2397629 8149336))
28350;POLYGON((1737507 8196496,1791976 8193372,1788623 8137020,1734303 8140230,1737507 8196496))
28351;POLYGON((1089226 8223252,1142953 8221760,1141318 8166193,1087730 8167726,1089226 8223252))
28352;POLYGON((446503 8231000,500000 8231064,500000 8175756,446638 8175689,446503 8231000))
28353;POLYGON((-196721 8220137,-142953 8221760,-141318 8166193,-194948 8164525,-196721 8220137))
28354;POLYGON((-846530 8190106,-791976 8193372,-788623 8137020,-843028 8133664,-846530 8190106))
28355;POLYGON((-1509265 8139331,-1453380 8144414,-1448132 8086719,-1503847 8081498,-1509265 8139331))
28356;POLYGON((-2191789 8065018,-2133976 8072204,-2126536 8012556,-2184150 8005177,-2191789 8065018))
28357;POLYGON((-2901776 7962800,-2841356 7972526,-2831278 7910233,-2891452 7900253,-2901776 7962800))
28358;POLYGON((-3648049 7826158,-3584232 7839068,-3570853 7773332,-3634356 7760095,-3648049 7826158))
3113;POLYGON((-2642839 1262674,-2585003 1269863,-2577561 1210191,-2635197 1202809,-2642839 1262674))
3111;POLYGON((628994 4714198,685148 4723878,694988 4665880,639139 4656253,628994 4714198))
3107;POLYGON((279996 3768709,335321 3771913,338498 3714770,283437 3711581,279996 3768709))
3308;POLYGON((7245378 6254656,7300350 6264358,7310233 6207569,7255533 6197915,7245378 6254656))
3112;POLYGON((-592003 -1863182,-538214 -1860933,-536002 -1916505,-589569 -1918744,-592003 -1863182))
3577;POLYGON((-376667 -1706606,-322868 -1705237,-321575 -1760286,-375159 -1761649,-376667 -1706606))
