4326;POLYGON((128.0 -33.5,128.5 -33.5,128.5 -34.0,128.0 -34.0,128.0 -33.5))
28348;POLYGON((2658286 6046135,2706155 6034777,2692346 5977647,2644822 5989071,2658286 6046135))
28349;POLYGON((2088035 6160899,2135284 6152799,2125401 6096395,2078461 6104548,2088035 6160899))
28350;POLYGON((1524196 6238610,1570987 6233473,1564672 6177610,1518166 6182784,1524196 6238610))
28351;POLYGON((964658 6282073,1011178 6279713,1008207 6224178,961960 6226555,964658 6282073))
28352;POLYGON((407112 6292833,453557 6293168,453825 6237731,407650 6237393,407112 6292833))
28353;POLYGON((-150833 6271271,-104264 6274313,-100746 6218739,-147040 6215675,-150833 6271271))
28354;POLYGON((-711555 6216623,-664665 6222480,-657775 6166542,-704373 6160645,-711555 6216623))
28355;POLYGON((-1277311 6126939,-1229921 6135821,-1219412 6079307,-1266485 6070369,-1277311 6126939))
28356;POLYGON((-1850110 5998961,-1802066 6011193,-1787558 5953927,-1835247 5941626,-1850110 5998961))
28357;POLYGON((-2431513 5827939,-2382708 5843981,-2363662 5785847,-2412059 5769730,-2431513 5827939))
28358;POLYGON((-3022348 5607365,-2972750 5627834,-2948443 5568819,-2997563 5548281,-3022348 5607365))
3113;POLYGON((-2301027 -804189,-2252964 -791951,-2238450 -849239,-2286158 -861546,-2301027 -804189))
3111;POLYGON((926054 2747582,971875 2755728,981453 2701022,935919 2692927,926054 2747582))
3107;POLYGON((351359 1813013,397633 1815908,400961 1760659,354943 1757780,351359 1813013))
3308;POLYGON((7545838 4312333,7591509 4320620,7601271 4266078,7555860 4257839,7545838 4312333))
3112;POLYGON((-553970 -3787198,-507837 -3785086,-505424 -3840187,-551338 -3842289,-553970 -3787198))
3577;POLYGON((-369306 -3660743,-323155 -3659388,-321627 -3715146,-367560 -3716494,-369306 -3660743))
