4326;POLYGON((128.5 -15.75,129.0 -15.75,129.0 -16.25,128.5 -16.25,128.5 -15.75))
28348;POLYGON((3079889 8108950,3137614 8102048,3130283 8042374,3072753 8049464,3079889 8108950))
28349;POLYGON((2400113 8178125,2455947 8173271,2450775 8115563,2395107 8120553,2400113 8178125))
28350;POLYGON((1739073 8224632,1793615 8221552,1790312 8165195,1735917 8168362,1739073 8224632))
28351;POLYGON((1089957 8251014,1143751 8249544,1142142 8193977,1088484 8195489,1089957 8251014))
28352;POLYGON((446437 8258654,500000 8258717,500000 8203410,446570 8203345,446437 8258654))
28353;POLYGON((-197588 8247943,-143751 8249544,-142142 8193977,-195841 8192331,-197588 8247943))
28354;POLYGON((-848242 8218331,-793615 8221552,-790312 8165195,-844792 8161884,-848242 8218331))
28355;POLYGON((-1511914 8168258,-1455947 8173271,-1450775 8115563,-1506576 8110411,-1511914 8168258))
28356;POLYGON((-2195525 8094959,-2137614 8102048,-2130283 8042374,-2187997 8035091,-2195525 8094959))
28357;POLYGON((-2906828 7994110,-2846287 8003707,-2836352 7941368,-2896651 7931514,-2906828 7994110))
28358;POLYGON((-3654753 7859250,-3590783 7871994,-3577589 7806181,-3641250 7793106,-3654753 7859250))
3113;POLYGON((-2646577 1292627,-2588643 1299718,-2581309 1240021,-2639046 1232735,-2646577 1292627))
3111;POLYGON((623911 4743234,680217 4752939,690072 4694858,634070 4685205,623911 4743234))
3107;POLYGON((278272 3797320,333730 3800532,336911 3743326,281717 3740129,278272 3797320))
3308;POLYGON((7240292 6283078,7295400 6292804,7305295 6235947,7250459 6226268,7240292 6283078))
3112;POLYGON((-593221 -1835368,-539321 -1833115,-537107 -1888730,-590786 -1890973,-593221 -1835368))
3577;POLYGON((-377421 -1679116,-323514 -1677744,-322222 -1732751,-375913 -1734117,-377421 -1679116))
