4326;POLYGON((128.25 -38.0,128.75 -38.0,128.75 -38.5,128.25 -38.5,128.25 -38.0))
28348;POLYGON((2553900 5529389,2598576 5517424,2583196 5460990,2538891 5472987,2553900 5529389))
28349;POLYGON((2019861 5650876,2064223 5642262,2053112 5586206,2009088 5594849,2019861 5650876))
28350;POLYGON((1489244 5733955,1533352 5728429,1526173 5672685,1482381 5678232,1489244 5733955))
28351;POLYGON((961093 5781158,1005040 5778553,1001578 5723009,957933 5725625,961093 5781158))
28352;POLYGON((434151 5793919,478050 5794155,478200 5738676,434601 5738440,434151 5793919))
28353;POLYGON((-92965 5772624,-48997 5775708,-45231 5720153,-88893 5717056,-92965 5772624))
28354;POLYGON((-621623 5716628,-577478 5722654,-569981 5666887,-613807 5660838,-621623 5716628))
28355;POLYGON((-1153022 5624229,-1108610 5633381,-1097158 5577295,-1141226 5568113,-1153022 5624229))
28356;POLYGON((-1688010 5492607,-1643280 5505164,-1627524 5448698,-1671877 5436109,-1688010 5492607))
28357;POLYGON((-2226847 5317724,-2181806 5334072,-2161270 5277243,-2205887 5260869,-2226847 5317724))
28358;POLYGON((-2768878 5094204,-2723625 5114845,-2697686 5057795,-2742456 5037147,-2768878 5094204))
3113;POLYGON((-2138864 -1310740,-2094116 -1298178,-2078354 -1354666,-2122724 -1367260,-2138864 -1310740))
3111;POLYGON((1036385 2259932,1079643 2267506,1089071 2212807,1046100 2205284,1036385 2259932))
3107;POLYGON((405670 1316180,449643 1318829,452864 1263222,409148 1260589,405670 1316180))
3308;POLYGON((7657829 3825099,7701167 3832856,7710842 3778041,7667766 3770331,7657829 3825099))
3112;POLYGON((-508077 -4284690,-463923 -4282757,-461588 -4338612,-505520 -4340536,-508077 -4284690))
3577;POLYGON((-331572 -4159327,-287373 -4158116,-285972 -4213169,-329956 -4214374,-331572 -4159327))
