4326;POLYGON((128.5 -34.5,129.0 -34.5,129.0 -35.0,128.5 -35.0,128.5 -34.5))
28348;POLYGON((2678376 5920595,2725604 5908818,2711122 5851785,2664248 5863621,2678376 5920595))
28349;POLYGON((2115396 6040030,2162064 6031566,2151621 5975193,2105270 5983705,2115396 6040030))
28350;POLYGON((1558277 6121762,1604522 6116313,1597752 6060445,1551801 6065928,1558277 6121762))
28351;POLYGON((1005197 6168643,1051182 6166020,1047854 6110467,1002149 6113107,1005197 6168643))
28352;POLYGON((454098 6182289,500000 6182402,500000 6126956,454373 6126842,454098 6182289))
28353;POLYGON((-97182 6163167,-51182 6166020,-47854 6110467,-93573 6107595,-97182 6163167))
28354;POLYGON((-650796 6110621,-604522 6116313,-597752 6060445,-643731 6054718,-650796 6110621))
28355;POLYGON((-1208775 6022839,-1162064 6031566,-1151621 5975193,-1198010 5966416,-1208775 6022839))
28356;POLYGON((-1772883 5896748,-1725604 5908818,-1711122 5851785,-1758043 5839655,-1772883 5896748))
28357;POLYGON((-2344416 5727856,-2296485 5743703,-2277450 5685919,-2324973 5670008,-2344416 5727856))
28358;POLYGON((-2923911 5510023,-2875321 5530228,-2851043 5471708,-2899159 5451447,-2923911 5510023))
3113;POLYGON((-2223769 -906441,-2176472 -894366,-2161984 -951422,-2208924 -963557,-2223769 -906441))
3111;POLYGON((991027 2646335,1036315 2654142,1045599 2599422,1000598 2591665,991027 2646335))
3107;POLYGON((404290 1705388,450065 1708039,453140 1652728,407621 1650092,404290 1705388))
3308;POLYGON((7611034 4211526,7656223 4219501,7665727 4164888,7620800 4156958,7611034 4211526))
3112;POLYGON((-503008 -3895352,-457305 -3893441,-455106 -3948684,-500589 -3950586,-503008 -3895352))
3577;POLYGON((-320101 -3770846,-274381 -3769682,-273075 -3825326,-318576 -3826483,-320101 -3770846))
