4326;POLYGON((128.25 -36.0,128.75 -36.0,128.75 -36.5,128.25 -36.5,128.25 -36.0))
28348;POLYGON((2612458 5755773,2658595 5743976,2643819 5687216,2598043 5699061,2612458 5755773))
28349;POLYGON((2061822 5875378,2107509 5866908,2096864 5810684,2051503 5819193,2061822 5875378))
28350;POLYGON((1515944 5956983,1561285 5951560,1554420 5895754,1509383 5901205,1515944 5956983))
28351;POLYGON((973376 6003283,1018504 6000728,1015197 5945184,970358 5947753,973376 6003283))
28352;POLYGON((432403 6015791,477468 6016022,477611 5960562,432832 5960330,432403 6015791))
28353;POLYGON((-108798 5994915,-63644 5997939,-60046 5942380,-104908 5939340,-108798 5994915))
28354;POLYGON((-652040 5939976,-606650 5945891,-599481 5890056,-644565 5884110,-652040 5939976))
28355;POLYGON((-1198987 5849172,-1153230 5858173,-1142256 5801908,-1187681 5792865,-1198987 5849172))
28356;POLYGON((-1750990 5719497,-1704772 5731885,-1689632 5675076,-1735482 5662641,-1750990 5719497))
28357;POLYGON((-2308871 5546606,-2262150 5562797,-2242339 5505404,-2288643 5489166,-2308871 5546606))
28358;POLYGON((-2872604 5324629,-2825424 5345175,-2800276 5287272,-2846975 5266691,-2872604 5324629))
3113;POLYGON((-2201868 -1083761,-2155632 -1071369,-2140486 -1128199,-2186354 -1140640,-2201868 -1083761))
3111;POLYGON((997538 2478439,1041944 2486214,1051368 2431541,1007249 2423817,997538 2478439))
3107;POLYGON((391791 1538024,436791 1540734,440000 1485328,395256 1482632,391791 1538024))
3308;POLYGON((7618154 4043764,7662540 4051707,7672188 3997047,7628063 3989150,7618154 4043764))
3112;POLYGON((-518260 -4062287,-473221 -4060315,-470902 -4115788,-515720 -4117751,-518260 -4062287))
3577;POLYGON((-338065 -3938190,-293000 -3936955,-291590 -3992376,-336438 -3993605,-338065 -3938190))
