4326;POLYGON((129.5 -16.75,130.0 -16.75,130.0 -17.25,129.5 -17.25,129.5 -16.75))
28348;POLYGON((3180247 7975277,3237943 7967603,3229761 7907653,3172277 7915520,3180247 7975277))
28349;POLYGON((2501078 8052592,2556840 8047133,2551004 7989202,2495421 7994801,2501078 8052592))
28350;POLYGON((1841237 8105447,1895653 8101898,1891837 8045380,1837579 8049021,1841237 8105447))
28351;POLYGON((1194042 8136719,1247645 8134891,1245647 8079232,1192189 8081109,1194042 8136719))
28352;POLYGON((553292 8148033,606587 8147832,606305 8092513,553151 8092719,553292 8148033))
28353;POLYGON((-86965 8139963,-33485 8141380,-32065 8085891,-85402 8084437,-86965 8139963))
28354;POLYGON((-732665 8112100,-678502 8115206,-675309 8059034,-729319 8055847,-732665 8112100))
28355;POLYGON((-1389950 8063004,-1334577 8067962,-1329444 8010566,-1384645 8005481,-1389950 8063004))
28356;POLYGON((-2065406 7990029,-2008252 7997112,-2000897 7937906,-2057849 7930644,-2065406 7990029))
28357;POLYGON((-2766321 7888987,-2706745 7898616,-2696737 7836945,-2756067 7827079,-2766321 7888987))
28358;POLYGON((-3500989 7753615,-3438253 7766408,-3424953 7701524,-3487378 7688426,-3500989 7753615))
3113;POLYGON((-2516407 1187655,-2459230 1194741,-2451873 1135513,-2508847 1128247,-2516407 1187655))
3111;POLYGON((755645 4646250,811440 4655265,820632 4597411,765141 4588445,755645 4646250))
3107;POLYGON((395027 3689173,449984 3691846,452623 3634861,397930 3632201,395027 3689173))
3308;POLYGON((7369776 6188594,7424431 6197702,7433737 6141019,7379354 6131956,7369776 6188594))
3112;POLYGON((-481431 -1942237,-427958 -1940428,-426192 -1995891,-479445 -1997692,-481431 -1942237))
3577;POLYGON((-267448 -1786690,-213963 -1785748,-213099 -1840929,-266368 -1841867,-267448 -1786690))
