4326;POLYGON((129.0 -18.0,129.5 -18.0,129.5 -18.5,129.0 -18.5,129.0 -18.0))
28348;POLYGON((3102930 7833932,3159910 7825993,3151394 7766382,3094636 7774503,3102930 7833932))
28349;POLYGON((2431461 7913795,2486639 7908169,2480588 7850452,2425598 7856209,2431461 7913795))
28350;POLYGON((1777969 7968022,1831897 7964403,1827981 7908005,1774219 7911709,1777969 7968022))
28351;POLYGON((1136122 7999495,1189311 7997694,1187327 7942086,1134293 7943929,1136122 7999495))
28352;POLYGON((500000 8009814,552931 8009743,552780 7954421,500000 7954494,500000 8009814))
28353;POLYGON((-136122 7999495,-82973 8001148,-81299 7945622,-134293 7943929,-136122 7999495))
28354;POLYGON((-777969 7968022,-724120 7971484,-720537 7915253,-774219 7911709,-777969 7968022))
28355;POLYGON((-1431461 7913795,-1376407 7919243,-1370731 7861785,-1425598 7856209,-1431461 7913795))
28356;POLYGON((-2102930 7833932,-2046123 7841664,-2038047 7782412,-2094636 7774503,-2102930 7833932))
28357;POLYGON((-2799338 7723927,-2740167 7734392,-2729226 7672720,-2788130 7662023,-2799338 7723927))
28358;POLYGON((-3528523 7577075,-3466295 7590934,-3451802 7526138,-3513694 7511984,-3528523 7577075))
3113;POLYGON((-2553946 1031498,-2497117 1039233,-2489037 979957,-2545648 972046,-2553946 1031498))
3111;POLYGON((724346 4492850,779336 4502032,788768 4444612,734080 4435480,724346 4492850))
3107;POLYGON((347988 3544071,402274 3546963,405162 3490278,351139 3487400,347988 3544071))
3308;POLYGON((7339747 6037982,7393681 6047235,7403207 5990906,7349542 5981699,7339747 6037982))
3112;POLYGON((-529385 -2082733,-476470 -2080732,-474490 -2136002,-527185 -2137994,-529385 -2082733))
3577;POLYGON((-317685 -1925917,-264745 -1924777,-263661 -1980143,-316385 -1981278,-317685 -1925917))
