4326;POLYGON((128.75 -23.0,129.25 -23.0,129.25 -23.5,128.75 -23.5,128.75 -23.0))
28348;POLYGON((2983440 7247099,3037907 7237615,3027429 7178743,2973231 7188373,2983440 7247099))
28349;POLYGON((2339577 7342643,2392613 7335906,2385147 7278580,2332344 7285425,2339577 7342643))
28350;POLYGON((1710084 7407529,1762117 7403206,1757296 7346972,1705472 7351365,1710084 7407529))
28351;POLYGON((1089961 7444886,1141399 7442774,1138996 7387193,1087753 7389341,1089961 7444886))
28352;POLYGON((474379 7456458,525620 7456458,525525 7401106,474474 7401106,474379 7456458))
28353;POLYGON((-141399 7442774,-89961 7444886,-87753 7389341,-138996 7387193,-141399 7442774))
28354;POLYGON((-762117 7403206,-710084 7407529,-705472 7351365,-757296 7346972,-762117 7403206))
28355;POLYGON((-1392613 7335906,-1339577 7342643,-1332344 7285425,-1385147 7278580,-1392613 7335906))
28356;POLYGON((-2037907 7237615,-1983440 7247099,-1973231 7188373,-2027429 7178743,-2037907 7237615))
28357;POLYGON((-2703258 7103321,-2646912 7116048,-2633198 7055344,-2689221 7042431,-2703258 7103321))
28358;POLYGON((-3394202 6925725,-3335506 6942408,-3317526 6879243,-3375824 6862333,-3394202 6925725))
3113;POLYGON((-2488897 434948,-2434409 444435,-2424196 385687,-2478415 376053,-2488897 434948))
3111;POLYGON((794669 3920771,846653 3929591,856024 3873466,804334 3864696,794669 3920771))
3107;POLYGON((353419 2980225,405094 2983098,408066 2927306,356649 2924447,353419 2980225))
3308;POLYGON((7411263 5475378,7462503 5484296,7471996 5428962,7421021 5420091,7411263 5475378))
3112;POLYGON((-532847 -2633856,-482125 -2631836,-480054 -2686616,-530558 -2688626,-532847 -2633856))
3577;POLYGON((-329998 -2482889,-279238 -2481697,-278034 -2537605,-328576 -2538792,-329998 -2482889))
