4326;POLYGON((129.5 -36.25,130.0 -36.25,130.0 -36.75,129.5 -36.75,129.5 -36.25))
28348;POLYGON((2720234 5697301,2766288 5684740,2750514 5627904,2704831 5640512,2720234 5697301))
28349;POLYGON((2170550 5825557,2216157 5816400,2204622 5760096,2159349 5769294,2170550 5825557))
28350;POLYGON((1625692 5915037,1670941 5908982,1663268 5853111,1618327 5859196,1625692 5915037))
28351;POLYGON((1084353 5968673,1129368 5965523,1125309 5909939,1080587 5913107,1084353 5968673))
28352;POLYGON((544921 5988206,589843 5987858,589267 5932394,544633 5932743,544921 5988206))
28353;POLYGON((5637 5974266,50615 5976710,53505 5921186,8818 5918729,5637 5974266))
28354;POLYGON((-535265 5926405,-490086 5931719,-483639 5875962,-528513 5870620,-535265 5926405))
28355;POLYGON((-1079435 5843069,-1033927 5851427,-1023714 5795281,-1068895 5786885,-1079435 5843069))
28356;POLYGON((-1628243 5721533,-1582306 5733209,-1567996 5676558,-1613572 5664836,-1628243 5721533))
28357;POLYGON((-2182573 5557777,-2136158 5573159,-2117280 5515950,-2163287 5500522,-2182573 5557777))
28358;POLYGON((-2742524 5346319,-2695664 5365925,-2671590 5308213,-2717984 5288572,-2742524 5346319))
3113;POLYGON((-2079074 -1081725,-2033119 -1070044,-2018802 -1126717,-2064396 -1138443,-2079074 -1081725))
3111;POLYGON((1113125 2470065,1157486 2477233,1166191 2422442,1122118 2415321,1113125 2470065))
3107;POLYGON((505725 1516701,550626 1518885,553194 1463424,508551 1461253,505725 1516701))
3308;POLYGON((7733815 4035864,7778162 4043254,7787157 3988466,7743073 3981120,7733815 4035864))
3112;POLYGON((-404656 -4085425,-359710 -4083904,-357942 -4139441,-402667 -4140954,-404656 -4085425))
3577;POLYGON((-224852 -3963158,-179885 -3962366,-179018 -4017757,-223768 -4018545,-224852 -3963158))
