4326;POLYGON((129.0 -16.5,129.5 -16.5,129.5 -17.0,129.0 -17.0,129.0 -16.5))
28348;POLYGON((3126536 8012556,3184150 8005177,3176289 7945391,3118882 7952960,3126536 8012556))
28349;POLYGON((2448132 8086719,2503847 8081498,2498269 8023693,2442728 8029051,2448132 8086719))
28350;POLYGON((1788623 8137020,1843028 8133664,1839421 8077233,1785171 8080678,1788623 8137020))
28351;POLYGON((1141318 8166193,1194948 8164525,1193122 8108914,1139635 8110627,1141318 8166193))
28352;POLYGON((500000 8175756,553361 8175689,553222 8120377,500000 8120444,500000 8175756))
28353;POLYGON((-141318 8166193,-87730 8167726,-86189 8112200,-139635 8110627,-141318 8166193))
28354;POLYGON((-788623 8137020,-734303 8140230,-731004 8083973,-785171 8080678,-788623 8137020))
28355;POLYGON((-1448132 8086719,-1392547 8091775,-1387316 8034240,-1442728 8029051,-1448132 8086719))
28356;POLYGON((-2126536 8012556,-2069105 8019740,-2061653 7960330,-2118882 7952960,-2126536 8012556))
28357;POLYGON((-2831278 7910233,-2771344 7919976,-2761229 7858022,-2820914 7848035,-2831278 7910233))
28358;POLYGON((-3570853 7773332,-3507661 7786267,-3494228 7721002,-3557106 7707753,-3570853 7773332))
3113;POLYGON((-2577561 1210191,-2520108 1217378,-2512653 1157945,-2569904 1150572,-2577561 1210191))
3111;POLYGON((694988 4665880,750887 4675213,760396 4617328,704801 4608045,694988 4665880))
3107;POLYGON((338498 3714770,393574 3717704,396480 3660672,341668 3657752,338498 3714770))
3308;POLYGON((7310233 6207569,7364979 6216962,7374568 6160259,7320093 6150913,7310233 6207569))
3112;POLYGON((-536002 -1916505,-482426 -1914479,-480438 -1969975,-533793 -1971992,-536002 -1916505))
3577;POLYGON((-321575 -1760286,-267987 -1759132,-266908 -1814269,-320281 -1815418,-321575 -1760286))
