4326;POLYGON((129.25 -12.5,129.75 -12.5,129.75 -13.0,129.25 -13.0,129.25 -12.5))
28348;POLYGON((3209425 8488248,3268587 8482406,3262445 8422108,3203445 8428164,3209425 8488248))
28349;POLYGON((2514196 8546934,2571204 8542803,2566850 8484718,2509978 8489001,2514196 8546934))
28350;POLYGON((1840357 8586789,1895884 8584124,1893058 8527566,1837651 8530331,1840357 8586789))
28351;POLYGON((1180321 8610101,1234969 8608753,1233515 8553111,1178977 8554509,1180321 8610101))
28352;POLYGON((527163 8618143,581492 8618040,581333 8562744,527110 8562850,527163 8618143))
28353;POLYGON((-125721 8611343,-71164 8612480,-70039 8556977,-124486 8555797,-125721 8611343))
28354;POLYGON((-784925 8589340,-729585 8591778,-727114 8535504,-782337 8532976,-784925 8589340))
28355;POLYGON((-1457336 8550935,-1400620 8554808,-1396668 8497166,-1453252 8493150,-1457336 8550935))
28356;POLYGON((-2150470 8493936,-2091717 8499471,-2086053 8439796,-2144649 8434059,-2150470 8493936))
28357;POLYGON((-2872860 8414855,-2811311 8422403,-2803579 8359929,-2864934 8352109,-2872860 8414855))
28358;POLYGON((-3634532 8308421,-3569280 8318505,-3558947 8252318,-3623951 8241876,-3634532 8308421))
3113;POLYGON((-2601504 1691759,-2542729 1697296,-2537062 1637598,-2595681 1631858,-2601504 1691759))
3111;POLYGON((644597 5139743,702986 5149335,712575 5089984,654498 5080444,644597 5139743))
3107;POLYGON((341471 4177324,398687 4180239,401516 4122081,344569 4119179,341471 4177324))
3308;POLYGON((7258920 6670894,7315884 6680527,7325535 6622613,7268848 6613027,7258920 6670894))
3112;POLYGON((-526130 -1468163,-470770 -1466180,-468866 -1522467,-524001 -1524443,-526130 -1468163))
3577;POLYGON((-304208 -1321845,-248904 -1320762,-247946 -1375154,-303037 -1376232,-304208 -1321845))
