4326;POLYGON((128.75 -9.5,129.25 -9.5,129.25 -10.0,128.75 -10.0,128.75 -9.5))
28348;POLYGON((3180727 8853999,3240512 8849600,3235906 8789283,3176243 8793901,3180727 8853999))
28349;POLYGON((2478547 8898035,2536104 8894946,2532860 8836898,2475406 8840142,2478547 8898035))
28350;POLYGON((1798355 8927661,1854399 8925695,1852321 8869194,1796367 8871260,1798355 8927661))
28351;POLYGON((1132124 8944620,1187291 8943663,1186260 8888068,1131177 8889074,1132124 8944620))
28352;POLYGON((472560 8949858,527439 8949858,527398 8894577,472601 8894577,472560 8949858))
28353;POLYGON((-187291 8943663,-132124 8944620,-131177 8889074,-186260 8888068,-187291 8943663))
28354;POLYGON((-854399 8925695,-798355 8927661,-796367 8871260,-852321 8869194,-854399 8925695))
28355;POLYGON((-1536104 8894946,-1478547 8898035,-1475406 8840142,-1532860 8836898,-1536104 8894946))
28356;POLYGON((-2240512 8849600,-2180727 8853999,-2176243 8793901,-2235906 8789283,-2240512 8849600))
28357;POLYGON((-2976974 8786773,-2914119 8792771,-2907999 8729627,-2970700 8723331,-2976974 8786773))
28358;POLYGON((-3756669 8702084,-3689728 8710118,-3681529 8642901,-3748271 8634473,-3756669 8702084))
3113;POLYGON((-2691582 2047562,-2631772 2051962,-2627288 1991841,-2686973 1987221,-2691582 2047562))
3111;POLYGON((524229 5489715,584457 5499934,594572 5439354,534662 5429189,524229 5489715))
3107;POLYGON((263865 4526450,322697 4529721,325850 4470544,267291 4467289,263865 4526450))
3308;POLYGON((7140119 7011609,7198715 7021807,7208829 6962856,7150515 6952708,7140119 7011609))
3112;POLYGON((-595703 -1130115,-538998 -1127858,-536841 -1184910,-593319 -1187159,-595703 -1130115))
3577;POLYGON((-367750 -999182,-311183 -997853,-310027 -1051560,-366384 -1052884,-367750 -999182))
