4326;POLYGON((128.75 -15.25,129.25 -15.25,129.25 -15.75,128.75 -15.75,128.75 -15.25))
28348;POLYGON((3115747 8165151,3173755 8158351,3166546 8098527,3108728 8105522,3115747 8165151))
28349;POLYGON((2432949 8233381,2489010 8228587,2483913 8170784,2428013 8175718,2432949 8233381))
28350;POLYGON((1769465 8279431,1824191 8276370,1820917 8219959,1766334 8223109,1769465 8279431))
28351;POLYGON((1118344 8305841,1172291 8304349,1170664 8248760,1116849 8250295,1118344 8305841))
28352;POLYGON((473154 8314007,526845 8314007,526780 8258702,473219 8258702,473154 8314007))
28353;POLYGON((-172291 8304349,-118344 8305841,-116849 8250295,-170664 8248760,-172291 8304349))
28354;POLYGON((-824191 8276370,-769465 8279431,-766334 8223109,-820917 8219959,-824191 8276370))
28355;POLYGON((-1489010 8228587,-1432949 8233381,-1428013 8175718,-1483913 8170784,-1489010 8228587))
28356;POLYGON((-2173755 8158351,-2115747 8165151,-2108728 8105522,-2166546 8098527,-2173755 8158351))
28357;POLYGON((-2886289 8061497,-2825638 8070720,-2816109 8008419,-2876526 7998938,-2886289 8061497))
28358;POLYGON((-3635698 7931790,-3571590 7944054,-3558918 7878256,-3622728 7865659,-3635698 7931790))
3113;POLYGON((-2624798 1356043,-2566768 1362846,-2559746 1303194,-2617586 1296196,-2624798 1356043))
3111;POLYGON((642021 4806350,698659 4815959,708389 4757681,652057 4748124,642021 4806350))
3107;POLYGON((302679 3856289,358410 3859387,361465 3802042,305999 3798959,302679 3856289))
3308;POLYGON((7257784 6344947,7313188 6354589,7322971 6297569,7267840 6287974,7257784 6344947))
3112;POLYGON((-568600 -1778515,-514475 -1776360,-512368 -1832069,-566272 -1834215,-568600 -1778515))
3577;POLYGON((-351865 -1623487,-297741 -1622216,-296559 -1677138,-350468 -1678404,-351865 -1623487))
