4326;POLYGON((129.5 -21.5,130.0 -21.5,130.0 -22.0,129.5 -22.0,129.5 -21.5))
28348;POLYGON((3095808 7410045,3151280 7400663,3141020 7341343,3085808 7350887,3095808 7410045))
28349;POLYGON((2441017 7504817,2494890 7498111,2487536 7440502,2433886 7447329,2441017 7504817))
28350;POLYGON((1802339 7569868,1855081 7565493,1850256 7509101,1797712 7513556,1802339 7569868))
28351;POLYGON((1174326 7608453,1226381 7606195,1223849 7550551,1171979 7552851,1174326 7608453))
28352;POLYGON((551789 7622431,603582 7622183,603224 7566835,551610 7567088,551789 7622431))
28353;POLYGON((-70328 7612460,-18378 7614210,-16579 7558714,-68346 7556932,-70328 7612460))
28354;POLYGON((-697072 7578071,-644542 7581901,-640501 7525810,-692837 7521909,-697072 7578071))
28355;POLYGON((-1333603 7517616,-1280055 7523712,-1273578 7466563,-1326910 7460357,-1333603 7517616))
28356;POLYGON((-1985316 7428092,-1930289 7436764,-1921050 7378071,-1975826 7369248,-1985316 7428092))
28357;POLYGON((-2657954 7304811,-2600954 7316525,-2588459 7255773,-2645159 7243864,-2657954 7304811))
28358;POLYGON((-3357704 7140872,-3298196 7156305,-3281731 7092946,-3340867 7077271,-3357704 7140872))
3113;POLYGON((-2436286 625499,-2381237 634174,-2371994 575459,-2426792 566632,-2436286 625499))
3111;POLYGON((844882 4103012,897823 4111566,906805 4055031,854161 4046525,844882 4103012))
3107;POLYGON((422385 3152278,474856 3154830,477451 3098796,425239 3096256,422385 3152278))
3308;POLYGON((7459973 5655220,7512073 5663902,7521210 5608253,7469376 5599615,7459973 5655220))
3112;POLYGON((-462656 -2466355,-411268 -2464616,-409520 -2519510,-460690 -2521241,-462656 -2466355))
3577;POLYGON((-257134 -2313688,-205712 -2312783,-204838 -2368571,-256042 -2369473,-257134 -2313688))
