4326;POLYGON((129.25 -8.75,129.75 -8.75,129.75 -9.25,129.25 -9.25,129.25 -8.75))
28348;POLYGON((3246987 8940139,3307171 8935961,3302796 8875366,3242729 8879772,3246987 8940139))
28349;POLYGON((2540662 8982048,2598524 8979101,2595429 8920867,2537664 8923976,2540662 8982048))
28350;POLYGON((1857319 9010457,1913593 9008559,1911589 8951944,1855399 8953947,1857319 9010457))
28351;POLYGON((1188740 9027055,1244076 9026096,1243045 8970448,1187787 8971460,1188740 9027055))
28352;POLYGON((527497 9032777,582493 9032704,582380 8977421,527459 8977498,527497 9032777))
28353;POLYGON((-133455 9027939,-78216 9028748,-77418 8973247,-132579 8972393,-133455 9027939))
28354;POLYGON((-801147 9012274,-745072 9014010,-743319 8957696,-799311 8955864,-801147 9012274))
28355;POLYGON((-1482959 8984902,-1425410 8987664,-1422603 8929901,-1480057 8926987,-1482959 8984902))
28356;POLYGON((-2187028 8944204,-2127287 8948160,-2123255 8888232,-2182884 8884060,-2187028 8944204))
28357;POLYGON((-2922726 8887592,-2859951 8893003,-2854430 8830069,-2917065 8824364,-2922726 8887592))
28358;POLYGON((-3701265 8811123,-3634434 8818382,-3627025 8751412,-3693675 8743763,-3701265 8811123))
3113;POLYGON((-2638076 2142203,-2578312 2146161,-2574279 2086209,-2633930 2082035,-2638076 2142203))
3111;POLYGON((569212 5591239,629973 5601221,639826 5540239,579385 5530310,569212 5591239))
3107;POLYGON((317949 4618840,377209 4621860,380102 4562385,321117 4559379,317949 4618840))
3308;POLYGON((7183480 7110604,7242549 7120593,7252431 7061297,7193645 7051356,7183480 7110604))
3112;POLYGON((-542245 -1042008,-485189 -1039964,-483251 -1097242,-540079 -1099278,-542245 -1042008))
3577;POLYGON((-312912 -917524,-256026 -916410,-255083 -969936,-311760 -971046,-312912 -917524))
