4326;POLYGON((129.25 -26.5,129.75 -26.5,129.75 -27.0,129.25 -27.0,129.25 -26.5))
28348;POLYGON((2960424 6827024,3013026 6816319,3000881 6757836,2948582 6768665,2960424 6827024))
28349;POLYGON((2337305 6935392,2388711 6927713,2379974 6870553,2328832 6878326,2337305 6935392))
28350;POLYGON((1726359 7009852,1776905 7004851,1771180 6948650,1720872 6953714,1726359 7009852))
28351;POLYGON((1123562 7053727,1173582 7051184,1170619 6995576,1120823 6998152,1123562 7053727))
28352;POLYGON((524912 7068918,574738 7068724,574412 7013343,524803 7013540,524912 7068918))
28353;POLYGON((-73571 7056072,-23607 7058218,-21311 7002701,-71054 7000527,-73571 7056072))
28354;POLYGON((-675870 7014641,-625436 7019220,-620419 6963202,-670619 6958565,-675870 7014641))
28355;POLYGON((-1285984 6942835,-1234744 6950047,-1226791 6893162,-1277771 6885861,-1285984 6942835))
28356;POLYGON((-1907934 6837460,-1855555 6847630,-1844308 6789511,-1896391 6779222,-1907934 6837460))
28357;POLYGON((-2545734 6693628,-2491882 6707238,-2476813 6647530,-2530316 6633772,-2545734 6693628))
28358;POLYGON((-3203290 6504312,-3147647 6522043,-3128010 6460419,-3183230 6442515,-3203290 6504312))
3113;POLYGON((-2358874 34637,-2306474 44811,-2295222 -13330,-2347326 -23623,-2358874 34637))
3111;POLYGON((911908 3538764,961885 3546974,970857 3491445,921172 3483284,911908 3538764))
3107;POLYGON((425834 2593792,475721 2596334,478416 2540904,428787 2538375,425834 2593792))
3308;POLYGON((7528712 5098392,7578146 5106751,7587301 5051812,7538130 5043497,7528712 5098392))
3112;POLYGON((-467640 -3014887,-418435 -3013124,-416584 -3067815,-465572 -3069570,-467640 -3014887))
3577;POLYGON((-270799 -2873652,-221569 -2872688,-220581 -2928763,-269592 -2929722,-270799 -2873652))
