4326;POLYGON((128.75 -27.75,129.25 -27.75,129.25 -28.25,128.75 -28.25,128.75 -27.75))
28348;POLYGON((2878732 6692002,2930465 6681270,2918154 6623103,2866730 6633948,2878732 6692002))
28349;POLYGON((2265198 6800468,2315858 6792800,2307036 6735833,2256646 6743586,2265198 6800468))
28350;POLYGON((1662576 6874475,1712467 6869536,1706747 6813436,1657102 6818431,1662576 6874475))
28351;POLYGON((1067196 6917210,1116625 6914791,1113767 6859217,1064570 6861665,1067196 6917210))
28352;POLYGON((475362 6930465,524637 6930465,524523 6875078,475476 6875078,475362 6930465))
28353;POLYGON((-116625 6914791,-67196 6917210,-64570 6861665,-113767 6859217,-116625 6914791))
28354;POLYGON((-712467 6869536,-662576 6874475,-657102 6818431,-706747 6813436,-712467 6869536))
28355;POLYGON((-1315858 6792800,-1265198 6800468,-1256646 6743586,-1307036 6735833,-1315858 6792800))
28356;POLYGON((-1930465 6681270,-1878732 6692002,-1866730 6633948,-1918154 6623103,-1930465 6681270))
28357;POLYGON((-2559850 6529935,-2506754 6544224,-2490758 6484685,-2543491 6470259,-2559850 6529935))
28358;POLYGON((-3207338 6331662,-3152616 6350197,-3131863 6288906,-3186146 6270215,-3207338 6331662))
3113;POLYGON((-2381413 -121614,-2329660 -110877,-2317653 -168953,-2369098 -179803,-2381413 -121614))
3111;POLYGON((885838 3391855,935043 3400204,944276 3344906,895361 3336606,885838 3391855))
3107;POLYGON((383979 2452581,433212 2455318,436159 2399987,387182 2397264,383979 2452581))
3308;POLYGON((7503505 4952759,7552242 4961241,7561642 4906456,7513166 4898020,7503505 4952759))
3112;POLYGON((-511124 -3153538,-462470 -3151602,-460402 -3206300,-508838 -3208228,-511124 -3153538))
3577;POLYGON((-316459 -3014983,-267781 -3013840,-266574 -3069920,-315032 -3071058,-316459 -3014983))
