4326;POLYGON((129.0 -29.0,129.5 -29.0,129.5 -29.5,129.0 -29.5,129.0 -29.0))
28348;POLYGON((2873855 6541538,2924854 6530392,2911924 6472371,2861245 6483621,2873855 6541538))
28349;POLYGON((2268546 6654426,2318557 6646427,2309250 6589521,2259520 6597599,2268546 6654426))
28350;POLYGON((1673355 6731880,1722648 6726691,1716571 6670601,1667534 6675845,1673355 6731880))
28351;POLYGON((1084969 6777130,1133824 6774536,1130729 6718950,1082116 6721572,1084969 6777130))
28352;POLYGON((500000 6792014,548700 6791911,548464 6736512,500000 6736616,500000 6792014))
28353;POLYGON((-84969 6777130,-36138 6779514,-33525 6723982,-82116 6721572,-84969 6777130))
28354;POLYGON((-673355 6731880,-624109 6736847,-618543 6680863,-667534 6675845,-673355 6731880))
28355;POLYGON((-1268546 6654426,-1218605 6662179,-1209859 6605430,-1259520 6597599,-1268546 6654426))
28356;POLYGON((-1873855 6541538,-1822947 6552406,-1810655 6494590,-1861245 6483621,-1873855 6541538))
28357;POLYGON((-2492417 6388347,-2440292 6402805,-2423920 6343649,-2475673 6329068,-2492417 6388347))
28358;POLYGON((-3127022 6187945,-3073467 6206660,-3052269 6145949,-3105380 6127097,-3127022 6187945))
3113;POLYGON((-2324781 -261399,-2273854 -250528,-2261557 -308366,-2312167 -319340,-2324781 -261399))
3111;POLYGON((933860 3258000,982361 3266098,991423 3210933,943211 3202884,933860 3258000))
3107;POLYGON((416280 2315717,464880 2318306,467696 2263028,419353 2260452,416280 2315717))
3308;POLYGON((7551683 4820190,7599786 4828443,7609040 4773719,7561199 4765511,7551683 4820190))
3112;POLYGON((-481354 -3289307,-433240 -3287487,-431279 -3342231,-479175 -3344042,-481354 -3289307))
3577;POLYGON((-288828 -3154574,-240697 -3153537,-239600 -3209603,-287512 -3210634,-288828 -3154574))
