4326;POLYGON((129.0 -18.5,129.5 -18.5,129.5 -19.0,129.0 -19.0,129.0 -18.5))
28348;POLYGON((3094636 7774503,3151394 7766382,3142662 7706833,3086131 7715132,3094636 7774503))
28349;POLYGON((2425598 7856209,2480588 7850452,2474380 7792765,2419583 7798651,2425598 7856209))
28350;POLYGON((1774219 7911709,1827981 7908005,1823962 7851618,1770371 7855407,1774219 7911709))
28351;POLYGON((1134293 7943929,1187327 7942086,1185290 7886478,1132416 7888363,1134293 7943929))
28352;POLYGON((500000 7954494,552780 7954421,552625 7899097,500000 7899172,500000 7954494))
28353;POLYGON((-134293 7943929,-81299 7945622,-79580 7890096,-132416 7888363,-134293 7943929))
28354;POLYGON((-774219 7911709,-720537 7915253,-716859 7859032,-770371 7855407,-774219 7911709))
28355;POLYGON((-1425598 7856209,-1370731 7861785,-1364907 7804352,-1419583 7798651,-1425598 7856209))
28356;POLYGON((-2094636 7774503,-2038047 7782412,-2029766 7723214,-2086131 7715132,-2094636 7774503))
28357;POLYGON((-2788130 7662023,-2729226 7672720,-2718012 7611146,-2776645 7600221,-2788130 7662023))
28358;POLYGON((-3513694 7511984,-3451802 7526138,-3436963 7461504,-3498513 7447062,-3513694 7511984))
3113;POLYGON((-2545648 972046,-2489037 979957,-2480753 920737,-2537140 912651,-2545648 972046))
3111;POLYGON((734080 4435480,788768 4444612,798176 4387338,743789 4378257,734080 4435480))
3107;POLYGON((351139 3487400,405162 3490278,408045 3433701,354284 3430837,351139 3487400))
3308;POLYGON((7349542 5981699,7403207 5990906,7412713 5934693,7359317 5925532,7349542 5981699))
3112;POLYGON((-527185 -2137994,-474490 -2136002,-472513 -2191205,-524988 -2193189,-527185 -2137994))
3577;POLYGON((-316385 -1981278,-263661 -1980143,-262577 -2035578,-315083 -2036709,-316385 -1981278))
