4326;POLYGON((129.5 -30.25,130.0 -30.25,130.0 -30.75,129.5 -30.75,129.5 -30.25))
28348;POLYGON((2892187 6385492,2942462 6373808,2928746 6315897,2878805 6327677,2892187 6385492))
28349;POLYGON((2295030 6504240,2344395 6495795,2334451 6438920,2285381 6447440,2295030 6504240))
28350;POLYGON((1707282 6586497,1755972 6580945,1749397 6524845,1700974 6530448,1707282 6586497))
28351;POLYGON((1125997 6635575,1174265 6632697,1170799 6577087,1122783 6579993,1125997 6635575))
28352;POLYGON((548102 6653406,596207 6653089,595716 6597676,547857 6597997,548102 6653406))
28353;POLYGON((-29530 6640683,18672 6642914,21137 6587403,-26816 6585150,-29530 6640683))
28354;POLYGON((-610034 6596912,-561473 6601779,-555957 6545874,-604256 6540961,-610034 6596912))
28355;POLYGON((-1196496 6520376,-1147323 6528070,-1138540 6471484,-1187426 6463720,-1196496 6520376))
28356;POLYGON((-1791890 6408005,-1741863 6418840,-1729459 6361301,-1779163 6350376,-1791890 6408005))
28357;POLYGON((-2398952 6255155,-2347858 6269584,-2331318 6210857,-2382038 6196319,-2398952 6255155))
28358;POLYGON((-3019990 6055261,-2967658 6073916,-2946267 6013829,-2998155 5995056,-3019990 6055261))
3113;POLYGON((-2242784 -394985,-2192738 -384146,-2180329 -441707,-2230052 -452637,-2242784 -394985))
3111;POLYGON((1004999 3128290,1052818 3136016,1061569 3080938,1014039 3073258,1004999 3128290))
3107;POLYGON((471920 2180140,519891 2182473,522450 2127217,474735 2124896,471920 2180140))
3308;POLYGON((7622913 4691681,7670400 4699594,7679382 4644885,7632157 4637015,7622913 4691681))
3112;POLYGON((-428336 -3424393,-380760 -3422783,-379015 -3477602,-426373 -3479205,-428336 -3424393))
3577;POLYGON((-237954 -3293673,-190368 -3292834,-189491 -3348859,-236858 -3349693,-237954 -3293673))
