4326;POLYGON((130.0 -33.25,130.5 -33.25,130.5 -33.75,130.0 -33.75,130.0 -33.25))
28348;POLYGON((2857478 6027662,2905761 6015168,2890625 5957716,2842700 5970282,2857478 6027662))
28349;POLYGON((2282674 6155242,2330272 6146125,2319195 6089471,2271915 6098648,2282674 6155242))
28350;POLYGON((1715111 6244620,1762180 6238542,1754754 6182511,1707975 6188632,1715111 6244620))
28351;POLYGON((1152711 6299069,1199436 6295810,1195394 6240189,1148943 6243473,1152711 6299069))
28352;POLYGON((593153 6320551,639733 6319994,638932 6264552,592619 6265113,593153 6320551))
28353;POLYGON((34005 6309831,80645 6311956,83056 6256455,36686 6254314,34005 6309831))
28354;POLYGON((-527181 6266528,-480279 6271411,-474571 6215614,-521191 6210696,-527181 6266528))
28355;POLYGON((-1092778 6189089,-1045421 6196906,-1036212 6140589,-1083263 6132719,-1092778 6189089))
28356;POLYGON((-1664959 6074695,-1616979 6085732,-1603932 6028699,-1651574 6017594,-1664959 6074695))
28357;POLYGON((-2245539 5919094,-2196802 5933767,-2179435 5875869,-2227784 5861120,-2245539 5919094))
28358;POLYGON((-2835718 5716355,-2786156 5735229,-2763806 5676405,-2812917 5657454,-2835718 5716355))
3113;POLYGON((-2115804 -728425,-2067804 -717383,-2054753 -774439,-2102413 -785548,-2115804 -728425))
3111;POLYGON((1105227 2806155,1151353 2813360,1159781 2758453,1113943 2751293,1105227 2806155))
3107;POLYGON((535246 1850946,581693 1852990,583997 1797697,537806 1795665,535246 1850946))
3308;POLYGON((7724268 4371503,7770221 4378935,7778936 4324220,7733244 4316830,7724268 4371503))
3112;POLYGON((-370268 -3752310,-323997 -3750929,-322462 -3806031,-368514 -3807406,-370268 -3752310))
3577;POLYGON((-185112 -3628501,-138837 -3627867,-138181 -3683668,-184239 -3684299,-185112 -3628501))
