4326;POLYGON((130.25 -18.75,130.75 -18.75,130.75 -19.25,130.25 -19.25,130.25 -18.75))
28348;POLYGON((3232346 7723875,3289429 7715114,3280000 7655135,3223156 7664084,3232346 7723875))
28349;POLYGON((2560079 7812524,2615291 7806235,2608506 7748227,2553495 7754654,2560079 7812524))
28350;POLYGON((1906654 7873881,1960542 7869721,1956031 7813115,1902320 7817368,1906654 7873881))
28351;POLYGON((1265826 7911200,1318892 7908954,1316422 7853227,1263520 7855523,1265826 7911200))
28352;POLYGON((631765 7926372,684483 7925928,683933 7870583,631372 7871037,631765 7926372))
28353;POLYGON((-1137 7920146,51695 7921482,53037 7866037,363 7864671,-1137 7920146))
28354;POLYGON((-638453 7892216,-585037 7895399,-581738 7839367,-634985 7836112,-638453 7892216))
28355;POLYGON((-1285898 7841185,-1231413 7846375,-1225990 7789251,-1280287 7783946,-1285898 7841185))
28356;POLYGON((-1949521 7764404,-1893445 7771877,-1885613 7713120,-1941470 7705485,-1949521 7764404))
28357;POLYGON((-2635900 7657657,-2577660 7667835,-2566979 7606854,-2624956 7596463,-2635900 7657657))
28358;POLYGON((-3352354 7514645,-3291306 7528149,-3277129 7464288,-3337848 7450512,-3352354 7514645))
3113;POLYGON((-2400477 961943,-2344379 969418,-2336543 910638,-2392423 903001,-2400477 961943))
3111;POLYGON((875370 4429078,930023 4437468,938668 4380147,884316 4371804,875370 4429078))
3107;POLYGON((487465 3465816,541387 3468063,543613 3411508,489953 3409272,487465 3465816))
3308;POLYGON((7488337 5976080,7541973 5984623,7550797 5928357,7497430 5919857,7488337 5976080))
3112;POLYGON((-394610 -2161021,-342008 -2159556,-340580 -2214743,-392963 -2216202,-394610 -2161021))
3577;POLYGON((-184189 -2006539,-131566 -2005921,-131023 -2061398,-183429 -2062014,-184189 -2006539))
