4326;POLYGON((130.5 -22.25,131.0 -22.25,131.0 -22.75,130.5 -22.75,130.5 -22.25))
28348;POLYGON((3191040 7301837,3246422 7291712,3235298 7232177,3180192 7242467,3191040 7301837))
28349;POLYGON((2537448 7404614,2591210 7397301,2583155 7339506,2529628 7346943,2537448 7404614))
28350;POLYGON((1900322 7476227,1952918 7471352,1947522 7414818,1895134 7419777,1900322 7476227))
28351;POLYGON((1274379 7520234,1326239 7517561,1323241 7461829,1271574 7464549,1274379 7520234))
28352;POLYGON((654571 7538734,706107 7538138,705368 7482768,654016 7483374,654571 7538734))
28353;POLYGON((35982 7532591,87603 7534044,89087 7478601,37652 7477123,35982 7532591))
28354;POLYGON((-586273 7501519,-534158 7505088,-530382 7449138,-582299 7445507,-586273 7501519))
28355;POLYGON((-1217163 7444056,-1164135 7449911,-1157889 7393008,-1210699 7387053,-1217163 7444056))
28356;POLYGON((-1861844 7357410,-1807463 7365841,-1798439 7307521,-1852570 7298950,-1861844 7357410))
28357;POLYGON((-2525746 7237161,-2469548 7248608,-2457279 7188382,-2513179 7176754,-2525746 7237161))
28358;POLYGON((-3214652 7076778,-3156140 7091883,-3139945 7029239,-3198091 7013910,-3214652 7076778))
3113;POLYGON((-2312765 554790,-2258364 563224,-2249336 504881,-2303488 496307,-2312765 554790))
3111;POLYGON((963829 4035014,1016411 4042944,1024773 3986493,972488 3978607,963829 4035014))
3107;POLYGON((530841 3073100,582944 3075151,585016 3019212,533172 3017171,530841 3073100))
3308;POLYGON((7577515 5588830,7629296 5596950,7637880 5541345,7586365 5533267,7577515 5588830))
3112;POLYGON((-357580 -2545418,-306508 -2544097,-305198 -2598947,-356052 -2600262,-357580 -2545418))
3577;POLYGON((-153303 -2395782,-102203 -2395282,-101766 -2451143,-152648 -2451641,-153303 -2395782))
