4326;POLYGON((130.5 -24.25,131.0 -24.25,131.0 -24.75,130.5 -24.75,130.5 -24.25))
28348;POLYGON((3146374 7064827,3200625 7054069,3188639 6994869,3134682 7005775,3146374 7064827))
28349;POLYGON((2505219 7174176,2558015 7166386,2549314 7108769,2496770 7116672,2505219 7174176))
28350;POLYGON((1878928 7250527,1930667 7245326,1924828 7188866,1873313 7194145,1878928 7250527))
28351;POLYGON((1262804 7297509,1313872 7294655,1310624 7238937,1259764 7241835,1262804 7297509))
28352;POLYGON((652282 7317275,703054 7316638,702252 7261255,651680 7261902,652282 7317275))
28353;POLYGON((42875 7310711,93725 7312263,95333 7256813,44685 7255237,42875 7310711))
28354;POLYGON((-569883 7277523,-518582 7281334,-514493 7225414,-565580 7221546,-569883 7277523))
28355;POLYGON((-1190513 7216211,-1138381 7222455,-1131624 7165656,-1183521 7159321,-1190513 7216211))
28356;POLYGON((-1823639 7123919,-1770286 7132891,-1760545 7074794,-1813630 7065695,-1823639 7123919))
28357;POLYGON((-2474033 6996155,-2419055 7008301,-2405849 6948478,-2460510 6936168,-2474033 6996155))
28358;POLYGON((-3146604 6826332,-3089588 6842297,-3072223 6780318,-3128854 6764155,-3146604 6826332))
3113;POLYGON((-2274546 321208,-2221172 330183,-2211427 272064,-2264533 262961,-2274546 321208))
3111;POLYGON((998364 3810033,1049764 3817785,1058064 3761751,1006958 3754044,998364 3810033))
3107;POLYGON((540148 2849799,591217 2851809,593280 2796133,542468 2794133,540148 2849799))
3308;POLYGON((7612839 5367047,7663559 5375001,7672096 5319697,7621641 5311784,7612839 5367047))
3112;POLYGON((-351474 -2764617,-301273 -2763318,-299966 -2818064,-349949 -2819357,-351474 -2764617))
3577;POLYGON((-150677 -2619443,-100453 -2618952,-100014 -2674952,-150020 -2675441,-150677 -2619443))
