4326;POLYGON((130.0 -19.75,130.5 -19.75,130.5 -20.25,130.0 -20.25,130.0 -19.75))
28348;POLYGON((3185507 7608839,3242022 7599823,3232265 7540079,3175998 7549274,3185507 7608839))
28349;POLYGON((2519394 7700026,2574135 7693562,2567122 7635696,2512590 7642291,2519394 7700026))
28350;POLYGON((1871145 7762976,1924632 7758719,1919988 7702189,1866687 7706535,1871145 7762976))
28351;POLYGON((1234806 7800962,1287517 7798695,1285009 7742998,1232468 7745312,1234806 7800962))
28352;POLYGON((604773 7815874,657168 7815487,656672 7760143,604443 7760537,604773 7815874))
28353;POLYGON((-24363 7808438,28160 7809912,29653 7754451,-22703 7752945,-24363 7808438))
28354;POLYGON((-657991 7778293,-604884 7781700,-601330 7725648,-654259 7722169,-657991 7778293))
28355;POLYGON((-1301629 7723953,-1247471 7729464,-1241680 7672331,-1295640 7666707,-1301629 7723953))
28356;POLYGON((-1961097 7642641,-1905387 7650542,-1897059 7591808,-1952540 7583749,-1961097 7642641))
28357;POLYGON((-2642680 7529965,-2584873 7540695,-2573549 7479794,-2631080 7468856,-2642680 7529965))
28358;POLYGON((-3353298 7379394,-3292789 7393597,-3277796 7329910,-3337961 7315446,-3353298 7379394))
3113;POLYGON((-2412057 840132,-2356326 848036,-2347995 789279,-2403497 781217,-2412057 840132))
3111;POLYGON((866230 4310414,920260 4318853,929013 4261831,875282 4253439,866230 4310414))
3107;POLYGON((465741 3351623,519134 3353972,521483 3297621,468351 3295283,465741 3351623))
3308;POLYGON((7479972 5859419,7533050 5868003,7541974 5811974,7489164 5803433,7479972 5859419))
3112;POLYGON((-417397 -2272127,-365237 -2270570,-363703 -2325637,-415644 -2327188,-417397 -2272127))
3577;POLYGON((-208762 -2117936,-156574 -2117222,-155921 -2172824,-207892 -2173536,-208762 -2117936))
