4326;POLYGON((130.5 -18.25,131.0 -18.25,131.0 -18.75,130.5 -18.75,130.5 -18.25))
28348;POLYGON((3269949 7779475,3327357 7770793,3318038 7710648,3260865 7719522,3269949 7779475))
28349;POLYGON((2594187 7867377,2649664 7861135,2642948 7803019,2587668 7809403,2594187 7867377))
28350;POLYGON((1937897 7928395,1992004 7924248,1987519 7867578,1933587 7871822,1937897 7928395))
28351;POLYGON((1294680 7965800,1347930 7963530,1345443 7907773,1292353 7910096,1294680 7965800))
28352;POLYGON((658583 7981504,711459 7980998,710846 7925650,658123 7926168,658583 7981504))
28353;POLYGON((23897 7976291,76872 7977524,78101 7922094,25282 7920833,23897 7976291))
28354;POLYGON((-615035 7949901,-561488 7952934,-558354 7896930,-611737 7893827,-615035 7949901))
28355;POLYGON((-1264021 7901007,-1209408 7905994,-1204211 7848904,-1258642 7843802,-1264021 7901007))
28356;POLYGON((-1929210 7827053,-1873000 7834261,-1865465 7775536,-1921464 7768166,-1929210 7827053))
28357;POLYGON((-2617308 7723955,-2558915 7733793,-2548617 7672831,-2606755 7662777,-2617308 7723955))
28358;POLYGON((-3335806 7585584,-3274570 7598658,-3260880 7534785,-3321797 7521436,-3335806 7585584))
3113;POLYGON((-2380158 1024616,-2323926 1031827,-2316388 973079,-2372409 965706,-2380158 1024616))
3111;POLYGON((893874 4490751,948850 4499042,957366 4441555,902691 4433309,893874 4490751))
3107;POLYGON((512064 3523625,566252 3525758,568351 3469093,514425 3466970,512064 3523625))
3308;POLYGON((7506174 6036743,7560099 6045200,7568806 5988798,7515150 5980384,7506174 6036743))
3112;POLYGON((-369849 -2105012,-317024 -2103646,-315705 -2158901,-368310 -2160262,-369849 -2105012))
3577;POLYGON((-158528 -1950796,-105687 -1950279,-105253 -2005689,-157878 -2006204,-158528 -1950796))
