4326;POLYGON((130.5 -21.75,131.0 -21.75,131.0 -22.25,130.5 -22.25,130.5 -21.75))
28348;POLYGON((3201673 7361285,3257326 7351328,3246422 7291712,3191040 7301837,3201673 7361285))
28349;POLYGON((2545108 7462326,2599101 7455138,2591210 7397301,2537448 7404614,2545108 7462326))
28350;POLYGON((1905402 7532694,1958201 7527905,1952918 7471352,1900322 7476227,1905402 7532694))
28351;POLYGON((1277126 7575921,1329173 7573296,1326239 7517561,1274379 7520234,1277126 7575921))
28352;POLYGON((655114 7594091,706832 7593506,706107 7538138,654571 7538734,655114 7594091))
28353;POLYGON((34346 7588058,86151 7589485,87603 7534044,35982 7532591,34346 7588058))
28354;POLYGON((-590163 7557539,-537855 7561045,-534158 7505088,-586273 7501519,-590163 7557539))
28355;POLYGON((-1223494 7501086,-1170253 7506839,-1164135 7449911,-1217163 7444056,-1223494 7501086))
28356;POLYGON((-1870931 7415927,-1816305 7424214,-1807463 7365841,-1861844 7357410,-1870931 7415927))
28357;POLYGON((-2538069 7297671,-2481578 7308932,-2469548 7248608,-2525746 7237161,-2538069 7297671))
28358;POLYGON((-3230907 7139815,-3172034 7154688,-3156140 7091883,-3214652 7076778,-3230907 7139815))
3113;POLYGON((-2321856 613329,-2267209 621620,-2258364 563224,-2312765 554790,-2321856 613329))
3111;POLYGON((955153 4091536,1008032 4099511,1016411 4042944,963829 4035014,955153 4091536))
3107;POLYGON((528506 3129106,580869 3131167,582944 3075151,530841 3073100,528506 3129106))
3308;POLYGON((7568652 5644478,7620699 5652640,7629296 5596950,7577515 5588830,7568652 5644478))
3112;POLYGON((-359109 -2490538,-307818 -2489211,-306508 -2544097,-357580 -2545418,-359109 -2490538))
3577;POLYGON((-153959 -2339968,-102640 -2339466,-102203 -2395282,-153303 -2395782,-153959 -2339968))
