4326;POLYGON((130.0 -25.25,130.5 -25.25,130.5 -25.75,130.0 -25.75,130.0 -25.25))
28348;POLYGON((3069254 6957585,3122784 6946806,3110681 6887920,3057449 6898836,3069254 6957585))
28349;POLYGON((2435976 7066989,2488166 7059210,2479408 7001793,2427476 7009676,2435976 7066989))
28350;POLYGON((1816374 7142927,1867593 7137781,1861768 7081434,1810779 7086652,1816374 7142927))
28351;POLYGON((1206056 7188910,1256667 7186163,1253511 7130494,1203115 7133279,1206056 7188910))
28352;POLYGON((600707 7206994,651067 7206525,650443 7151145,600291 7151621,600707 7206994))
28353;POLYGON((-3932 7197974,46530 7199763,48410 7144286,-1841 7142472,-3932 7197974))
28354;POLYGON((-612118 7161453,-561196 7165578,-556730 7109619,-607429 7105437,-612118 7161453))
28355;POLYGON((-1228141 7095814,-1176400 7102459,-1169150 7045627,-1220646 7038891,-1228141 7095814))
28356;POLYGON((-1856367 6998057,-1803441 7007532,-1793073 6949430,-1845719 6939832,-1856367 6998057))
28357;POLYGON((-2501238 6863524,-2446754 6876289,-2432766 6816520,-2486920 6803598,-2501238 6863524))
28358;POLYGON((-3167230 6685439,-3110815 6702154,-3092493 6640333,-3148505 6623430,-3167230 6685439))
3113;POLYGON((-2307287 195297,-2254340 204775,-2243967 146650,-2296634 137048,-2307287 195297))
3111;POLYGON((964767 3690218,1015538 3698148,1024104 3642343,973626 3634459,964767 3690218))
3107;POLYGON((494240 2736299,544785 2738523,547101 2682964,496813 2680752,494240 2736299))
3308;POLYGON((7580281 5248475,7630433 5256586,7639215 5201448,7589327 5193380,7580281 5248475))
3112;POLYGON((-398184 -2875566,-348424 -2874080,-346900 -2928792,-396442 -2930271,-398184 -2875566))
3577;POLYGON((-199146 -2732145,-149362 -2731463,-148704 -2787507,-198269 -2788186,-199146 -2732145))
