4326;POLYGON((130.25 -33.75,130.75 -33.75,130.75 -34.25,130.25 -34.25,130.25 -33.75))
28348;POLYGON((2866655 5964037,2914610 5951320,2899119 5893929,2851527 5906713,2866655 5964037))
28349;POLYGON((2295549 6094093,2342853 6084783,2331478 6028152,2284497 6037519,2295549 6094093))
28350;POLYGON((1731360 6185602,1778157 6179359,1770488 6123329,1723987 6129613,1731360 6185602))
28351;POLYGON((1172166 6241860,1218627 6238461,1214393 6182832,1168210 6186254,1172166 6241860))
28352;POLYGON((615775 6264861,662090 6264187,661142 6208738,615098 6209417,615775 6264861))
28353;POLYGON((59872 6255413,106236 6257440,108542 6201943,62452 6199902,59872 6255413))
28354;POLYGON((-497877 6213184,-451271 6217984,-445631 6162213,-491952 6157381,-497877 6213184))
28355;POLYGON((-1059732 6136686,-1012702 6144428,-1003530 6088169,-1050253 6080378,-1059732 6136686))
28356;POLYGON((-1627746 6023182,-1580132 6034145,-1567101 5977213,-1614375 5966187,-1627746 6023182))
28357;POLYGON((-2203602 5868535,-2155283 5883122,-2137919 5825382,-2185850 5810723,-2203602 5868535))
28358;POLYGON((-2788354 5666977,-2739275 5685739,-2716930 5627141,-2765558 5608309,-2788354 5666977))
3113;POLYGON((-2078577 -779958,-2030944 -768991,-2017908 -825945,-2065199 -836975,-2078577 -779958))
3111;POLYGON((1136857 2754903,1182714 2761942,1190995 2707035,1145426 2700040,1136857 2754903))
3107;POLYGON((560901 1796708,607096 1798633,609274 1743316,563334 1741402,560901 1796708))
3308;POLYGON((7756086 4320552,7801794 4327832,7810379 4273088,7764933 4265850,7756086 4320552))
3112;POLYGON((-345489 -3806696,-299435 -3805413,-298008 -3860579,-343842 -3861856,-345489 -3806696))
3577;POLYGON((-161210 -3683961,-115152 -3683421,-114607 -3739168,-160447 -3739707,-161210 -3683961))
