4326;POLYGON((129.75 -34.75,130.25 -34.75,130.25 -35.25,129.75 -35.25,129.75 -34.75))
28348;POLYGON((2789052 5862029,2836228 5849482,2820761 5792344,2773950 5804950,2789052 5862029))
28349;POLYGON((2226699 5990146,2273312 5980994,2261996 5924519,2215709 5933721,2226699 5990146))
28350;POLYGON((1670349 6079721,1716521 6073644,1708963 6017696,1663091 6023809,1670349 6079721))
28351;POLYGON((1118319 6133862,1164203 6130651,1160146 6075051,1114546 6078282,1118319 6133862))
28352;POLYGON((568646 6154424,614413 6153968,613719 6098516,568230 6098974,568646 6154424))
28353;POLYGON((19239 6142104,65064 6144390,67710 6088876,22165 6086576,19239 6142104))
28354;POLYGON((-532010 6096485,-485952 6101589,-479877 6045809,-525641 6040674,-532010 6096485))
28355;POLYGON((-1087108 6016009,-1040658 6024106,-1030947 5967870,-1077082 5959727,-1087108 6016009))
28356;POLYGON((-1647825 5897893,-1600848 5909265,-1587167 5852416,-1633794 5840987,-1647825 5897893))
28357;POLYGON((-2215501 5737986,-2167907 5753037,-2149778 5695475,-2196974 5680364,-2215501 5737986))
28358;POLYGON((-2790774 5530565,-2742546 5549836,-2719321 5491558,-2767089 5472231,-2790774 5530565))
3113;POLYGON((-2098663 -905296,-2051667 -893919,-2037982 -950790,-2084627 -962224,-2098663 -905296))
3111;POLYGON((1108750 2638008,1153992 2645196,1162556 2590365,1117601 2583223,1108750 2638008))
3107;POLYGON((520094 1683956,565768 1686072,568204 1630715,522786 1628611,520094 1683956))
3308;POLYGON((7728632 4203721,7773782 4211134,7782633 4156402,7737745 4149032,7728632 4203721))
3112;POLYGON((-387803 -3918535,-342194 -3917083,-340543 -3972382,-385933 -3973827,-387803 -3918535))
3577;POLYGON((-205304 -3796106,-159684 -3795392,-158922 -3851012,-204324 -3851723,-205304 -3796106))
