4326;POLYGON((130.5 -41.5,131.0 -41.5,131.0 -42.0,130.5 -42.0,130.5 -41.5))
28348;POLYGON((2635011 5079399,2677056 5065955,2658900 5010078,2617257 5023524,2635011 5079399))
28349;POLYGON((2130909 5217962,2172878 5207974,2159350 5152172,2117750 5162168,2130909 5217962))
28350;POLYGON((1627960 5316804,1669824 5310015,1660579 5254335,1619059 5261134,1627960 5316804))
28351;POLYGON((1126188 5378495,1167965 5374728,1162764 5319156,1121316 5322930,1126188 5378495))
28352;POLYGON((625195 5404649,666929 5403804,665638 5348288,624227 5349135,625195 5404649))
28353;POLYGON((124369 5395950,166115 5398006,168701 5342478,127280 5340419,124369 5395950))
28354;POLYGON((-376944 5352171,-335135 5357181,-328606 5301577,-370080 5296558,-376944 5352171))
28355;POLYGON((-879276 5272164,-837368 5280260,-826727 5224538,-868282 5216432,-879276 5272164))
28356;POLYGON((-1382840 5153845,-1340833 5165236,-1325806 5109399,-1367432 5098000,-1382840 5153845))
28357;POLYGON((-1887311 4994149,-1845258 5009130,-1825464 4953254,-1867098 4938276,-1887311 4994149))
28358;POLYGON((-2391524 4789007,-2349565 4807955,-2324510 4752230,-2366005 4733307,-2391524 4789007))
3113;POLYGON((-1833575 -1649634,-1791551 -1638238,-1776518 -1694097,-1818161 -1705501,-1833575 -1649634))
3111;POLYGON((1290376 1907666,1331781 1913911,1339946 1858791,1298830 1852591,1290376 1907666))
3107;POLYGON((619934 935467,662143 937129,664225 880932,622276 879281,619934 935467))
3308;POLYGON((7914614 3472371,7956261 3478902,7964822 3423444,7923440 3416954,7914614 3472371))
3112;POLYGON((-298366 -4671011,-255751 -4669909,-254396 -4726668,-296785 -4727764,-298366 -4671011))
3577;POLYGON((-128147 -4538265,-85432 -4537848,-85008 -4592046,-127511 -4592462,-128147 -4538265))
