4326;POLYGON((130.25 -36.75,130.75 -36.75,130.75 -37.25,130.25 -37.25,130.25 -36.75))
28348;POLYGON((2773369 5621488,2819107 5608427,2802606 5551620,2757248 5564723,2773369 5621488))
28349;POLYGON((2227271 5755395,2272592 5745790,2260420 5689477,2215440 5699122,2227271 5755395))
28350;POLYGON((1685747 5849974,1730724 5843513,1722491 5787617,1677829 5794109,1685747 5849974))
28351;POLYGON((1147674 5908267,1192416 5904742,1187862 5849136,1143418 5852678,1147674 5908267))
28352;POLYGON((611585 5932131,656223 5931432,655203 5875958,610857 5876661,611585 5932131))
28353;POLYGON((75845 5922326,120517 5924430,123000 5868921,78621 5866807,75845 5922326))
28354;POLYGON((-461209 5878540,-416365 5883514,-410302 5827805,-454841 5822808,-461209 5878540))
28355;POLYGON((-1001134 5799380,-955997 5807382,-946162 5751326,-990972 5743290,-1001134 5799380))
28356;POLYGON((-1545221 5682310,-1499697 5693597,-1485777 5637084,-1530942 5625755,-1545221 5682310))
28357;POLYGON((-2094289 5523542,-2048335 5538482,-2029883 5481463,-2075435 5466482,-2094289 5523542))
28358;POLYGON((-2648403 5317893,-2602052 5336974,-2578470 5279505,-2624362 5260393,-2648403 5317893))
3113;POLYGON((-1996019 -1120963,-1950477 -1109671,-1936552 -1166206,-1981734 -1177540,-1996019 -1120963))
3111;POLYGON((1188242 2425916,1232369 2432689,1240643 2377829,1196803 2371100,1188242 2425916))
3107;POLYGON((575520 1464432,620177 1466293,622363 1410770,577962 1408919,575520 1464432))
3308;POLYGON((7809212 3992060,7853348 3999090,7861956 3944205,7818082 3937217,7809212 3992060))
3112;POLYGON((-335577 -4138751,-290844 -4137505,-289405 -4193143,-333917 -4194383,-335577 -4138751))
3577;POLYGON((-156642 -4017429,-111889 -4016903,-111348 -4072212,-155885 -4072735,-156642 -4017429))
