4326;POLYGON((130.5 -19.75,131.0 -19.75,131.0 -20.25,130.5 -20.25,130.5 -19.75))
28348;POLYGON((3242022 7599823,3298709 7590574,3288701 7530647,3232265 7540079,3242022 7599823))
28349;POLYGON((2574135 7693562,2629004 7686900,2621779 7628899,2567122 7635696,2574135 7693562))
28350;POLYGON((1924632 7758719,1978204 7754288,1973374 7697666,1919988 7702189,1924632 7758719))
28351;POLYGON((1287517 7798695,1340276 7796269,1337596 7740521,1285009 7742998,1287517 7798695))
28352;POLYGON((657168 7815487,709571 7814946,708910 7759590,656672 7760143,657168 7815487))
28353;POLYGON((28160 7809912,80657 7811231,81983 7755797,29653 7754451,28160 7809912))
28354;POLYGON((-604884 7781700,-551843 7784942,-548466 7728958,-601330 7725648,-604884 7781700))
28355;POLYGON((-1247471 7729464,-1193419 7734790,-1187824 7677767,-1241680 7672331,-1247471 7729464))
28356;POLYGON((-1905387 7650542,-1849827 7658230,-1841725 7599650,-1897059 7591808,-1905387 7650542))
28357;POLYGON((-2584873 7540695,-2527263 7551168,-2516211 7490470,-2573549 7479794,-2584873 7540695))
28358;POLYGON((-3292789 7393597,-3232529 7407479,-3217874 7344050,-3277796 7329910,-3292789 7393597))
3113;POLYGON((-2356326 848036,-2300744 855727,-2292639 797124,-2347995 789279,-2356326 848036))
3111;POLYGON((920260 4318853,974333 4327008,982787 4269941,929013 4261831,920260 4318853))
3107;POLYGON((519134 3353972,572538 3356074,574626 3299713,521483 3297621,519134 3353972))
3308;POLYGON((7533050 5868003,7586168 5876334,7594823 5820262,7541974 5811974,7533050 5868003))
3112;POLYGON((-365237 -2270570,-313071 -2269221,-311756 -2324293,-363703 -2325637,-365237 -2270570))
3577;POLYGON((-156574 -2117222,-104384 -2116711,-103949 -2172316,-155921 -2172824,-156574 -2117222))
