4326;POLYGON((130.0 -29.5,130.5 -29.5,130.5 -30.0,130.0 -30.0,130.0 -29.5))
28348;POLYGON((2962692 6460837,3013552 6449016,2999779 6390872,2949251 6402796,2962692 6460837))
28349;POLYGON((2359048 6581193,2408918 6572613,2398893 6515589,2349315 6524249,2359048 6581193))
28350;POLYGON((1765655 6665131,1814789 6659432,1808094 6603248,1759224 6609003,1765655 6665131))
28351;POLYGON((1179367 6716116,1228032 6713067,1224397 6657422,1175979 6660502,1179367 6716116))
28352;POLYGON((596930 6736200,645399 6735679,644679 6680267,596450 6680793,596930 6736200))
28353;POLYGON((15043 6726179,63593 6728166,65760 6672677,17453 6670670,15043 6726179))
28354;POLYGON((-569596 6685659,-520690 6690231,-515551 6634355,-564201 6629736,-569596 6685659))
28355;POLYGON((-1160264 6613016,-1110732 6620359,-1102415 6563791,-1151668 6556377,-1160264 6613016))
28356;POLYGON((-1760152 6505281,-1709734 6515699,-1697898 6458148,-1748002 6447636,-1760152 6505281))
28357;POLYGON((-2372271 6357907,-2320726 6371846,-2304867 6313048,-2356048 6298994,-2372271 6357907))
28358;POLYGON((-2999277 6164414,-2946402 6182499,-2925819 6122246,-2978260 6104033,-2999277 6164414))
3113;POLYGON((-2211034 -297670,-2160596 -287249,-2148755 -344822,-2198879 -355338,-2211034 -297670))
3111;POLYGON((1039677 3218730,1087971 3226273,1096444 3171072,1048440 3163574,1039677 3218730))
3107;POLYGON((516051 2265379,564417 2267507,566721 2212222,518611 2210105,516051 2265379))
3308;POLYGON((7656919 4781697,7704837 4789447,7713562 4734663,7665907 4726956,7656919 4781697))
3112;POLYGON((-383377 -3340610,-335468 -3339180,-333942 -3393962,-381633 -3395385,-383377 -3340610))
3577;POLYGON((-191684 -3208759,-143765 -3208102,-143107 -3264160,-190806 -3264814,-191684 -3208759))
