4326;POLYGON((129.75 -30.5,130.25 -30.5,130.25 -31.0,129.75 -31.0,129.75 -30.5))
28348;POLYGON((2910562 6350744,2960712 6338866,2946735 6280951,2896923 6292923,2910562 6350744))
28349;POLYGON((2314824 6471625,2364074 6463014,2353912 6406125,2304959 6414810,2314824 6471625))
28350;POLYGON((1728412 6555710,1776992 6550017,1770235 6493899,1721925 6499645,1728412 6555710))
28351;POLYGON((1148464 6606365,1196619 6603364,1193001 6547740,1145100 6550770,1148464 6606365))
28352;POLYGON((571971 6625569,619955 6625144,619337 6569727,571600 6570156,571971 6625569))
28353;POLYGON((-4136 6614065,43932 6616199,46290 6560697,-1528 6558543,-4136 6614065))
28354;POLYGON((-582935 6571409,-534525 6576185,-529100 6520308,-577247 6515487,-582935 6571409))
28355;POLYGON((-1167455 6495939,-1118454 6503545,-1109751 6447010,-1158465 6439336,-1167455 6495939))
28356;POLYGON((-1760605 6384656,-1710779 6395397,-1698452 6337938,-1747956 6327109,-1760605 6384656))
28357;POLYGON((-2365056 6233003,-2314195 6247326,-2297737 6188713,-2348224 6174285,-2365056 6233003))
28358;POLYGON((-2983035 6034539,-2930977 6053062,-2909684 5993131,-2961299 5974493,-2983035 6034539))
3113;POLYGON((-2211487 -418343,-2161642 -407597,-2149310 -465079,-2198833 -475912,-2211487 -418343))
3111;POLYGON((1033352 3104651,1081047 3112229,1089650 3057151,1042244 3049619,1033352 3104651))
3107;POLYGON((497248 2153708,545096 2155925,547528 2100666,499935 2098462,497248 2153708))
3308;POLYGON((7651209 4668320,7698583 4676098,7707433 4621377,7660320 4613641,7651209 4668320))
3112;POLYGON((-403622 -3450968,-356152 -3449457,-354515 -3504296,-401767 -3505801,-403622 -3450968))
3577;POLYGON((-213668 -3321245,-166189 -3320501,-165422 -3376515,-212681 -3377255,-213668 -3321245))
