4326;POLYGON((130.5 -42.0,131.0 -42.0,131.0 -42.5,130.5 -42.5,130.5 -42.0))
28348;POLYGON((2617257 5023524,2658900 5010078,2640600 4954300,2599360 4967744,2617257 5023524))
28349;POLYGON((2117750 5162168,2159350 5152172,2145704 5096425,2104475 5106428,2117750 5162168))
28350;POLYGON((1619059 5261134,1660579 5254335,1651248 5198680,1610076 5205487,1619059 5261134))
28351;POLYGON((1121316 5322930,1162764 5319156,1157513 5263588,1116398 5267369,1121316 5322930))
28352;POLYGON((624227 5349135,665638 5348288,664335 5292768,623250 5293616,624227 5349135))
28353;POLYGON((127280 5340419,168701 5342478,171311 5286948,130218 5284885,127280 5340419))
28354;POLYGON((-370080 5296558,-328606 5301577,-322015 5245983,-363151 5240958,-370080 5296558))
28355;POLYGON((-868282 5216432,-826727 5224538,-815989 5168850,-857187 5160736,-868282 5216432))
28356;POLYGON((-1367432 5098000,-1325806 5109399,-1310652 5053631,-1351895 5042228,-1367432 5098000))
28357;POLYGON((-1867098 4938276,-1825464 4953254,-1805518 4897495,-1846733 4882526,-1867098 4938276))
28358;POLYGON((-2366005 4733307,-2324510 4752230,-2299292 4696683,-2340324 4677791,-2366005 4733307))
3113;POLYGON((-1818161 -1705501,-1776518 -1694097,-1761358 -1749887,-1802617 -1761294,-1818161 -1705501))
3111;POLYGON((1298830 1852591,1339946 1858791,1348118 1803624,1307292 1797467,1298830 1852591))
3107;POLYGON((622276 879281,664225 880932,666310 824640,624621 822999,622276 879281))
3308;POLYGON((7923440 3416954,7964822 3423444,7973396 3367902,7932280 3361454,7923440 3416954))
3112;POLYGON((-296785 -4727764,-254396 -4726668,-253037 -4783574,-295200 -4784664,-296785 -4727764))
3577;POLYGON((-127511 -4592462,-85008 -4592046,-84585 -4646095,-126876 -4646509,-127511 -4592462))
