4326;POLYGON((130.25 -20.25,130.75 -20.25,130.75 -20.75,130.25 -20.75,130.25 -20.25))
28348;POLYGON((3204111 7544706,3260462 7535393,3250356 7475633,3194259 7485122,3204111 7544706))
28349;POLYGON((2539841 7639019,2594435 7632323,2587151 7574429,2532772 7581255,2539841 7639019))
28350;POLYGON((1893327 7704384,1946670 7699950,1941822 7643391,1888669 7647914,1893327 7704384))
28351;POLYGON((1258733 7744176,1311297 7741780,1308641 7686061,1256253 7688505,1258733 7744176))
28352;POLYGON((630556 7760360,682790 7759886,682197 7704534,630133 7705017,630556 7760360))
28353;POLYGON((3478 7753718,55821 7755144,57265 7699695,5093 7698240,3478 7753718))
28354;POLYGON((-627786 7723930,-574890 7727324,-571343 7671313,-624057 7667851,-627786 7723930))
28355;POLYGON((-1268647 7669543,-1214739 7675072,-1208913 7618019,-1262619 7612380,-1268647 7669543))
28356;POLYGON((-1924781 7587806,-1869374 7595756,-1860971 7537151,-1916145 7529047,-1924781 7587806))
28357;POLYGON((-2602290 7474358,-2544856 7485165,-2533419 7424459,-2590573 7413451,-2602290 7474358))
28358;POLYGON((-3307848 7322719,-3247805 7337020,-3232664 7273619,-3292360 7259065,-3307848 7322719))
3113;POLYGON((-2375727 785275,-2320299 793228,-2311892 734600,-2367087 726494,-2375727 785275))
3111;POLYGON((902142 4257670,955894 4265921,964478 4209008,911024 4200803,902142 4257670))
3107;POLYGON((494915 3296483,548053 3298698,550268 3242433,497390 3240230,494915 3296483))
3308;POLYGON((7515564 5807735,7568394 5816149,7577168 5760200,7524606 5751828,7515564 5807735))
3112;POLYGON((-389674 -2326387,-337730 -2324939,-336307 -2379957,-388032 -2381397,-389674 -2326387))
3577;POLYGON((-181907 -2173155,-129935 -2172545,-129391 -2228207,-181144 -2228814,-181907 -2173155))
