4326;POLYGON((129.75 -35.0,130.25 -35.0,130.25 -35.5,129.75 -35.5,129.75 -35.0))
28348;POLYGON((2781522 5833478,2828516 5820901,2812965 5763809,2766337 5776443,2781522 5833478))
28349;POLYGON((2221220 5961928,2267671 5952750,2256289 5896301,2210167 5905526,2221220 5961928))
28350;POLYGON((1666731 6051763,1712754 6045667,1705151 5989729,1659430 5995860,1666731 6051763))
28351;POLYGON((1116438 6106072,1162181 6102850,1158098 6047252,1112641 6050493,1116438 6106072))
28352;POLYGON((568439 6126699,614067 6126243,613369 6070788,568020 6071248,568439 6126699))
28353;POLYGON((20697 6114340,66383 6116633,69045 6061119,23642 6058812,20697 6114340))
28354;POLYGON((-528835 6068578,-482924 6073698,-476812 6017924,-522428 6012774,-528835 6068578))
28355;POLYGON((-1082110 5987863,-1035817 5995984,-1026049 5939766,-1072024 5931601,-1082110 5987863))
28356;POLYGON((-1640829 5869430,-1594027 5880831,-1580270 5824019,-1626721 5812563,-1640829 5869430))
28357;POLYGON((-2206261 5709159,-2158866 5724240,-2140644 5666741,-2187640 5651601,-2206261 5709159))
28358;POLYGON((-2778958 5501373,-2730960 5520673,-2707629 5462492,-2755167 5443140,-2778958 5501373))
3113;POLYGON((-2091664 -933769,-2044844 -922364,-2031082 -979199,-2077551 -990659,-2091664 -933769))
3111;POLYGON((1113176 2610614,1158275 2617779,1166838 2562954,1122027 2555834,1113176 2610614))
3107;POLYGON((521440 1656287,566986 1658397,569422 1603024,524132 1600926,521440 1656287))
3308;POLYGON((7733188 4176379,7778207 4183770,7787061 4129028,7742303 4121680,7733188 4176379))
3112;POLYGON((-386868 -3946172,-341369 -3944723,-339717 -4000059,-384997 -4001501,-386868 -3946172))
3577;POLYGON((-204814 -3823923,-159303 -3823210,-158541 -3878796,-203835 -3879505,-204814 -3823923))
