4326;POLYGON((130.5 -36.5,131.0 -36.5,131.0 -37.0,130.5 -37.0,130.5 -36.5))
28348;POLYGON((2804328 5643425,2850273 5630235,2833664 5573356,2788098 5586590,2804328 5643425))
28349;POLYGON((2255880 5778793,2301387 5769070,2289109 5712711,2243943 5722474,2255880 5778793))
28350;POLYGON((1712236 5874723,1757382 5868151,1749038 5812229,1704206 5818832,1712236 5874723))
28351;POLYGON((1172227 5934334,1217124 5930699,1212447 5875082,1167847 5878735,1172227 5934334))
28352;POLYGON((634337 5959545,679121 5958731,677962 5903257,633468 5904076,634337 5959545))
28353;POLYGON((96879 5951164,141693 5953145,144015 5897642,99493 5895651,96879 5951164))
28354;POLYGON((-441866 5908922,-396881 5913761,-391004 5858059,-435686 5853196,-441866 5908922))
28355;POLYGON((-983520 5831463,-938235 5839317,-928616 5783261,-973576 5775373,-983520 5831463))
28356;POLYGON((-1529449 5716283,-1483766 5727405,-1470095 5670879,-1515423 5659713,-1529449 5716283))
28357;POLYGON((-2080568 5559618,-2034433 5574374,-2016267 5517317,-2062003 5502517,-2080568 5559618))
28358;POLYGON((-2637055 5356294,-2590490 5375173,-2567234 5317628,-2613343 5298713,-2637055 5356294))
3113;POLYGON((-1980241 -1086976,-1934540 -1075850,-1920864 -1132399,-1966209 -1143568,-1980241 -1086976))
3111;POLYGON((1206092 2456749,1250382 2463429,1258511 2408549,1214510 2401913,1206092 2456749))
3107;POLYGON((596691 1493130,641482 1494893,643538 1439388,599004 1437635,596691 1493130))
3308;POLYGON((7826909 4023021,7871193 4029965,7879666 3975078,7835645 3968174,7826909 4023021))
3112;POLYGON((-313986 -4110323,-269140 -4109163,-267812 -4164757,-312437 -4165912,-313986 -4110323))
3577;POLYGON((-134591 -3989457,-89728 -3989018,-89295 -4044372,-133941 -4044809,-134591 -3989457))
