4326;POLYGON((129.75 -14.25,130.25 -14.25,130.25 -14.75,129.75 -14.75,129.75 -14.25))
28348;POLYGON((3246080 8271571,3304853 8264817,3297720 8204479,3239131 8211443,3246080 8271571))
28349;POLYGON((2555239 8339610,2611896 8334805,2606808 8276654,2550306 8281611,2555239 8339610))
28350;POLYGON((1885521 8386212,1940707 8383075,1937368 8326451,1882318 8329687,1885521 8386212))
28351;POLYGON((1229637 8414009,1283931 8412368,1282157 8356676,1227988 8358370,1229637 8414009))
28352;POLYGON((580906 8424494,634850 8424262,634548 8368951,580725 8369190,580906 8424494))
28353;POLYGON((-67035 8418216,-12916 8419382,-11762 8363914,-65758 8362712,-67035 8418216))
28354;POLYGON((-720522 8394849,-665696 8397473,-663025 8341306,-717720 8338598,-720522 8394849))
28355;POLYGON((-1386127 8353146,-1330029 8357370,-1325698 8299931,-1381649 8295573,-1386127 8353146))
28356;POLYGON((-2070958 8290786,-2012967 8296851,-2006731 8237511,-2064548 8231256,-2070958 8290786))
28357;POLYGON((-2782989 8204064,-2722399 8212343,-2713877 8150386,-2774254 8141853,-2782989 8204064))
28358;POLYGON((-3531464 8087389,-3467445 8098436,-3456070 8033022,-3519818 8021644,-3531464 8087389))
3113;POLYGON((-2521961 1488530,-2463947 1494597,-2457709 1435234,-2515548 1428977,-2521961 1488530))
3111;POLYGON((736412 4942458,793763 4951570,802936 4892838,745893 4883775,736412 4942458))
3107;POLYGON((408555 3977355,464845 3979962,467381 3922316,411358 3919721,408555 3977355))
3308;POLYGON((7349545 6478536,7405587 6487737,7414871 6430333,7359104 6421177,7349545 6478536))
3112;POLYGON((-464121 -1662700,-409536 -1660962,-407867 -1716879,-462230 -1718610,-464121 -1662700))
3577;POLYGON((-245543 -1511580,-190981 -1510726,-190231 -1565471,-244578 -1566322,-245543 -1511580))
