4326;POLYGON((130.25 -37.25,130.75 -37.25,130.75 -37.75,130.25 -37.75,130.25 -37.25))
28348;POLYGON((2757248 5564723,2802606 5551620,2785944 5494910,2740968 5508051,2757248 5564723))
28349;POLYGON((2215440 5699122,2260420 5689477,2248120 5633219,2203484 5642899,2215440 5699122))
28350;POLYGON((1677829 5794109,1722491 5787617,1714167 5731745,1669823 5738264,1677829 5794109))
28351;POLYGON((1143418 5852678,1187862 5849136,1183255 5793533,1139113 5797091,1143418 5852678))
28352;POLYGON((610857 5876661,655203 5875958,654171 5820480,610120 5821186,610857 5876661))
28353;POLYGON((78621 5866807,123000 5868921,125511 5813410,81430 5811286,78621 5866807))
28354;POLYGON((-454841 5822808,-410302 5827805,-404170 5772106,-448400 5767087,-454841 5822808))
28355;POLYGON((-990972 5743290,-946162 5751326,-936219 5695305,-980700 5687236,-990972 5743290))
28356;POLYGON((-1530942 5625755,-1485777 5637084,-1471714 5580641,-1516517 5569275,-1530942 5625755))
28357;POLYGON((-2075435 5466482,-2029883 5481463,-2011258 5424566,-2056405 5409548,-2075435 5466482))
28358;POLYGON((-2624362 5260393,-2578470 5279505,-2554695 5222223,-2600127 5203086,-2624362 5260393))
3113;POLYGON((-1981734 -1177540,-1936552 -1166206,-1922483 -1222671,-1967304 -1234042,-1981734 -1177540))
3111;POLYGON((1196803 2371100,1240643 2377829,1248918 2322962,1205366 2316277,1196803 2371100))
3107;POLYGON((577962 1408919,622363 1410770,624550 1355196,580407 1353356,577962 1408919))
3308;POLYGON((7818082 3937217,7861956 3944205,7870569 3889281,7826958 3882335,7818082 3937217))
3112;POLYGON((-333917 -4194383,-289405 -4193143,-287964 -4248875,-332254 -4250109,-333917 -4194383))
3577;POLYGON((-155885 -4072735,-111348 -4072212,-110808 -4127429,-155128 -4127949,-155885 -4072735))
