4326;POLYGON((130.5 -26.75,131.0 -26.75,131.0 -27.25,130.5 -27.25,130.5 -26.75))
28348;POLYGON((3085866 6770401,3138603 6758941,3125580 6700182,3073159 6711770,3085866 6770401))
28349;POLYGON((2461434 6887092,2512926 6878766,2503440 6821385,2452220 6829810,2461434 6887092))
28350;POLYGON((1849805 6968796,1900381 6963225,1894000 6906865,1843668 6912505,1849805 6968796))
28351;POLYGON((1247028 7019164,1297018 7016102,1293464 6960402,1243701 6963503,1247028 7019164))
28352;POLYGON((649160 7040375,698891 7039691,698013 6984291,648502 6984984,649160 7040375))
28353;POLYGON((52272 7033329,102071 7034995,103832 6979535,54255 6977848,52272 7033329))
28354;POLYGON((-547557 6997729,-497363 7001815,-492889 6945936,-542850 6941799,-547557 6997729))
28355;POLYGON((-1154265 6932052,-1103347 6938734,-1095969 6882074,-1146632 6875310,-1154265 6932052))
28356;POLYGON((-1771803 6833413,-1719832 6842990,-1709223 6785188,-1760905 6775501,-1771803 6833413))
28357;POLYGON((-2404107 6697314,-2350756 6710230,-2336427 6650936,-2389440 6637880,-2404107 6697314))
28358;POLYGON((-3055010 6517232,-2999968 6534121,-2981224 6473009,-3035858 6455954,-3055010 6517232))
3113;POLYGON((-2222690 30589,-2170698 40169,-2160085 -17654,-2211788 -27346,-2222690 30589))
3111;POLYGON((1041197 3530987,1091131 3538518,1099367 3482915,1049725 3475428,1041197 3530987))
3107;POLYGON((551726 2571985,601510 2573945,603564 2518507,554037 2516557,551726 2571985))
3308;POLYGON((7656753 5091339,7706152 5099086,7714646 5044065,7665510 5036360,7656753 5091339))
3112;POLYGON((-343852 -3038198,-294741 -3036928,-293434 -3091635,-342329 -3092900,-343852 -3038198))
3577;POLYGON((-147387 -2899643,-98259 -2899162,-97820 -2955248,-146729 -2955726,-147387 -2899643))
