4326;POLYGON((130.5 -34.25,131.0 -34.25,131.0 -34.75,130.5 -34.75,130.5 -34.25))
28348;POLYGON((2875316 5900359,2922936 5887423,2907087 5830096,2859835 5843096,2875316 5900359))
28349;POLYGON((2307982 6032869,2354987 6023367,2343312 5966761,2296635 5976317,2307982 6032869))
28350;POLYGON((1747233 6126501,1793752 6120094,1785838 6064065,1739619 6070513,1747233 6126501))
28351;POLYGON((1191299 6184572,1237492 6181034,1233063 6125396,1187152 6128958,1191299 6184572))
28352;POLYGON((638120 6209106,684166 6208314,683069 6152858,637298 6153655,638120 6209106))
28353;POLYGON((85498 6200951,131583 6202879,133781 6147386,87973 6145446,85498 6200951))
28354;POLYGON((-468788 6159827,-422481 6164540,-416913 6108795,-462933 6104051,-468788 6159827))
28355;POLYGON((-1026886 6084306,-980183 6091969,-971053 6035767,-1017447 6028057,-1026886 6084306))
28356;POLYGON((-1590731 5971736,-1543484 5982620,-1530471 5925787,-1577377 5914843,-1590731 5971736))
28357;POLYGON((-2161877 5818093,-2113975 5832591,-2096617 5775003,-2144131 5760439,-2161877 5818093))
28358;POLYGON((-2741237 5617772,-2692637 5636417,-2670301 5578039,-2718451 5559330,-2741237 5617772))
3113;POLYGON((-2041547 -831424,-1994281 -820536,-1981264 -877391,-2028187 -888339,-2041547 -831424))
3111;POLYGON((1168206 2703568,1213792 2710443,1221926 2655532,1176628 2648701,1168206 2703568))
3107;POLYGON((586303 1742385,632247 1744194,634297 1688849,588609 1687050,586303 1742385))
3308;POLYGON((7787652 4269496,7833116 4276626,7841572 4221848,7796370 4214760,7787652 4269496))
3112;POLYGON((-320926 -3861195,-275088 -3860009,-273770 -3915245,-319387 -3916425,-320926 -3861195))
3577;POLYGON((-137527 -3739415,-91686 -3738966,-91250 -3794655,-136873 -3795102,-137527 -3739415))
