4326;POLYGON((130.0 -23.0,130.5 -23.0,130.5 -23.5,130.0 -23.5,130.0 -23.0))
28348;POLYGON((3119868 7222922,3174688 7212810,3163520 7153557,3108979 7163824,3119868 7222922))
28349;POLYGON((2472360 7325399,2525658 7318122,2517601 7260512,2464541 7267905,2472360 7325399))
28350;POLYGON((1840293 7396363,1892500 7391558,1887151 7335133,1835157 7340016,1840293 7396363))
28351;POLYGON((1218620 7439269,1270149 7436707,1267255 7381026,1215923 7383630,1218620 7439269))
28352;POLYGON((602485 7456130,653734 7455693,653162 7400329,602103 7400773,602485 7456130))
28353;POLYGON((-12862 7447721,38501 7449389,40224 7393919,-10946 7392223,-12862 7447721))
28354;POLYGON((-632157 7413656,-580282 7417505,-576184 7361506,-627854 7357593,-632157 7413656))
28355;POLYGON((-1260209 7352351,-1207417 7358562,-1200754 7301601,-1253320 7295290,-1260209 7352351))
28356;POLYGON((-1901995 7260865,-1847863 7269742,-1838311 7211369,-1892183 7202354,-1901995 7260865))
28357;POLYGON((-2562720 7134588,-2506805 7146588,-2493875 7086336,-2549481 7074157,-2562720 7134588))
28358;POLYGON((-3247863 6966753,-3189696 6982539,-3172682 6919926,-3230468 6903921,-3247863 6966753))
3113;POLYGON((-2352932 458207,-2298779 467087,-2289224 408691,-2343116 399673,-2352932 458207))
3111;POLYGON((924715 3942309,976810 3950446,985444 3894203,933643 3886112,924715 3942309))
3107;POLYGON((482631 2986959,534336 2989234,536663 2933411,485216 2931147,482631 2986959))
3308;POLYGON((7539442 5497212,7590785 5505516,7599615 5450073,7548538 5441812,7539442 5497212))
3112;POLYGON((-406028 -2629186,-355289 -2627672,-353762 -2682469,-404284 -2683977,-406028 -2629186))
3577;POLYGON((-203089 -2480281,-152319 -2479585,-151663 -2535503,-202214 -2536195,-203089 -2480281))
