4326;POLYGON((131.0 -26.75,131.5 -26.75,131.5 -27.25,131.0 -27.25,131.0 -26.75))
28348;POLYGON((3138603 6758941,3191458 6747198,3178116 6688309,3125580 6700182,3138603 6758941))
28349;POLYGON((2512926 6878766,2564510 6870196,2554747 6812713,2503440 6821385,2512926 6878766))
28350;POLYGON((1900381 6963225,1951021 6957434,1944394 6901003,1894000 6906865,1900381 6963225))
28351;POLYGON((1297018 7016102,1347044 7012837,1343262 6957096,1293464 6960402,1297018 7016102))
28352;POLYGON((698891 7039691,748631 7038811,747533 6983400,698013 6984291,698891 7039691))
28353;POLYGON((102071 7034995,151852 7036464,153392 6981023,103832 6979535,102071 7034995))
28354;POLYGON((-497363 7001815,-447214 7005695,-442972 6949864,-492889 6945936,-497363 7001815))
28355;POLYGON((-1103347 6938734,-1052502 6945191,-1045376 6888610,-1095969 6882074,-1103347 6938734))
28356;POLYGON((-1719832 6842990,-1667961 6852311,-1657637 6794618,-1709223 6785188,-1719832 6842990))
28357;POLYGON((-2350756 6710230,-2297533 6722847,-2283537 6663690,-2336427 6650936,-2350756 6710230))
28358;POLYGON((-2999968 6534121,-2945078 6550650,-2926734 6489700,-2981224 6473009,-2999968 6534121))
3113;POLYGON((-2170698 40169,-2118807 49493,-2108479 -8221,-2160085 -17654,-2170698 40169))
3111;POLYGON((1091131 3538518,1141104 3545786,1149048 3490141,1099367 3482915,1091131 3538518))
3107;POLYGON((601510 2573945,651303 2575674,653100 2520227,603564 2518507,601510 2573945))
3308;POLYGON((7706152 5099086,7755588 5106596,7763818 5051536,7714646 5044065,7706152 5099086))
3112;POLYGON((-294741 -3036928,-245624 -3035853,-244536 -3090565,-293434 -3091635,-294741 -3036928))
3577;POLYGON((-98259 -2899162,-49130 -2898874,-48910 -2954961,-97820 -2955248,-98259 -2899162))
