4326;POLYGON((131.5 -24.0,132.0 -24.0,132.0 -24.5,131.5 -24.5,131.5 -24.0))
28348;POLYGON((3261077 7072751,3315760 7061529,3303284 7001976,3248901 7013355,3261077 7072751))
28349;POLYGON((2615334 7187249,2668472 7179056,2659341 7121179,2606459 7129493,2615334 7187249))
28350;POLYGON((1985469 7268197,2037469 7262627,2031234 7205992,1979460 7211647,1985469 7268197))
28351;POLYGON((1366684 7319494,1417940 7316285,1414309 7260469,1363261 7263728,1366684 7319494))
28352;POLYGON((754332 7343515,805227 7342521,804034 7287111,753338 7288121,754332 7343515))
28353;POLYGON((143862 7341345,194772 7342521,195965 7287111,145254 7285917,143862 7341345))
28354;POLYGON((-469244 7312886,-417940 7316285,-414309 7260469,-465404 7257018,-469244 7312886))
28355;POLYGON((-1089549 7256850,-1037469 7262627,-1031234 7205992,-1083086 7200128,-1089549 7256850))
28356;POLYGON((-1721723 7170627,-1668472 7179056,-1659341 7121179,-1712333 7112627,-1721723 7170627))
28357;POLYGON((-2370591 7050030,-2315760 7061529,-2303284 7001976,-2357809 6990318,-2370591 7050030))
28358;POLYGON((-3041144 6888866,-2984312 6904041,-2967838 6842372,-3024300 6827001,-3041144 6888866))
3113;POLYGON((-2172590 367934,-2119318 376366,-2110184 318467,-2163196 309912,-2172590 367934))
3111;POLYGON((1097196 3853341,1148822 3860574,1156540 3804407,1105208 3797216,1097196 3853341))
3107;POLYGON((641393 2881447,692608 2882988,694156 2827266,643199 2825733,641393 2881447))
3308;POLYGON((7710175 5410410,7761101 5417898,7769114 5362480,7718453 5355031,7710175 5410410))
3112;POLYGON((-251613 -2734837,-201295 -2733936,-200424 -2788700,-250524 -2789597,-251613 -2734837))
3577;POLYGON((-50336 -2590667,0 -2590569,0 -2646556,-50117 -2646654,-50336 -2590667))
