4326;POLYGON((131.0 -40.25,131.5 -40.25,131.5 -40.75,131.0 -40.75,131.0 -40.25))
28348;POLYGON((2721804 5206086,2764856 5192361,2746668 5136222,2704016 5149958,2721804 5206086))
28349;POLYGON((2206173 5347726,2249067 5337499,2235475 5281539,2192946 5291784,2206173 5347726))
28350;POLYGON((1692557 5449321,1735283 5442309,1725916 5386553,1683529 5393581,1692557 5449321))
28351;POLYGON((1180745 5513678,1223340 5509687,1217944 5454093,1175671 5458094,1180745 5513678))
28352;POLYGON((670100 5542575,712630 5541496,711056 5485988,668842 5487070,670100 5542575))
28353;POLYGON((159763 5536814,202302 5538615,204507 5483099,162285 5481292,159763 5536814))
28354;POLYGON((-351181 5496233,-308558 5500966,-302513 5445349,-344810 5440605,-351181 5496233))
28355;POLYGON((-863540 5419711,-820774 5427505,-810725 5371716,-853146 5363905,-863540 5419711))
28356;POLYGON((-1377833 5305131,-1334897 5316203,-1320568 5260210,-1363131 5249121,-1377833 5305131))
28357;POLYGON((-1894072 5149334,-1850990 5163987,-1831992 5107827,-1874663 5093164,-1894072 5149334))
28358;POLYGON((-2411472 4948054,-2368349 4966689,-2344172 4910505,-2386836 4891880,-2411472 4948054))
3113;POLYGON((-1828566 -1498289,-1785613 -1487213,-1771278 -1543228,-1813858 -1554320,-1828566 -1498289))
3111;POLYGON((1311396 2051527,1353556 2057659,1361417 2002599,1319546 1996509,1311396 2051527))
3107;POLYGON((656953 1077232,699818 1078720,701632 1022733,659027 1021254,656953 1077232))
3308;POLYGON((7934909 3617216,7977250 3623649,7985518 3568337,7943442 3561945,7934909 3617216))
3112;POLYGON((-259125 -4528615,-215943 -4527670,-214821 -4584092,-257778 -4585032,-259125 -4528615))
3577;POLYGON((-86498 -4401741,-43249 -4401487,-43035 -4456032,-86071 -4456284,-86498 -4401741))
