4326;POLYGON((130.75 -18.75,131.25 -18.75,131.25 -19.25,130.75 -19.25,130.75 -18.75))
28348;POLYGON((3289429 7715114,3346694 7706126,3337022 7645956,3280000 7655135,3289429 7715114))
28349;POLYGON((2615291 7806235,2670638 7799755,2663649 7741605,2608506 7748227,2615291 7806235))
28350;POLYGON((1960542 7869721,2014520 7865394,2009830 7808691,1956031 7813115,1960542 7869721))
28351;POLYGON((1318892 7908954,1372007 7906554,1369374 7850773,1316422 7853227,1318892 7908954))
28352;POLYGON((684483 7925928,737212 7925336,736504 7869978,683933 7870583,684483 7925928))
28353;POLYGON((51695 7921482,104501 7922669,105684 7867251,53037 7866037,51695 7921482))
28354;POLYGON((-585037 7895399,-531688 7898423,-528557 7842459,-581738 7839367,-585037 7895399))
28355;POLYGON((-1231413 7846375,-1177036 7851389,-1171799 7794376,-1225990 7789251,-1231413 7846375))
28356;POLYGON((-1893445 7771877,-1837523 7779145,-1829905 7720546,-1885613 7713120,-1893445 7771877))
28357;POLYGON((-2577660 7667835,-2519624 7677766,-2509201 7616995,-2566979 7606854,-2577660 7667835))
28358;POLYGON((-3291306 7528149,-3230518 7541346,-3216664 7477751,-3277129 7464288,-3291306 7528149))
3113;POLYGON((-2344379 969418,-2288435 976690,-2280814 918068,-2336543 910638,-2344379 969418))
3111;POLYGON((930023 4437468,984719 4445570,993063 4388204,938668 4380147,930023 4437468))
3107;POLYGON((541387 3468063,595318 3470061,597282 3413496,543613 3411508,541387 3468063))
3308;POLYGON((7541973 5984623,7595649 5992909,7604204 5936601,7550797 5928357,7541973 5984623))
3112;POLYGON((-342008 -2159556,-289400 -2158299,-288192 -2213492,-340580 -2214743,-342008 -2159556))
3577;POLYGON((-131566 -2005921,-78940 -2005509,-78614 -2060988,-131023 -2061398,-131566 -2005921))
