4326;POLYGON((130.75 -38.5,131.25 -38.5,131.25 -39.0,130.75 -39.0,130.75 -38.5))
28348;POLYGON((2760653 5410030,2805077 5396534,2787629 5340043,2743597 5353565,2760653 5410030))
28349;POLYGON((2229431 5548932,2273568 5538928,2260598 5482776,2216814 5492808,2229431 5548932))
28350;POLYGON((1701511 5647980,1745391 5641168,1736513 5585331,1692961 5592166,1701511 5647980))
28351;POLYGON((1176247 5710137,1219941 5706314,1214895 5650708,1171512 5654545,1176247 5710137))
28352;POLYGON((652601 5737255,696206 5736307,694841 5680815,651540 5681766,652601 5737255))
28353;POLYGON((129331 5730139,172954 5732038,175232 5676529,131914 5674623,129331 5730139))
28354;POLYGON((-394845 5688579,-351098 5693381,-345112 5637726,-388543 5632907,-394845 5688579))
28355;POLYGON((-921106 5611337,-877147 5619186,-867275 5563276,-910899 5555402,-921106 5611337))
28356;POLYGON((-1450354 5496110,-1406122 5507239,-1392073 5451002,-1435940 5439844,-1450354 5496110))
28357;POLYGON((-1983000 5339446,-1938486 5354190,-1919844 5297619,-1963952 5282850,-1983000 5339446))
28358;POLYGON((-2518676 5136650,-2473949 5155450,-2450162 5098645,-2494432 5079834,-2518676 5136650))
3113;POLYGON((-1901115 -1307236,-1856866 -1296102,-1842811 -1352361,-1886696 -1363524,-1901115 -1307236))
3111;POLYGON((1261333 2240640,1304487 2247032,1312478 2192087,1269613 2185738,1261333 2240640))
3107;POLYGON((627836 1271732,671601 1273353,673536 1217624,630029 1216013,627836 1271732))
3308;POLYGON((7883502 3806813,7926750 3813490,7935118 3758409,7892133 3751773,7883502 3806813))
3112;POLYGON((-285796 -4332665,-241835 -4331615,-240610 -4387614,-284348 -4388659,-285796 -4332665))
3577;POLYGON((-109999 -4210069,-66000 -4209725,-65677 -4264688,-109461 -4265031,-109999 -4210069))
