4326;POLYGON((131.5 -22.25,132.0 -22.25,132.0 -22.75,131.5 -22.75,131.5 -22.25))
28348;POLYGON((3301961 7281331,3357659 7270689,3345971 7210816,3290557 7221628,3301961 7281331))
28349;POLYGON((2645089 7389769,2699089 7382017,2690556 7323967,2636797 7331849,2645089 7389769))
28350;POLYGON((2005594 7466285,2058353 7461024,2052536 7404312,1999988 7409663,2005594 7466285))
28351;POLYGON((1378143 7514711,1430096 7511683,1426711 7455849,1374952 7458930,1378143 7514711))
28352;POLYGON((757656 7537371,809218 7536433,808107 7481033,756730 7481987,757656 7537371))
28353;POLYGON((139202 7535324,190781 7536433,191892 7481033,140499 7479904,139202 7535324))
28354;POLYGON((-482100 7508476,-430096 7511683,-426711 7455849,-478520 7452585,-482100 7508476))
28355;POLYGON((-1111200 7455566,-1058353 7461024,-1052536 7404312,-1105169 7398761,-1111200 7455566))
28356;POLYGON((-1753213 7374042,-1699089 7382017,-1690556 7323967,-1744436 7315859,-1753213 7374042))
28357;POLYGON((-2413520 7259783,-2357659 7270689,-2345971 7210816,-2401544 7199735,-2413520 7259783))
28358;POLYGON((-3097841 7106652,-3039751 7121092,-3024268 7058888,-3082006 7044230,-3097841 7106652))
3113;POLYGON((-2204092 571428,-2149947 579407,-2141411 521334,-2195311 513222,-2204092 571428))
3111;POLYGON((1069034 4050598,1121697 4057975,1129465 4001439,1077100 3994103,1069034 4050598))
3107;POLYGON((635057 3076961,687177 3078529,688731 3022573,636870 3021012,635057 3076961))
3308;POLYGON((7681116 5604823,7732972 5612447,7741023 5556763,7689433 5549177,7681116 5604823))
3112;POLYGON((-255430 -2542979,-204349 -2542064,-203476 -2596923,-254339 -2597833,-255430 -2542979))
3577;POLYGON((-51102 -2394982,0 -2394882,0 -2450745,-50883 -2450844,-51102 -2394982))
