4326;POLYGON((131.5 -28.75,132.0 -28.75,132.0 -29.25,131.5 -29.25,131.5 -28.75))
28348;POLYGON((3136860 6512216,3188515 6499681,3174021 6441062,3122706 6453712,3136860 6512216))
28349;POLYGON((2524517 6640577,2575055 6631362,2564373 6573998,2514130 6583304,2524517 6640577))
28350;POLYGON((1923851 6731845,1973541 6725551,1966211 6669146,1916785 6675506,1923851 6731845))
28351;POLYGON((1331530 6789903,1380655 6786266,1376373 6730506,1327493 6734183,1331530 6789903))
28352;POLYGON((744125 6817148,792972 6816020,791564 6760584,742952 6761725,744125 6817148))
28353;POLYGON((158168 6814685,207027 6816020,208435 6760584,159812 6759234,158168 6814685))
28354;POLYGON((-429816 6782415,-380655 6786266,-376373 6730506,-425288 6726613,-429816 6782415))
28355;POLYGON((-1023291 6719026,-973541 6725551,-966211 6669146,-1015696 6662552,-1023291 6719026))
28356;POLYGON((-1625676 6621889,-1575055 6631362,-1564373 6573998,-1614697 6564430,-1625676 6621889))
28357;POLYGON((-2240276 6486847,-2188515 6499681,-2174021 6441062,-2225437 6428111,-2240276 6486847))
28358;POLYGON((-2870149 6307878,-2817009 6324656,-2798049 6264530,-2850781 6247616,-2870149 6307878))
3113;POLYGON((-2076505 -181018,-2025865 -171540,-2015179 -228927,-2065522 -238498,-2076505 -181018))
3111;POLYGON((1172819 3323634,1221662 3330476,1229277 3275063,1180724 3268262,1172819 3323634))
3107;POLYGON((658484 2354080,707259 2355548,708796 2300210,660278 2298749,658484 2354080))
3308;POLYGON((7788471 4886606,7836888 4893725,7844832 4838780,7796678 4831700,7788471 4886606))
3112;POLYGON((-241269 -3254748,-193020 -3253884,-192148 -3308645,-240180 -3309506,-241269 -3254748))
3577;POLYGON((-48252 -3123235,0 -3123140,0 -3179222,-48032 -3179316,-48252 -3123235))
