4326;POLYGON((130.75 -33.25,131.25 -33.25,131.25 -33.75,130.75 -33.75,130.75 -33.25))
28348;POLYGON((2929926 6008808,2978303 5995862,2962624 5938301,2914610 5951320,2929926 6008808))
28349;POLYGON((2354090 6141466,2401765 6131948,2390206 6075203,2342853 6084783,2354090 6141466))
28350;POLYGON((1785728 6235412,1832854 6228968,1824989 6172871,1778157 6179359,1785728 6235412))
28351;POLYGON((1222806 6294095,1269563 6290491,1265109 6234832,1218627 6238461,1222806 6294095))
28352;POLYGON((663025 6319632,709612 6318740,708410 6263288,662090 6264187,663025 6319632))
28353;POLYGON((103960 6312934,150581 6314722,152588 6259241,106236 6257440,103960 6312934))
28354;POLYGON((-456839 6273765,-409981 6278295,-404693 6222547,-451271 6217984,-456839 6273765))
28355;POLYGON((-1021760 6200719,-974470 6208156,-965714 6151915,-1012702 6144428,-1021760 6200719))
28356;POLYGON((-1593010 6091145,-1545115 6101760,-1532572 6044826,-1580132 6034145,-1593010 6091145))
28357;POLYGON((-2172458 5940982,-2123821 5955173,-2107027 5897389,-2155283 5883122,-2172458 5940982))
28358;POLYGON((-2761401 5744525,-2711943 5762837,-2690259 5704128,-2739275 5685739,-2761401 5744525))
3113;POLYGON((-2043826 -711968,-1995913 -701349,-1983365 -758306,-2030944 -768991,-2043826 -711968))
3111;POLYGON((1174430 2816871,1220611 2823712,1228607 2768740,1182714 2761942,1174430 2816871))
3107;POLYGON((604920 1853931,651380 1855652,653301 1800345,607096 1798633,604920 1853931))
3308;POLYGON((7793211 4382568,7839216 4389670,7847538 4334894,7801794 4327832,7793211 4382568))
3112;POLYGON((-300860 -3750308,-254582 -3749203,-253376 -3804313,-299435 -3805413,-300860 -3750308))
3577;POLYGON((-115698 -3627618,-69419 -3627256,-69092 -3683060,-115152 -3683421,-115698 -3627618))
