4326;POLYGON((131.5 -11.25,132.0 -11.25,132.0 -11.75,131.5 -11.75,131.5 -11.25))
28348;POLYGON((3493081 8613651,3553654 8607686,3547403 8546223,3486988 8552433,3493081 8613651))
28349;POLYGON((2783264 8674053,2841333 8669758,2836821 8610856,2778883 8615330,2783264 8674053))
28350;POLYGON((2098620 8716275,2154919 8713382,2151868 8656295,2095682 8659309,2098620 8716275))
28351;POLYGON((1430961 8742831,1486134 8741174,1484368 8685250,1429297 8686976,1430961 8742831))
28352;POLYGON((772957 8755215,827591 8754703,827013 8699346,772475 8699879,772957 8755215))
28353;POLYGON((117751 8754097,172408 8754703,172986 8699346,118426 8698715,117751 8754097))
28354;POLYGON((-541377 8739419,-486134 8741174,-484368 8685250,-539509 8683420,-541377 8739419))
28355;POLYGON((-1211340 8710380,-1154919 8713382,-1151868 8656295,-1208175 8653167,-1211340 8710380))
28356;POLYGON((-1899581 8665335,-1841333 8669758,-1836821 8610856,-1894937 8606249,-1899581 8665335))
28357;POLYGON((-2614474 8601567,-2553654 8607686,-2547403 8546223,-2608061 8539853,-2614474 8601567))
28358;POLYGON((-3365803 8514903,-3301529 8523135,-3293114 8458222,-3357183 8449657,-3365803 8514903))
3113;POLYGON((-2350517 1863225,-2292246 1867649,-2287733 1808725,-2345871 1804116,-2350517 1863225))
3111;POLYGON((886356 5330172,945741 5338491,953996 5278417,894926 5270142,886356 5330172))
3107;POLYGON((594299 4334561,652240 4336305,653868 4277690,596198 4275955,594299 4334561))
3308;POLYGON((7493796 6858014,7551653 6866520,7560117 6807979,7502540 6799514,7493796 6858014))
3112;POLYGON((-279769 -1319677,-223820 -1318675,-222919 -1375290,-278643 -1376288,-279769 -1319677))
3577;POLYGON((-55845 -1183152,0 -1183042,0 -1237171,-55633 -1237280,-55845 -1183152))
