4326;POLYGON((131.5 -8.25,132.0 -8.25,132.0 -8.75,131.5 -8.75,131.5 -8.25))
28348;POLYGON((3524207 8981914,3585596 8977468,3580940 8915729,3519671 8920433,3524207 8981914))
28349;POLYGON((2805620 9026894,2864358 9023698,2861004 8964650,2802364 8968033,2805620 9026894))
28350;POLYGON((2113604 9058285,2170477 9056135,2168213 8998985,2111423 9001260,2113604 9058285))
28351;POLYGON((1439445 9078009,1495136 9076779,1493826 9020839,1438211 9022141,1439445 9078009))
28352;POLYGON((775411 9087201,830538 9086821,830110 9031471,775054 9031873,775411 9087201))
28353;POLYGON((114309 9086372,169461 9086821,169889 9031471,114810 9030995,114309 9086372))
28354;POLYGON((-550901 9075475,-495136 9076779,-493826 9020839,-549516 9019459,-550901 9075475))
28355;POLYGON((-1227479 9053904,-1170477 9056135,-1168213 8998985,-1225130 8996623,-1227479 9053904))
28356;POLYGON((-1923285 9020407,-1864358 9023698,-1861004 8964650,-1919832 8961167,-1923285 9020407))
28357;POLYGON((-2647246 8972906,-2585596 8977468,-2580940 8915729,-2642469 8910902,-2647246 8972906))
28358;POLYGON((-3409921 8908195,-3344590 8914349,-3338306 8848958,-3403482 8842449,-3409921 8908195))
3113;POLYGON((-2374230 2218435,-2315280 2221728,-2311926 2162657,-2370777 2159173,-2374230 2218435))
3111;POLYGON((834267 5695031,895569 5703619,904012 5642181,843032 5633639,834267 5695031))
3107;POLYGON((582780 4689978,642366 4691772,644025 4632053,584715 4630268,582780 4689978))
3308;POLYGON((7440737 7212985,7500294 7221741,7508925 7162040,7449655 7153326,7440737 7212985))
3112;POLYGON((-286584 -977146,-229272 -976120,-228358 -1033576,-285441 -1034598,-286584 -977146))
3577;POLYGON((-57106 -860860,0 -860748,0 -914156,-56897 -914267,-57106 -860860))
