4326;POLYGON((132.0 -36.5,132.5 -36.5,132.5 -37.0,132.0 -37.0,132.0 -36.5))
28348;POLYGON((2942277 5602931,2988336 5588811,2970565 5531798,2924897 5545963,2942277 5602931))
28349;POLYGON((2392506 5748798,2438118 5738243,2424800 5681758,2379538 5692356,2392506 5748798))
28350;POLYGON((1847753 5854246,1892980 5846910,1883682 5790890,1838775 5798259,1847753 5854246))
28351;POLYGON((1306967 5922712,1351915 5918357,1346339 5862678,1301693 5867054,1306967 5922712))
28352;POLYGON((768701 5956405,813500 5954892,811470 5899398,766962 5900919,768701 5956405))
28353;POLYGON((231298 5956405,276090 5957685,277540 5902205,233037 5900919,231298 5956405))
28354;POLYGON((-306967 5922712,-262037 5926826,-257062 5871189,-301693 5867054,-306967 5922712))
28355;POLYGON((-847753 5854246,-802554 5861326,-793894 5805372,-838775 5798259,-847753 5854246))
28356;POLYGON((-1392506 5748798,-1346929 5759073,-1334308 5702672,-1379538 5692356,-1392506 5748798))
28357;POLYGON((-1942277 5602931,-1896256 5616738,-1879263 5559814,-1924897 5545963,-1942277 5602931))
28358;POLYGON((-2497458 5411840,-2450993 5429636,-2429075 5372201,-2475099 5354367,-2497458 5411840))
3113;POLYGON((-1843245 -1054449,-1797650 -1044170,-1785023 -1100593,-1830271 -1110913,-1843245 -1054449))
3111;POLYGON((1339063 2476089,1383453 2482070,1390716 2427069,1346616 2421127,1339063 2476089))
3107;POLYGON((731084 1497797,775895 1498938,777180 1443410,732626 1442275,731084 1497797))
3308;POLYGON((7959858 4043219,8004237 4049527,8011921 3994523,7967805 3988252,7959858 4043219))
3112;POLYGON((-179436 -4107378,-134579 -4106754,-133915 -4162360,-178551 -4162981,-179436 -4107378))
3577;POLYGON((0 -3988667,44864 -3988755,44648 -4044110,0 -4044023,0 -3988667))
