4326;POLYGON((132.25 -39.25,132.75 -39.25,132.75 -39.75,132.25 -39.75,132.25 -39.25))
28348;POLYGON((2866573 5283842,2910461 5269377,2891575 5212981,2848092 5227464,2866573 5283842))
28349;POLYGON((2341334 5433795,2384998 5422908,2370747 5366772,2327449 5377682,2341334 5433795))
28350;POLYGON((1818864 5542956,1862301 5535333,1852278 5479471,1809178 5487115,1818864 5542956))
28351;POLYGON((1298836 5614483,1342095 5609903,1336013 5554262,1293073 5558857,1298836 5614483))
28352;POLYGON((780460 5650444,823619 5648774,821305 5593260,778455 5594936,780460 5650444))
28353;POLYGON((262694 5651875,305845 5653067,307232 5597568,264390 5596372,262694 5651875))
28354;POLYGON((-255588 5618817,-212351 5622906,-207223 5567307,-250143 5563205,-255588 5618817))
28355;POLYGON((-775443 5550318,-732040 5557422,-723024 5501622,-766094 5494498,-775443 5550318))
28356;POLYGON((-1297689 5444398,-1254065 5454722,-1240904 5398656,-1284168 5388309,-1297689 5444398))
28357;POLYGON((-1822701 5297993,-1778847 5311835,-1761164 5255497,-1804621 5241635,-1822701 5297993))
28358;POLYGON((-2350138 5106875,-2306118 5124634,-2283412 5068114,-2326986 5050348,-2350138 5106875))
3113;POLYGON((-1748391 -1358967,-1704749 -1348640,-1691583 -1404728,-1734864 -1415079,-1748391 -1358967))
3111;POLYGON((1402014 2176590,1444829 2182244,1451959 2127146,1409432 2121530,1402014 2176590))
3107;POLYGON((761281 1192347,804677 1193351,805841 1137499,762703 1136501,761281 1192347))
3308;POLYGON((8025104 3743463,8068048 3749462,8075635 3694183,8032956 3688221,8025104 3743463))
3112;POLYGON((-152732 -4414094,-109096 -4413573,-108537 -4469755,-151949 -4470273,-152732 -4414094))
3577;POLYGON((21838 -4291957,65516 -4292128,65194 -4346921,21731 -4346751,21838 -4291957))
