4326;POLYGON((132.25 -18.25,132.75 -18.25,132.75 -18.75,132.25 -18.75,132.25 -18.25))
28348;POLYGON((3471710 7748103,3529796 7738622,3519624 7677766,3461787 7687456,3471710 7748103))
28349;POLYGON((2788973 7844702,2844953 7837791,2837523 7779145,2781750 7786213,2788973 7844702))
28350;POLYGON((2127691 7913155,2182142 7908423,2177036 7851389,2122764 7856229,2127691 7913155))
28351;POLYGON((1481291 7957194,1534740 7954393,1531688 7898423,1478402 7901290,1481291 7957194))
28352;POLYGON((843714 7979099,896650 7978085,895498 7922669,842716 7923707,843714 7979099))
28353;POLYGON((209200 7979968,262097 7980691,262787 7925336,210044 7924596,209200 7979968))
28354;POLYGON((-427904 7959842,-374574 7962339,-372007 7906554,-425176 7904000,-427904 7959842))
28355;POLYGON((-1073342 7917717,-1019093 7922112,-1014520 7865394,-1068593 7860897,-1073342 7917717))
28356;POLYGON((-1733141 7851419,-1677454 7857944,-1670638 7799755,-1726123 7793082,-1733141 7851419))
28357;POLYGON((-2413823 7757351,-2356131 7766369,-2346694 7706126,-2404145 7696908,-2413823 7757351))
28358;POLYGON((-3122624 7630048,-3062291 7642101,-3049670 7579152,-3109706 7566842,-3122624 7630048))
3113;POLYGON((-2184013 1048991,-2128304 1055519,-2121485 997307,-2176992 990632,-2184013 1048991))
3111;POLYGON((1086476 4518506,1141595 4525785,1149053 4468151,1094236 4460911,1086476 4518506))
3107;POLYGON((701762 3529993,755979 3531248,757159 3474556,703206 3473307,701762 3529993))
3308;POLYGON((7695086 6065212,7749146 6072764,7756907 6016225,7703117 6008710,7695086 6065212))
3112;POLYGON((-184942 -2101149,-132103 -2100519,-131554 -2155787,-184172 -2156415,-184942 -2101149))
3577;POLYGON((26422 -1949892,79265 -1950098,78940 -2005509,26313 -2005303,26422 -1949892))
