4326;POLYGON((132.5 -36.25,133.0 -36.25,133.0 -36.75,132.5 -36.75,132.5 -36.25))
28348;POLYGON((2997156 5617359,3043450 5602947,3025372 5545831,2979472 5560290,2997156 5617359))
28349;POLYGON((2444724 5766509,2490547 5755694,2476948 5699133,2431477 5709992,2444724 5766509))
28350;POLYGON((1897590 5874932,1943005 5867356,1933439 5811285,1888344 5818896,1897590 5874932))
28351;POLYGON((1354678 5946200,1399794 5941616,1393951 5885909,1349135 5890517,1354678 5946200))
28352;POLYGON((814507 5982638,859457 5980895,857149 5925394,812488 5927145,814507 5982638))
28353;POLYGON((275372 5985423,320304 5986467,321456 5930995,276813 5929945,275372 5985423))
28354;POLYGON((-264503 5954646,-219442 5958510,-214793 5902890,-259557 5899006,-264503 5954646))
28355;POLYGON((-806847 5889313,-761518 5896121,-753222 5840187,-798236 5833346,-806847 5889313))
28356;POLYGON((-1353190 5787295,-1307477 5797271,-1295265 5740884,-1340635 5730865,-1353190 5787295))
28357;POLYGON((-1904689 5645238,-1858515 5658711,-1841989 5601783,-1887780 5588263,-1904689 5645238))
28358;POLYGON((-2461880 5458415,-2415233 5475836,-2393845 5418360,-2440058 5400898,-2461880 5458415))
3113;POLYGON((-1803913 -1015937,-1758182 -1005957,-1745965 -1062366,-1791353 -1072389,-1803913 -1015937))
3111;POLYGON((1379821 2509570,1424385 2515337,1431360 2460299,1387084 2454570,1379821 2509570))
3107;POLYGON((775252 1526685,820196 1527622,821224 1472110,776537 1471180,775252 1526685))
3308;POLYGON((8000397 4077016,8044937 4083130,8052356 4028107,8008079 4022029,8000397 4077016))
3112;POLYGON((-134911 -4078984,-89941 -4078537,-89499 -4134100,-134247 -4134546,-134911 -4078984))
3577;POLYGON((44973 -3961046,89945 -3961310,89512 -4016706,44756 -4016443,44973 -3961046))
