4326;POLYGON((132.0 -30.75,132.5 -30.75,132.5 -31.25,132.0 -31.25,132.0 -30.75))
28348;POLYGON((3129338 6265826,3179700 6252553,3164054 6194251,3114050 6207623,3129338 6265826))
28349;POLYGON((2531392 6402247,2580800 6392418,2569186 6335203,2520091 6345112,2531392 6402247))
28350;POLYGON((1943556 6500084,1992221 6493298,1984168 6436937,1935784 6443782,1943556 6500084))
28351;POLYGON((1363128 6563263,1411284 6559253,1406476 6503481,1358581 6507528,1363128 6563263))
28352;POLYGON((787205 6594257,835099 6592866,833352 6537405,785709 6538808,787205 6594257))
28353;POLYGON((212794 6594257,260677 6595433,261924 6539995,214290 6538808,212794 6594257))
28354;POLYGON((-363128 6563263,-315003 6567051,-310715 6511351,-358581 6507528,-363128 6563263))
28355;POLYGON((-943556 6500084,-894943 6506629,-887450 6450385,-935784 6443782,-943556 6500084))
28356;POLYGON((-1531392 6402247,-1482055 6411809,-1471063 6354753,-1520091 6345112,-1531392 6402247))
28357;POLYGON((-2129338 6265826,-2079063 6278794,-2064129 6220687,-2114050 6207623,-2129338 6265826))
28358;POLYGON((-2739723 6085160,-2688336 6102080,-2668837 6042738,-2719809 6025709,-2739723 6085160))
3113;POLYGON((-1982185 -400745,-1932829 -391179,-1921832 -448257,-1970879 -457902,-1982185 -400745))
3111;POLYGON((1252074 3109157,1299789 3115586,1307085 3060342,1259659 3053952,1252074 3109157))
3107;POLYGON((713405 2134290,761161 2135506,762441 2080212,714940 2079002,713405 2134290))
3308;POLYGON((7868642 4674102,7916042 4680839,7923711 4625947,7876573 4619247,7868642 4674102))
3112;POLYGON((-189531 -3473078,-142151 -3472418,-141496 -3527296,-188658 -3527953,-189531 -3473078))
3577;POLYGON((0 -3347376,47374 -3347469,47155 -3403474,0 -3403382,0 -3347376))
