4326;POLYGON((132.5 -31.5,133.0 -31.5,133.0 -32.0,132.5 -32.0,132.5 -31.5))
28348;POLYGON((3156157 6165142,3206061 6151411,3189754 6093182,3140217 6107005,3156157 6165142))
28349;POLYGON((2563320 6306618,2612325 6296397,2600157 6239198,2551474 6249496,2563320 6306618))
28350;POLYGON((1980100 6408767,2028392 6401649,2019883 6345272,1971879 6352449,1980100 6408767))
28351;POLYGON((1404047 6475599,1451842 6471307,1446664 6415510,1399136 6419839,1404047 6475599))
28352;POLYGON((832469 6509673,879998 6508045,877956 6452565,830684 6454207,832469 6509673))
28353;POLYGON((262554 6512275,310053 6513250,311072 6457816,263828 6456832,262554 6512275))
28354;POLYGON((-308548 6483503,-260841 6487117,-256725 6431456,-304168 6427810,-308548 6483503))
28355;POLYGON((-883664 6422272,-835517 6428663,-828148 6372508,-876013 6366065,-883664 6422272))
28356;POLYGON((-1465511 6326246,-1416704 6335659,-1405801 6278759,-1454297 6269274,-1465511 6326246))
28357;POLYGON((-2056591 6191672,-2006927 6204478,-1992063 6146612,-2041373 6133716,-2056591 6191672))
28358;POLYGON((-2659002 6013128,-2608328 6029853,-2588903 5970856,-2639164 5954033,-2659002 6013128))
3113;POLYGON((-1916278 -476775,-1867451 -467359,-1856544 -524281,-1905059 -533770,-1916278 -476775))
3111;POLYGON((1310730 3032737,1358044 3038859,1365041 2983640,1318018 2977555,1310730 3032737))
3107;POLYGON((763081 2052566,810458 2053553,811482 1998254,764360 1997273,763081 2052566))
3308;POLYGON((7927544 4598506,7974581 4604962,7981985 4550051,7935210 4543631,7927544 4598506))
3112;POLYGON((-141168 -3554750,-94113 -3554282,-93676 -3609223,-140512 -3609688,-141168 -3554750))
3577;POLYGON((47045 -3431465,94090 -3431742,93652 -3487698,46826 -3487423,47045 -3431465))
