4326;POLYGON((132.0 -10.75,132.5 -10.75,132.5 -11.25,132.0 -11.25,132.0 -10.75))
28348;POLYGON((3559643 8669201,3620618 8663335,3614474 8601567,3553654 8607686,3559643 8669201))
28349;POLYGON((2845653 8728686,2904028 8724448,2899581 8665335,2841333 8669758,2845653 8728686))
28350;POLYGON((2157840 8770481,2214370 8767605,2211340 8710380,2154919 8713382,2157840 8770481))
28351;POLYGON((1487824 8797102,1543166 8795421,1541377 8739419,1486134 8741174,1487824 8797102))
28352;POLYGON((828145 8810059,882895 8809479,882248 8754097,827591 8754703,828145 8810059))
28353;POLYGON((171854 8810059,226581 8810549,227042 8755215,172408 8754703,171854 8810059))
28354;POLYGON((-487824 8797102,-432555 8798689,-430961 8742831,-486134 8741174,-487824 8797102))
28355;POLYGON((-1157840 8770481,-1101433 8773252,-1098620 8716275,-1154919 8713382,-1157840 8770481))
28356;POLYGON((-1845653 8728686,-1787459 8732803,-1783264 8674053,-1841333 8669758,-1845653 8728686))
28357;POLYGON((-2559643 8669201,-2498916 8674918,-2493081 8613651,-2553654 8607686,-2559643 8669201))
28358;POLYGON((-3309593 8588137,-3245451 8595843,-3237580 8531171,-3301529 8523135,-3309593 8588137))
3113;POLYGON((-2296568 1926601,-2238351 1930719,-2234155 1871947,-2292246 1867649,-2296568 1926601))
3111;POLYGON((937457 5398780,997202 5406830,1005170 5346498,945741 5338491,937457 5398780))
3107;POLYGON((650607 4395091,708828 4396573,710188 4337780,652240 4336305,650607 4395091))
3308;POLYGON((7543163 6925242,7601341 6933512,7609550 6874750,7551653 6866520,7543163 6925242))
3112;POLYGON((-224724 -1261931,-168546 -1261148,-167868 -1317896,-223820 -1318675,-224724 -1261931))
3577;POLYGON((0 -1129027,56056 -1129137,55845 -1183152,0 -1183042,0 -1129027))
