4326;POLYGON((131.75 -25.25,132.25 -25.25,132.25 -25.75,131.75 -25.75,131.75 -25.25))
28348;POLYGON((3257177 6918661,3311168 6906915,3297985 6847525,3244308 6859419,3257177 6918661))
28349;POLYGON((2619072 7038735,2671614 7030126,2661930 6972321,2609657 6981044,2619072 7038735))
28350;POLYGON((1995939 7123999,2047403 7118114,2040755 7061497,1989528 7067462,1995939 7123999))
28351;POLYGON((1383361 7178446,1434113 7175017,1430198 7119191,1379665 7122668,1383361 7178446))
28352;POLYGON((777005 7204532,827402 7203405,826047 7147981,775859 7149124,777005 7204532))
28353;POLYGON((172597 7203405,222994 7204532,224140 7149124,173952 7147981,172597 7203405))
28354;POLYGON((-434113 7175017,-383361 7178446,-379665 7122668,-430198 7119191,-434113 7175017))
28355;POLYGON((-1047403 7118114,-995939 7123999,-989528 7067462,-1040755 7061497,-1047403 7118114))
28356;POLYGON((-1671614 7030126,-1619072 7038735,-1609657 6981044,-1661930 6972321,-1671614 7030126))
28357;POLYGON((-2311168 6906915,-2257177 6918661,-2244308 6859419,-2297985 6847525,-2311168 6906915))
28358;POLYGON((-2970538 6742380,-2914725 6757861,-2897756 6696676,-2953191 6681017,-2970538 6742380))
3113;POLYGON((-2122461 227378,-2069899 235990,-2060480 178277,-2112774 169551,-2122461 227378))
3111;POLYGON((1142642 3716805,1193550 3723801,1201089 3667848,1150475 3660893,1142642 3716805))
3107;POLYGON((671188 2743059,721763 2744463,723178 2688875,672861 2687477,671188 2743059))
3308;POLYGON((7755978 5275812,7806259 5283082,7814117 5227805,7764100 5220574,7755978 5275812))
3112;POLYGON((-224004 -2871233,-174229 -2870441,-173467 -2925169,-223024 -2925958,-224004 -2871233))
3577;POLYGON((-24894 -2730611,24894 -2730611,24784 -2786659,-24784 -2786659,-24894 -2730611))
