4326;POLYGON((132.25 -16.75,132.75 -16.75,132.75 -17.25,132.25 -17.25,132.25 -16.75))
28348;POLYGON((3499994 7930511,3558792 7921679,3549382 7860580,3490815 7869632,3499994 7930511))
28349;POLYGON((2809536 8020420,2866108 8013992,2859247 7955215,2802867 7961806,2809536 8020420))
28350;POLYGON((2141705 8084042,2196669 8079647,2191959 8022553,2137162 8027061,2141705 8084042))
28351;POLYGON((1489507 8124936,1543419 8122335,1540606 8066349,1486844 8069017,1489507 8124936))
28352;POLYGON((846551 8145266,899927 8144325,898865 8088913,845632 8089879,846551 8145266))
28353;POLYGON((206801 8146071,260135 8146743,260771 8091394,207578 8090706,206801 8146071))
28354;POLYGON((-435660 8127394,-381872 8129711,-379507 8073917,-433146 8071540,-435660 8127394))
28355;POLYGON((-1086850 8088280,-1032099 8092362,-1027882 8035597,-1082471 8031409,-1086850 8088280))
28356;POLYGON((-1753121 8026666,-1696858 8032733,-1690565 7974434,-1746641 7968212,-1753121 8026666))
28357;POLYGON((-2441406 7939125,-2383025 7947524,-2374298 7887070,-2432455 7878461,-2441406 7939125))
28358;POLYGON((-3159498 7820428,-3098308 7831678,-3086613 7768366,-3147523 7756844,-3159498 7820428))
3113;POLYGON((-2204000 1224307,-2147715 1230376,-2141420 1172054,-2197518 1165830,-2204000 1224307))
3111;POLYGON((1063073 4692202,1119105 4699601,1126622 4641506,1070895 4634147,1063073 4692202))
3107;POLYGON((697415 3700725,752422 3701998,753610 3644964,698867 3643697,697415 3700725))
3308;POLYGON((7670888 6235446,7725764 6243112,7733575 6186204,7678972 6178576,7670888 6235446))
3112;POLYGON((-187257 -1934920,-133757 -1934282,-133205 -1989770,-186484 -1990406,-187257 -1934920))
3577;POLYGON((26746 -1784099,80239 -1784309,79915 -1839495,26638 -1839287,26746 -1784099))
