4326;POLYGON((131.75 -17.0,132.25 -17.0,132.25 -17.5,131.75 -17.5,131.75 -17.0))
28348;POLYGON((3436961 7908784,3495436 7900062,3486132 7839221,3427888 7848156,3436961 7908784))
28349;POLYGON((2749904 7997434,2806225 7991108,2799463 7932515,2743334 7938999,2749904 7997434))
28350;POLYGON((2084676 8059842,2139450 8055550,2134842 7998578,2080235 8002980,2084676 8059842))
28351;POLYGON((1434412 8099467,1488185 8096976,1485484 8041060,1431862 8043614,1434412 8099467))
28352;POLYGON((792812 8118389,846095 8117572,845162 8062185,792024 8063022,792812 8118389))
28353;POLYGON((153904 8117572,207187 8118389,207975 8063022,154837 8062185,153904 8117572))
28354;POLYGON((-488185 8096976,-434412 8099467,-431862 8043614,-485484 8041060,-488185 8096976))
28355;POLYGON((-1139450 8055550,-1084676 8059842,-1080235 8002980,-1134842 7998578,-1139450 8055550))
28356;POLYGON((-1806225 7991108,-1749904 7997434,-1743334 7938999,-1799463 7932515,-1806225 7991108))
28357;POLYGON((-2495436 7900062,-2436961 7908784,-2427888 7848156,-2486132 7839221,-2495436 7900062))
28358;POLYGON((-3214867 7776963,-3153550 7788620,-3141417 7725098,-3202445 7713164,-3214867 7776963))
3113;POLYGON((-2257125 1188735,-2200782 1195064,-2194209 1136605,-2250360 1130119,-2257125 1188735))
3111;POLYGON((1011146 4655481,1066987 4663154,1074798 4605179,1019262 4597547,1011146 4655481))
3107;POLYGON((643274 3670672,698142 3672196,699592 3615228,644988 3613711,643274 3670672))
3308;POLYGON((7620231 6199086,7674933 6206995,7683007 6150188,7628577 6142319,7620231 6199086))
3112;POLYGON((-240257 -1963523,-186870 -1962673,-186098 -2018120,-239264 -2018966,-240257 -1963523))
3577;POLYGON((-26692 -1811683,26692 -1811683,26584 -1866910,-26584 -1866910,-26692 -1811683))
