4326;POLYGON((132.0 -14.0,132.5 -14.0,132.5 -14.5,132.0 -14.5,132.0 -14.0))
28348;POLYGON((3516043 8270327,3575893 8262860,3568018 8201479,3508365 8209181,3516043 8270327))
28349;POLYGON((2814164 8346162,2871615 8340753,2865898 8281846,2808610 8287429,2814164 8346162))
28350;POLYGON((2136535 8399563,2192270 8395885,2188369 8338752,2132773 8342549,2136535 8399563))
28351;POLYGON((1475487 8433626,1530113 8431473,1527807 8375496,1473307 8377719,1475487 8433626))
28352;POLYGON((824103 8450219,878176 8449476,877342 8394086,823389 8394853,824103 8450219))
28353;POLYGON((175896 8450219,229946 8450847,230541 8395502,176610 8394853,175896 8450219))
28354;POLYGON((-475487 8433626,-420927 8435658,-418873 8379817,-473307 8377719,-475487 8433626))
28355;POLYGON((-1136535 8399563,-1080913 8403107,-1077290 8346208,-1132773 8342549,-1136535 8399563))
28356;POLYGON((-1814164 8346162,-1756881 8351417,-1751487 8292852,-1808610 8287429,-1814164 8346162))
28357;POLYGON((-2516043 8270327,-2456421 8277606,-2448936 8216691,-2508365 8209181,-2516043 8270327))
28358;POLYGON((-3250971 8167304,-3188224 8177081,-3178164 8113019,-3240669 8102939,-3250971 8167304))
3113;POLYGON((-2265067 1543928,-2207761 1549185,-2202365 1490597,-2259510 1485172,-2265067 1543928))
3111;POLYGON((990797 5010602,1048502 5018377,1056297 4959352,998901 4951619,990797 5010602))
3107;POLYGON((661139 4015929,717605 4017366,718941 3959608,662743 3958177,661139 4015929))
3308;POLYGON((7597900 6546661,7654265 6554672,7662321 6497005,7606232 6489033,7597900 6546661))
3112;POLYGON((-218888 -1628584,-164169 -1627822,-163501 -1683810,-217997 -1684569,-218888 -1628584))
3577;POLYGON((0 -1482079,54674 -1482186,54460 -1536888,0 -1536781,0 -1482079))
