4326;POLYGON((132.0 -24.75,132.5 -24.75,132.5 -25.25,132.0 -25.25,132.0 -24.75))
28348;POLYGON((3296962 6972235,3351334 6960499,3338215 6900934,3284155 6912823,3296962 6972235))
28349;POLYGON((2654713 7092260,2707573 7083648,2697925 7025730,2645330 7034460,2654713 7092260))
28350;POLYGON((2028073 7177684,2079809 7171776,2073163 7115092,2021661 7121083,2028073 7177684))
28351;POLYGON((1412467 7232564,1463456 7229087,1459505 7173228,1408731 7176756,1412467 7232564))
28352;POLYGON((803429 7259406,854039 7258202,852606 7202771,802202 7203992,803429 7259406))
28353;POLYGON((196570 7259406,247165 7260423,248187 7205025,197797 7203992,196570 7259406))
28354;POLYGON((-412467 7232564,-361524 7235847,-358002 7180087,-408731 7176756,-412467 7232564))
28355;POLYGON((-1028073 7177684,-976413 7183380,-970234 7126861,-1021661 7121083,-1028073 7177684))
28356;POLYGON((-1654713 7092260,-1601960 7100633,-1592840 7042949,-1645330 7034460,-1654713 7092260))
28357;POLYGON((-2296962 6972235,-2242732 6983690,-2230232 6924429,-2284155 6912823,-2296962 6972235))
28358;POLYGON((-2959497 6811597,-2903396 6826724,-2886880 6765474,-2942611 6750164,-2959497 6811597))
3113;POLYGON((-2105553 289536,-2052780 297912,-2043657 240206,-2096167 231714,-2105553 289536))
3111;POLYGON((1160393 3776360,1211614 3783261,1219018 3727198,1168092 3720336,1160393 3776360))
3107;POLYGON((694929 2799427,745764 2800721,747052 2745078,696475 2743790,694929 2799427))
3308;POLYGON((7773116 5334796,7823679 5341984,7831413 5286627,7781114 5279477,7773116 5334796))
3112;POLYGON((-199988 -2816075,-149994 -2815378,-149340 -2870119,-199117 -2870813,-199988 -2816075))
3577;POLYGON((0 -2674560,50007 -2674658,49788 -2730684,0 -2730587,0 -2674560))
