4326;POLYGON((132.0 -8.5,132.5 -8.5,132.5 -9.0,132.0 -9.0,132.0 -8.5))
28348;POLYGON((3583302 8946594,3644892 8941899,3639977 8879916,3578512 8884875,3583302 8946594))
28349;POLYGON((2862705 8994172,2921584 8990784,2918031 8931556,2859255 8935135,2862705 8994172))
28350;POLYGON((2169361 9027559,2226322 9025263,2223904 8967986,2167031 8970413,2169361 9027559))
28351;POLYGON((1494491 9048808,1550219 9047467,1548792 8991451,1493143 8992869,1494491 9048808))
28352;POLYGON((830327 9059146,885443 9058683,884928 9003306,829886 9003795,830327 9059146))
28353;POLYGON((169672 9059146,224764 9059537,225131 9004209,170113 9003795,169672 9059146))
28354;POLYGON((-494491 9048808,-438837 9050075,-437566 8994208,-493143 8992869,-494491 9048808))
28355;POLYGON((-1169361 9027559,-1112529 9029772,-1110285 8972751,-1167031 8970413,-1169361 9027559))
28356;POLYGON((-1862705 8994172,-1804016 8997461,-1800666 8938610,-1859255 8935135,-1862705 8994172))
28357;POLYGON((-2583302 8946594,-2521972 8951169,-2517304 8889707,-2578512 8884875,-2583302 8946594))
28358;POLYGON((-3341493 8881645,-3276585 8887825,-3270277 8822813,-3335029 8816289,-3341493 8881645))
3113;POLYGON((-2313627 2192190,-2254915 2195481,-2251563 2136607,-2310175 2133130,-2313627 2192190))
3111;POLYGON((899795 5672870,960980 5681113,969083 5619753,908220 5611553,899795 5672870))
3107;POLYGON((643196 4661887,702652 4663401,704032 4603774,644852 4602267,643196 4661887))
3308;POLYGON((7504613 7191865,7564068 7200316,7572399 7140677,7513230 7132267,7504613 7191865))
3112;POLYGON((-228815 -1004867,-171614 -1004071,-170929 -1061453,-227902 -1062247,-228815 -1004867))
3577;POLYGON((0 -887436,57002 -887548,56792 -941018,0 -940907,0 -887436))
