4326;POLYGON((131.75 -19.0,132.25 -19.0,132.25 -19.5,131.75 -19.5,131.75 -19.0))
28348;POLYGON((3399216 7666715,3456733 7657162,3446443 7596637,3389179 7606388,3399216 7666715))
28349;POLYGON((2722547 7763929,2778070 7756985,2770574 7698562,2715263 7705654,2722547 7763929))
28350;POLYGON((2066173 7832494,2120253 7827774,2115137 7770878,2061242 7775701,2066173 7832494))
28351;POLYGON((1423786 7876080,1476929 7873339,1473928 7817442,1420952 7820243,1423786 7876080))
28352;POLYGON((789525 7896909,842207 7896010,841170 7840614,788648 7841533,789525 7896909))
28353;POLYGON((157792 7896010,210474 7896909,211351 7841533,158829 7840614,157792 7896010))
28354;POLYGON((-476929 7873339,-423786 7876080,-420952 7820243,-473928 7817442,-476929 7873339))
28355;POLYGON((-1120253 7827774,-1066173 7832494,-1061242 7775701,-1115137 7770878,-1120253 7827774))
28356;POLYGON((-1778070 7756985,-1722547 7763929,-1715263 7705654,-1770574 7698562,-1778070 7756985))
28357;POLYGON((-2456733 7657162,-2399216 7666715,-2389179 7606388,-2446443 7596637,-2456733 7657162))
28358;POLYGON((-3163257 7522558,-3103130 7535287,-3089748 7472278,-3149562 7459295,-3163257 7522558))
3113;POLYGON((-2228959 954520,-2173414 961467,-2166127 903170,-2221460 896074,-2228959 954520))
3111;POLYGON((1043481 4424662,1098108 4432169,1105839 4374790,1051513 4367325,1043481 4424662))
3107;POLYGON((650110 3443509,703926 3445004,705366 3388475,651811 3386987,650110 3443509))
3308;POLYGON((7653509 5972750,7707127 5980502,7715134 5924171,7661785 5916457,7653509 5972750))
3112;POLYGON((-236294 -2184859,-183788 -2184023,-183020 -2239193,-235306 -2240025,-236294 -2184859))
3577;POLYGON((-26259 -2033035,26259 -2033035,26150 -2088548,-26150 -2088548,-26259 -2033035))
