4326;POLYGON((132.0 -30.0,132.5 -30.0,132.5 -30.5,132.0 -30.5,132.0 -30.0))
28348;POLYGON((3151903 6353327,3202796 6340210,3187449 6281745,3136909 6294967,3151903 6353327))
28349;POLYGON((2548057 6488058,2597927 6478356,2586548 6421049,2536986 6430836,2548057 6488058))
28350;POLYGON((1955008 6584586,2004087 6577894,1996204 6521490,1947401 6528245,1955008 6584586))
28351;POLYGON((1369825 6646878,1418364 6642925,1413661 6587142,1365376 6591133,1369825 6646878))
28352;POLYGON((789409 6677424,837672 6676053,835963 6620596,787945 6621980,789409 6677424))
28353;POLYGON((210590 6677424,258842 6678582,260061 6623150,212054 6621980,210590 6677424))
28354;POLYGON((-369825 6646878,-321318 6650611,-317123 6594903,-365376 6591133,-369825 6646878))
28355;POLYGON((-955008 6584586,-905984 6591041,-898650 6534761,-947401 6528245,-955008 6584586))
28356;POLYGON((-1548057 6488058,-1498263 6497495,-1487495 6440357,-1536986 6430836,-1548057 6488058))
28357;POLYGON((-2151903 6353327,-2101103 6366141,-2086458 6307884,-2136909 6294967,-2151903 6353327))
28358;POLYGON((-2769155 6174655,-2717150 6191400,-2697999 6131812,-2749593 6114949,-2769155 6174655))
3113;POLYGON((-1998856 -314901,-1949043 -305459,-1938271 -362620,-1987781 -372145,-1998856 -314901))
3111;POLYGON((1240683 3192051,1288834 3198539,1296139 3143224,1248279 3136776,1240683 3192051))
3107;POLYGON((711101 2217236,759241 2218461,760521 2163156,712637 2161937,711101 2217236))
3308;POLYGON((7856741 4756415,7904535 4763209,7912207 4708291,7864676 4701535,7856741 4756415))
3112;POLYGON((-190840 -3390830,-143133 -3390165,-142478 -3444993,-189968 -3445654,-190840 -3390830))
3577;POLYGON((0 -3263320,47703 -3263414,47484 -3319456,0 -3319363,0 -3263320))
