4326;POLYGON((133.25 -33.0,133.75 -33.0,133.75 -33.5,133.25 -33.5,133.25 -33.0))
28348;POLYGON((3180974 5969957,3229869 5955485,3212406 5897487,3163895 5912037,3180974 5969957))
28349;POLYGON((2599391 6119671,2647510 6108810,2634374 6051706,2586590 6062636,2599391 6119671))
28350;POLYGON((2026246 6228877,2073731 6221214,2064428 6164853,2017245 6172569,2026246 6228877))
28351;POLYGON((1459596 6301659,1506623 6296911,1500811 6241090,1454064 6245873,1459596 6301659))
28352;POLYGON((897166 6340681,943933 6338676,941404 6283168,894905 6285187,897166 6340681))
28353;POLYGON((336511 6347352,383226 6348019,383889 6292581,337440 6291910,336511 6347352))
28354;POLYGON((-224875 6321913,-178004 6325274,-174125 6269664,-220723 6266277,-224875 6321913))
28355;POLYGON((-789478 6263446,-742246 6269623,-735012 6213604,-781955 6207383,-789478 6263446))
28356;POLYGON((-1359657 6169827,-1311875 6179047,-1301025 6122399,-1348489 6113118,-1359657 6169827))
28357;POLYGON((-1937517 6037588,-1889024 6050194,-1874155 5992733,-1922290 5980052,-1937517 6037588))
28358;POLYGON((-2524711 5861710,-2475393 5878187,-2455940 5819790,-2504845 5803232,-2524711 5861710))
3113;POLYGON((-1810382 -633255,-1762582 -624032,-1751727 -680703,-1799210 -689987,-1810382 -633255))
3111;POLYGON((1402256 2876220,1448746 2881863,1455297 2826688,1409097 2821080,1402256 2876220))
3107;POLYGON((836837 1888046,883452 1888693,884092 1833364,837733 1832721,836837 1888046))
3308;POLYGON((8019925 4443334,8066219 4449350,8073227 4394393,8027197 4388411,8019925 4443334))
3112;POLYGON((-69601 -3719085,-23200 -3718900,-23090 -3773994,-69272 -3774178,-69601 -3719085))
3577;POLYGON((115971 -3599698,162357 -3600242,161593 -3656068,115425 -3655526,115971 -3599698))
