4326;POLYGON((133.25 -31.5,133.75 -31.5,133.75 -32.0,133.25 -32.0,133.25 -31.5))
28348;POLYGON((3231044 6144427,3281072 6130222,3264205 6071853,3214551 6086152,3231044 6144427))
28349;POLYGON((2636853 6291184,2685960 6280550,2673305 6223232,2624523 6233945,2636853 6291184))
28350;POLYGON((2052557 6397997,2100927 6390509,2091981 6334042,2043903 6341591,2052557 6397997))
28351;POLYGON((1475752 6469076,1523597 6464442,1518016 6408587,1470440 6413260,1475752 6469076))
28352;POLYGON((903767 6507150,951316 6505194,948889 6449690,901597 6451662,903767 6507150))
28353;POLYGON((333800 6513656,381290 6514306,381926 6458881,334691 6458226,333800 6513656))
28354;POLYGON((-236998 6488840,-189330 6492120,-185607 6436502,-233013 6433194,-236998 6488840))
28355;POLYGON((-811460 6431768,-763381 6437801,-756431 6381722,-804231 6375639,-811460 6431768))
28356;POLYGON((-1392324 6340266,-1343610 6349283,-1333169 6292489,-1381576 6283402,-1392324 6340266))
28357;POLYGON((-1982124 6210769,-1932576 6223126,-1918237 6165391,-1967436 6152947,-1982124 6210769))
28358;POLYGON((-2583024 6038083,-2532482 6054284,-2513667 5995435,-2563804 5979136,-2583024 6038083))
3113;POLYGON((-1843062 -462750,-1794329 -453730,-1783884 -510546,-1832310 -519637,-1843062 -462750))
3111;POLYGON((1381712 3041826,1429072 3047575,1435634 2992303,1388565 2986589,1381712 3041826))
3107;POLYGON((834149 2053964,881532 2054622,882172 1999318,835045 1998663,834149 2053964))
3308;POLYGON((7998111 4608106,8045194 4614225,8052203 4559262,8005383 4553177,7998111 4608106))
3112;POLYGON((-70585 -3554118,-23528 -3553931,-23419 -3608873,-70257 -3609059,-70585 -3554118))
3577;POLYGON((117613 -3431949,164655 -3432501,163889 -3488454,117065 -3487904,117613 -3431949))
