4326;POLYGON((132.75 -12.5,133.25 -12.5,133.25 -13.0,132.75 -13.0,132.75 -12.5))
28348;POLYGON((3628230 8443951,3689002 8436947,3681646 8374999,3621057 8382255,3628230 8443951))
28349;POLYGON((2916622 8515186,2974799 8510094,2969441 8450807,2911413 8456086,2916622 8515186))
28350;POLYGON((2231285 8565672,2287599 8562175,2283906 8504805,2227720 8508431,2231285 8565672))
28351;POLYGON((1564073 8598419,1619163 8596316,1616924 8540211,1561948 8542393,1564073 8598419))
28352;POLYGON((907719 8615265,962167 8614441,961258 8559010,906918 8559865,907719 8615265))
28353;POLYGON((255470 8617116,309827 8617527,310200 8562212,255950 8561785,255470 8617116))
28354;POLYGON((-399236 8604072,-344423 8605739,-342748 8549985,-397450 8548255,-399236 8604072))
28355;POLYGON((-1063079 8575432,-1007240 8578447,-1004173 8521679,-1059889 8518552,-1063079 8575432))
28356;POLYGON((-1743162 8529612,-1685682 8534143,-1681051 8475740,-1738389 8471042,-1743162 8529612))
28357;POLYGON((-2447375 8463924,-2387556 8470247,-2381083 8409506,-2440731 8402954,-2447375 8463924))
28358;POLYGON((-3184809 8374212,-3121837 8382741,-3113099 8318841,-3175857 8310007,-3184809 8374212))
3113;POLYGON((-2194037 1727449,-2136535 1731982,-2131902 1673556,-2189263 1668856,-2194037 1727449))
3111;POLYGON((1054302 5200432,1113004 5207871,1120405 5148208,1062017 5140809,1054302 5200432))
3107;POLYGON((742212 4192169,799492 4193229,800435 4135009,743424 4133954,742212 4192169))
3308;POLYGON((7658577 6732589,7715831 6740309,7723537 6682104,7666561 6674422,7658577 6732589))
3112;POLYGON((-138485 -1458907,-83092 -1458467,-82756 -1514786,-137925 -1515225,-138485 -1458907))
3577;POLYGON((82971 -1318814,138284 -1319247,137752 -1373644,82652 -1373213,82971 -1318814))
