4326;POLYGON((133.0 -39.0,133.5 -39.0,133.5 -39.5,133.0 -39.5,133.0 -39.0))
28348;POLYGON((2941896 5290274,2986013 5275346,2966595 5218861,2922887 5233809,2941896 5290274))
28349;POLYGON((2414004 5445458,2457882 5434157,2443145 5377949,2399637 5389276,2414004 5445458))
28350;POLYGON((1889085 5559372,1932718 5551366,1922237 5495454,1878943 5503482,1889085 5559372))
28351;POLYGON((1366826 5635348,1410263 5630404,1403734 5574734,1360617 5579694,1366826 5635348))
28352;POLYGON((846426 5675606,889746 5673580,886982 5618058,843969 5620091,846426 5675606))
28353;POLYGON((326809 5681320,370109 5682153,371028 5626661,328035 5625825,326809 5681320))
28354;POLYGON((-193202 5652657,-149824 5656372,-145194 5600790,-188258 5597062,-193202 5652657))
28355;POLYGON((-714735 5588780,-671191 5595487,-662717 5539706,-705931 5532979,-714735 5588780))
28356;POLYGON((-1238703 5487827,-1194930 5497720,-1182367 5441663,-1225784 5431745,-1238703 5487827))
28357;POLYGON((-1765610 5346842,-1721588 5360212,-1704572 5303858,-1748203 5290464,-1765610 5346842))
28358;POLYGON((-2295289 5161703,-2251064 5178940,-2229104 5122356,-2272891 5105107,-2295289 5161703))
3113;POLYGON((-1689382 -1315522,-1645592 -1305625,-1633023 -1361704,-1676458 -1371626,-1689382 -1315522))
3111;POLYGON((1462757 2212536,1505760 2217871,1512454 2162731,1469740 2157432,1462757 2212536))
3107;POLYGON((825861 1221679,869392 1222384,870167 1166561,826894 1165860,825861 1221679))
3308;POLYGON((8085805 3780012,8128923 3785720,8136110 3730417,8093257 3724744,8085805 3780012))
3112;POLYGON((-87500 -4385330,-43750 -4385069,-43527 -4441195,-87054 -4441454,-87500 -4385330))
3577;POLYGON((87569 -4264838,131353 -4265267,130709 -4320115,87140 -4319689,87569 -4264838))
