4326;POLYGON((132.75 -38.5,133.25 -38.5,133.25 -39.0,132.75 -39.0,132.75 -38.5))
28348;POLYGON((2938486 5354190,2983000 5339446,2963952 5282850,2919844 5297619,2938486 5354190))
28349;POLYGON((2406122 5507239,2450354 5496110,2435940 5439844,2392073 5451002,2406122 5507239))
28350;POLYGON((1877147 5619186,1921106 5611337,1910899 5555402,1867275 5563276,1877147 5619186))
28351;POLYGON((1351098 5693381,1394845 5688579,1388543 5632907,1345112 5637726,1351098 5693381))
28352;POLYGON((827045 5732038,870668 5730139,868085 5674623,824767 5676529,827045 5732038))
28353;POLYGON((303793 5736307,347398 5737255,348459 5681766,305158 5680815,303793 5736307))
28354;POLYGON((-219941 5706314,-176247 5710137,-171512 5654545,-214895 5650708,-219941 5706314))
28355;POLYGON((-745391 5641168,-701511 5647980,-692961 5592166,-736513 5585331,-745391 5641168))
28356;POLYGON((-1273568 5538928,-1229431 5548932,-1216814 5492808,-1260598 5482776,-1273568 5538928))
28357;POLYGON((-1805077 5396534,-1760653 5410030,-1743597 5353565,-1787629 5340043,-1805077 5396534))
28358;POLYGON((-2339847 5209719,-2295176 5227111,-2273175 5170364,-2317406 5152955,-2339847 5209719))
3113;POLYGON((-1724260 -1264401,-1680106 -1254393,-1667484 -1310539,-1711284 -1320575,-1724260 -1264401))
3111;POLYGON((1434141 2264848,1477420 2270332,1484255 2215232,1441266 2209784,1434141 2264848))
3107;POLYGON((802935 1277001,846723 1277812,847626 1222057,804096 1221251,802935 1277001))
3308;POLYGON((8056680 3832276,8100049 3838123,8107361 3782892,8064257 3777080,8056680 3832276))
3112;POLYGON((-109932 -4329516,-65960 -4329166,-65625 -4385178,-109375 -4385526,-109932 -4329516))
3577;POLYGON((66000 -4209725,109999 -4210069,109461 -4265031,65677 -4264688,66000 -4209725))
