4326;POLYGON((133.5 -32.25,134.0 -32.25,134.0 -32.75,133.5 -32.75,133.5 -32.25))
28348;POLYGON((3230953 6049927,3280456 6035422,3263097 5977195,3213975 5991786,3230953 6049927))
28349;POLYGON((2642600 6200010,2691249 6189118,2678185 6131869,2629868 6142836,2642600 6200010))
28350;POLYGON((2063492 6309643,2111448 6301938,2102173 6245495,2054515 6253257,2063492 6309643))
28351;POLYGON((1491473 6383039,1538929 6378230,1533094 6322373,1485913 6327220,1491473 6383039))
28352;POLYGON((924080 6422955,971249 6420863,968640 6365348,921733 6367456,924080 6422955))
28353;POLYGON((358695 6430865,405799 6431414,406319 6375985,359475 6375432,358695 6430865))
28354;POLYGON((-207359 6407061,-160097 6410270,-156429 6354668,-203424 6351434,-207359 6407061))
28355;POLYGON((-776745 6350666,-729105 6356653,-722154 6300627,-769510 6294594,-776745 6350666))
28356;POLYGON((-1352016 6259582,-1303793 6268572,-1293301 6211884,-1341213 6202828,-1352016 6259582))
28357;POLYGON((-1935503 6130352,-1886515 6142690,-1872083 6085131,-1920721 6072713,-1935503 6130352))
28358;POLYGON((-2529135 5957937,-2479242 5974109,-2460307 5915530,-2509794 5899269,-2529135 5957937))
3113;POLYGON((-1802738 -543465,-1754496 -534472,-1744000 -591183,-1791931 -600241,-1802738 -543465))
3111;POLYGON((1415448 2961864,1462387 2967436,1468798 2912200,1422149 2906662,1415448 2961864))
3107;POLYGON((858992 1971365,905993 1971909,906505 1916596,859760 1916055,858992 1971365))
3308;POLYGON((8032359 4528777,8079062 4534733,8085938 4479761,8039499 4473839,8032359 4528777))
3112;POLYGON((-46729 -3636431,0 -3636338,0 -3691351,-46510 -3691444,-46729 -3636431))
3577;POLYGON((140149 -3516120,186862 -3516760,185987 -3572653,139492 -3572016,140149 -3516120))
