4326;POLYGON((133.5 -18.25,134.0 -18.25,134.0 -18.75,133.5 -18.75,133.5 -18.25))
28348;POLYGON((3617308 7723955,3675912 7713873,3665098 7652475,3606755 7662777,3617308 7723955))
28349;POLYGON((2929210 7827053,2985579 7819644,2977618 7760590,2921464 7768166,2929210 7827053))
28350;POLYGON((2264021 7901007,2318746 7895846,2313183 7838523,2258642 7843802,2264021 7901007))
28351;POLYGON((1615035 7949901,1668651 7946713,1665187 7890564,1611737 7893827,1615035 7949901))
28352;POLYGON((976102 7976291,1029105 7974912,1027565 7919421,974717 7920833,976102 7976291))
28353;POLYGON((341416 7981504,394283 7981866,394589 7926538,341876 7926168,341416 7981504))
28354;POLYGON((-294680 7965800,-241480 7967920,-239311 7912265,-292353 7910096,-294680 7965800))
28355;POLYGON((-937897 7928395,-883881 7932380,-879743 7875899,-933587 7871822,-937897 7928395))
28356;POLYGON((-1594187 7867377,-1538844 7873433,-1532521 7815597,-1587668 7809403,-1594187 7867377))
28357;POLYGON((-2269949 7779475,-2212724 7787936,-2203872 7728172,-2260865 7719522,-2269949 7779475))
28358;POLYGON((-2972251 7659660,-2912525 7671025,-2900625 7608697,-2960067 7597087,-2972251 7659660))
3113;POLYGON((-2045004 1064956,-1989640 1071015,-1983314 1013156,-2038483 1006959,-2045004 1064956))
3111;POLYGON((1224345 4536161,1279555 4542716,1286255 4484988,1231348 4478470,1224345 4536161))
3107;POLYGON((837312 3532660,891539 3533287,892064 3476585,838100 3475961,837312 3532660))
3308;POLYGON((7830302 6083607,7884449 6090512,7891532 6033884,7837657 6027013,7830302 6083607))
3112;POLYGON((-52842 -2099967,0 -2099862,0 -2155133,-52622 -2155238,-52842 -2099967))
3577;POLYGON((158528 -1950796,211368 -1951520,210500 -2006925,157878 -2006204,158528 -1950796))
