4326;POLYGON((133.25 -30.25,133.75 -30.25,133.75 -30.75,133.25 -30.75,133.25 -30.25))
28348;POLYGON((3271396 6290628,3322347 6276678,3305992 6218004,3255408 6232060,3271396 6290628))
28349;POLYGON((2666973 6434573,2716880 6424153,2704636 6366659,2655046 6377168,2666973 6434573))
28350;POLYGON((2073676 6539152,2122759 6531825,2114118 6475273,2065317 6482666,2073676 6539152))
28351;POLYGON((1488706 6608657,1537208 6604128,1531822 6548245,1483580 6552817,1488706 6608657))
28352;POLYGON((909057 6645860,957233 6643950,954892 6588449,906964 6590377,909057 6645860))
28353;POLYGON((331628 6652216,379738 6652851,380352 6597436,332487 6596795,331628 6652216))
28354;POLYGON((-246715 6627972,-198409 6631176,-194817 6575552,-242871 6572317,-246715 6627972))
28355;POLYGON((-829096 6572184,-780335 6578083,-773626 6521956,-822117 6516002,-829096 6572184))
28356;POLYGON((-1418568 6482648,-1369102 6491477,-1359011 6434564,-1408178 6425657,-1418568 6482648))
28357;POLYGON((-2018035 6355736,-1967631 6367857,-1953746 6309898,-2003810 6297679,-2018035 6355736))
28358;POLYGON((-2630099 6186131,-2578557 6202060,-2560294 6142838,-2611438 6126796,-2630099 6186131))
3113;POLYGON((-1869317 -320312,-1819832 -311480,-1809736 -368416,-1858923 -377325,-1869317 -320312))
3111;POLYGON((1364558 3180104,1412645 3185942,1419220 3130561,1371424 3124759,1364558 3180104))
3107;POLYGON((831909 2192224,879932 2192891,880572 2137579,832805 2136916,831909 2192224))
3308;POLYGON((7979925 4745482,8027665 4751686,8034678 4696690,7987201 4690520,7979925 4745482))
3112;POLYGON((-71404 -3416936,-23801 -3416747,-23692 -3471594,-71076 -3471782,-71404 -3416936))
3577;POLYGON((118983 -3291926,166573 -3292485,165806 -3348511,118434 -3347955,118983 -3291926))
