4326;POLYGON((133.0 -29.75,133.5 -29.75,133.5 -30.25,133.0 -30.25,133.0 -29.75))
28348;POLYGON((3261559 6356113,3312823 6342432,3296860 6283693,3245956 6297484,3261559 6356113))
28349;POLYGON((2653657 6497108,2703837 6486915,2691917 6429397,2642049 6439681,2653657 6497108))
28350;POLYGON((2057257 6599208,2106589 6592071,2098210 6535519,2049157 6542725,2057257 6599208))
28351;POLYGON((1469391 6666666,1518130 6662292,1512952 6606421,1464469 6610838,1469391 6666666))
28352;POLYGON((886914 6702207,935326 6700422,933143 6644932,884975 6646735,886914 6702207))
28353;POLYGON((306602 6707240,354958 6707973,355684 6652560,307570 6651819,306602 6707240))
28354;POLYGON((-274792 6681964,-226222 6685244,-222559 6629601,-270879 6626288,-274792 6681964))
28355;POLYGON((-860507 6625380,-811454 6631337,-804709 6575163,-853495 6569147,-860507 6625380))
28356;POLYGON((-1453720 6535219,-1403924 6544095,-1393827 6487095,-1443327 6478137,-1453720 6535219))
28357;POLYGON((-2057475 6407767,-2006689 6419932,-1992822 6361833,-2043269 6349565,-2057475 6407767))
28358;POLYGON((-2674539 6237585,-2622549 6253568,-2604315 6194138,-2655908 6178036,-2674539 6237585))
3113;POLYGON((-1904483 -267721,-1854667 -258842,-1844566 -315864,-1894085 -324825,-1904483 -267721))
3111;POLYGON((1333509 3232469,1381871 3238468,1388597 3183054,1340526 3177091,1333509 3232469))
3107;POLYGON((806874 2247124,855152 2247906,855920 2192586,807899 2191808,806874 2247124))
3308;POLYGON((7948655 4797259,7996643 4803612,8003791 4748612,7956066 4742294,7948655 4797259))
3112;POLYGON((-95641 -3362287,-47821 -3362002,-47603 -3416818,-95205 -3417102,-95641 -3362287))
3577;POLYGON((95625 -3235666,143436 -3236133,142778 -3292182,95187 -3291717,95625 -3235666))
