4326;POLYGON((133.25 -30.0,133.75 -30.0,133.75 -30.5,133.25 -30.5,133.25 -30.0))
28348;POLYGON((3279313 6319955,3330446 6306061,3314195 6247326,3263428 6261329,3279313 6319955))
28349;POLYGON((2672875 6463301,2722940 6452926,2710779 6395397,2661030 6405862,2672875 6463301))
28350;POLYGON((2077811 6567407,2127034 6560114,2118454 6503545,2069512 6510905,2077811 6567407))
28351;POLYGON((1491240 6636581,1539871 6632073,1534525 6576185,1486152 6580736,1491240 6636581))
28352;POLYGON((910091 6673601,958390 6671700,956067 6616199,908014 6618119,910091 6673601))
28353;POLYGON((331203 6679925,379435 6680557,380044 6625144,332056 6624506,331203 6679925))
28354;POLYGON((-248616 6655801,-200185 6658989,-196619 6603364,-244800 6600144,-248616 6655801))
28355;POLYGON((-832548 6600283,-783653 6606154,-776992 6550017,-825619 6544090,-832548 6600283))
28356;POLYGON((-1423709 6511162,-1374095 6519951,-1364074 6463014,-1413391 6454146,-1423709 6511162))
28357;POLYGON((-2025076 6384800,-1974504 6396870,-1960712 6338866,-2010946 6326696,-2025076 6384800))
28358;POLYGON((-2639343 6215856,-2587604 6231727,-2569454 6172430,-2620797 6156444,-2639343 6215856))
3113;POLYGON((-1874459 -291787,-1824826 -282995,-1814801 -339954,-1864138 -348825,-1874459 -291787))
3111;POLYGON((1361123 3207796,1409355 3213651,1415933 3158245,1367992 3152426,1361123 3207796))
3107;POLYGON((831461 2219882,879612 2220551,880252 2165234,832357 2164569,831461 2219882))
3308;POLYGON((7976285 4772970,8024157 4779191,8031172 4724185,7983563 4717998,7976285 4772970))
3112;POLYGON((-71567 -3389525,-23856 -3389335,-23747 -3444166,-71240 -3444355,-71567 -3389525))
3577;POLYGON((119257 -3263904,166957 -3264464,166189 -3320501,118708 -3319944,119257 -3263904))
