4326;POLYGON((133.5 -35.5,134.0 -35.5,134.0 -36.0,133.5 -36.0,133.5 -35.5))
28348;POLYGON((3117163 5674189,3164136 5659212,3145530 5601811,3098956 5616842,3117163 5674189))
28349;POLYGON((2557061 5829639,2603490 5818327,2589405 5761563,2543329 5772925,2557061 5829639))
28350;POLYGON((2003075 5943750,2049032 5935716,2038990 5879514,1993353 5887589,2003075 5943750))
28351;POLYGON((1454012 6020407,1499617 6015379,1493282 5959603,1447975 5964659,1454012 6020407))
28352;POLYGON((908256 6062185,953654 6059994,950816 6004472,905704 6006675,908256 6062185))
28353;POLYGON((363955 6070472,409305 6071046,409870 6015589,364803 6015011,363955 6070472))
28354;POLYGON((-180833 6045543,-135368 6048902,-131380 5993315,-176556 5989937,-180833 6045543))
28355;POLYGON((-728022 5986571,-682287 5992826,-674745 5936925,-720175 5930636,-728022 5986571))
28356;POLYGON((-1279365 5891587,-1233223 5900947,-1221878 5844570,-1267687 5835164,-1279365 5891587))
28357;POLYGON((-1836296 5757380,-1789646 5770164,-1774114 5713192,-1820395 5700354,-1836296 5757380))
28358;POLYGON((-2399699 5579347,-2352494 5595997,-2332247 5538384,-2379030 5521682,-2399699 5579347))
3113;POLYGON((-1730059 -911605,-1683899 -902240,-1672550 -958639,-1718377 -968049,-1730059 -911605))
3111;POLYGON((1458951 2603484,1504008 2608833,1510404 2553721,1465637 2548406,1458951 2603484))
3107;POLYGON((863988 1611547,909324 1612072,909837 1556613,864758 1556092,863988 1611547))
3308;POLYGON((8078781 4171563,8123773 4177300,8130659 4122252,8085931 4116548,8078781 4171563))
3112;POLYGON((-45302 -3995080,0 -3994990,0 -4050429,-45081 -4050518,-45302 -3995080))
3577;POLYGON((135894 -3878508,181189 -3879128,180320 -3934639,135242 -3934022,135894 -3878508))
