4326;POLYGON((132.75 -33.5,133.25 -33.5,133.25 -34.0,132.75 -34.0,132.75 -33.5))
28348;POLYGON((3115447 5926267,3163895 5912037,3146625 5854237,3098559 5868540,3115447 5926267))
28349;POLYGON((2538863 6073285,2586590 6062636,2573636 6005670,2526244 6016383,2538863 6073285))
28350;POLYGON((1970106 6180032,2017245 6172569,2008130 6116294,1961294 6123806,1970106 6180032))
28351;POLYGON((1407345 6250420,1454064 6245873,1448460 6190097,1402023 6194676,1407345 6250420))
28352;POLYGON((848418 6286982,894905 6285187,892614 6229692,846397 6231499,848418 6286982))
28353;POLYGON((290986 6291014,337440 6291910,338381 6236463,292197 6235561,290986 6291014))
28354;POLYGON((-267343 6262661,-220723 6266277,-216517 6210646,-262860 6207004,-267343 6262661))
28355;POLYGON((-828934 6200916,-781955 6207383,-774334 6151341,-821019 6144831,-828934 6200916))
28356;POLYGON((-1396003 6103569,-1348489 6113118,-1337183 6056461,-1384374 6046852,-1396003 6103569))
28357;POLYGON((-1970486 5967069,-1922290 5980052,-1906886 5922612,-1954717 5909558,-1970486 5967069))
28358;POLYGON((-2553816 5786325,-2504845 5803232,-2484770 5744911,-2533319 5727929,-2553816 5786325))
3113;POLYGON((-1846743 -699540,-1799210 -689987,-1787899 -746666,-1835109 -756279,-1846743 -699540))
3111;POLYGON((1362927 2815229,1409097 2821080,1415934 2765964,1370053 2760150,1362927 2815229))
3107;POLYGON((791377 1831862,837733 1832721,838630 1777378,792530 1776525,791377 1831862))
3308;POLYGON((7981195 4382209,8027197 4388411,8034469 4333482,7988730 4327315,7981195 4382209))
3112;POLYGON((-115452 -3774546,-69272 -3774178,-68943 -3829331,-114903 -3829697,-115452 -3774546))
3577;POLYGON((69255 -3655164,115425 -3655526,114879 -3711302,68928 -3710942,69255 -3655164))
