4326;POLYGON((132.75 -24.5,133.25 -24.5,133.25 -25.0,132.75 -25.0,132.75 -24.5))
28348;POLYGON((3385126 6984383,3439872 6972299,3426392 6912446,3371963 6924690,3385126 6984383))
28349;POLYGON((2738871 7108262,2792033 7099348,2782069 7041217,2729176 7050255,2738871 7108262))
28350;POLYGON((2109042 7197117,2161015 7190934,2154078 7134104,2102340 7140376,2109042 7197117))
28351;POLYGON((1490969 7255220,1542138 7251478,1537902 7195534,1486948 7199332,1490969 7255220))
28352;POLYGON((880107 7285251,930846 7283779,929120 7228317,878586 7229811,880107 7285251))
28353;POLYGON((272004 7288557,322681 7289291,323390 7233912,272915 7233167,272004 7288557))
28354;POLYGON((-337753 7265286,-286769 7268257,-283595 7212563,-334369 7209547,-337753 7265286))
28355;POLYGON((-953601 7214396,-901938 7219739,-896158 7163328,-947593 7157907,-953601 7214396))
28356;POLYGON((-1580059 7133561,-1527336 7141524,-1518683 7083986,-1571149 7075911,-1580059 7133561))
28357;POLYGON((-2221762 7018941,-2167589 7029908,-2155646 6970825,-2209521 6959709,-2221762 7018941))
28358;POLYGON((-2883476 6864796,-2827451 6879333,-2811611 6818282,-2867277 6803564,-2883476 6864796))
3113;POLYGON((-2030870 330854,-1978127 338819,-1969470 281259,-2021957 273181,-2030870 330854))
3111;POLYGON((1233605 3814687,1285027 3821204,1291994 3765037,1240868 3758558,1233605 3814687))
3107;POLYGON((770604 2829124,821576 2830068,822478 2774389,771764 2773450,770604 2829124))
3308;POLYGON((7845170 5373198,7895916 5380040,7903256 5324597,7852775 5317791,7845170 5373198))
3112;POLYGON((-125268 -2787728,-75161 -2787329,-74835 -2842081,-124723 -2842478,-125268 -2787728))
3577;POLYGON((75175 -2646777,125291 -2647169,124743 -2703181,74847 -2702790,75175 -2646777))
