4326;POLYGON((133.0 -40.75,133.5 -40.75,133.5 -41.25,133.0 -41.25,133.0 -40.75))
28348;POLYGON((2874663 5093164,2917340 5078186,2897359 5022131,2855098 5037112,2874663 5093164))
28349;POLYGON((2363131 5249121,2405706 5237748,2390495 5181794,2348298 5193181,2363131 5249121))
28350;POLYGON((1853146 5363905,1895579 5355830,1884736 5300044,1842652 5308133,1853146 5363905))
28351;POLYGON((1344810 5440605,1387116 5435610,1380351 5379981,1338376 5384986,1344810 5440605))
28352;POLYGON((837714 5481292,879941 5479244,877074 5423715,835167 5425769,837714 5481292))
28353;POLYGON((331157 5487070,373370 5487912,374323 5432405,332429 5431561,331157 5487070))
28354;POLYGON((-175671 5458094,-133405 5461849,-128606 5406279,-170546 5402516,-175671 5458094))
28355;POLYGON((-683529 5393581,-641153 5400350,-632379 5344647,-674414 5337864,-683529 5393581))
28356;POLYGON((-1192946 5291784,-1150429 5301751,-1137445 5245878,-1179597 5235897,-1192946 5291784))
28357;POLYGON((-1704016 5149958,-1661373 5163391,-1643835 5107373,-1686080 5093931,-1704016 5149958))
28358;POLYGON((-2216140 4964312,-2173455 4981568,-2150902 4925520,-2193145 4908271,-2216140 4964312))
3113;POLYGON((-1643606 -1511642,-1601073 -1501670,-1588084 -1557565,-1630252 -1567550,-1643606 -1511642))
3111;POLYGON((1487213 2019548,1529202 2024757,1535909 1969506,1494210 1964333,1487213 2019548))
3107;POLYGON((829484 1025989,872110 1026679,872888 970584,830522 969898,829484 1025989))
3308;POLYGON((8111922 3586304,8154112 3591890,8161329 3536358,8119404 3530808,8111922 3586304))
3112;POLYGON((-85933 -4582297,-42966 -4582041,-42741 -4638606,-85483 -4638861,-85933 -4582297))
3577;POLYGON((86071 -4456284,129105 -4456705,128466 -4511113,85645 -4510694,86071 -4456284))
