4326;POLYGON((133.25 -20.5,133.75 -20.5,133.75 -21.0,133.25 -21.0,133.25 -20.5))
28348;POLYGON((3539169 7454800,3596464 7443892,3584619 7383035,3527607 7394142,3539169 7454800))
28349;POLYGON((2865196 7566447,2920487 7558419,2911754 7499688,2856699 7507868,2865196 7566447))
28350;POLYGON((2211843 7646543,2265650 7640958,2259554 7583809,2205950 7589502,2211843 7646543))
28351;POLYGON((1573127 7699318,1625933 7695890,1622160 7639815,1569538 7643311,1573127 7699318))
28352;POLYGON((943460 7727419,995718 7725979,994085 7670501,942000 7671970,943460 7727419))
28353;POLYGON((317504 7732210,369653 7732689,370081 7677344,318103 7676856,317504 7732210))
28354;POLYGON((-309976 7713920,-257500 7716340,-254991 7660670,-307290 7658202,-309976 7713920))
28355;POLYGON((-944260 7671669,-891012 7676147,-886300 7619684,-939356 7615118,-944260 7671669))
28356;POLYGON((-1590814 7603371,-1536327 7610132,-1529178 7552387,-1583447 7545496,-1590814 7603371))
28357;POLYGON((-2255437 7505504,-2199212 7514905,-2189252 7455357,-2245220 7445780,-2255437 7505504))
28358;POLYGON((-2944406 7372702,-2885898 7385275,-2872568 7323361,-2930762 7310564,-2944406 7372702))
3113;POLYGON((-2041629 800847,-1987121 807611,-1979970 749843,-2034260 742949,-2041629 800847))
3111;POLYGON((1228810 4274359,1282646 4280894,1289424 4223803,1235888 4217305,1228810 4274359))
3107;POLYGON((814320 3277919,867369 3278656,868020 3222397,815232 3221664,814320 3277919))
3308;POLYGON((7836831 5826340,7889746 5833216,7896904 5777088,7844257 5770246,7836831 5826340))
3112;POLYGON((-77781 -2348328,-25927 -2348122,-25817 -2403133,-77453 -2403338,-77781 -2348328))
3577;POLYGON((129663 -2200369,181526 -2200978,180763 -2256665,129118 -2256059,129663 -2200369))
