4326;POLYGON((132.75 -26.25,133.25 -26.25,133.25 -26.75,132.75 -26.75,132.75 -26.25))
28348;POLYGON((3338072 6775907,3391691 6763285,3377416 6703810,3324129 6716576,3338072 6775907))
28349;POLYGON((2704181 6905488,2756385 6896153,2745805 6838234,2693884 6847682,2704181 6905488))
28350;POLYGON((2085047 6998639,2136178 6992152,2128797 6935422,2077916 6941991,2085047 6998639))
28351;POLYGON((1476566 7059643,1526966 7055712,1522454 6999798,1472283 7003781,1476566 7059643))
28352;POLYGON((874657 7091201,924664 7089655,922825 7034187,873035 7035754,874657 7091201))
28353;POLYGON((275268 7094677,325219 7095448,325974 7040057,276239 7039275,275268 7094677))
28354;POLYGON((-325632 7070218,-275400 7073341,-272019 7017658,-322026 7014494,-325632 7070218))
28355;POLYGON((-932088 7016773,-881238 7022382,-875085 6966038,-925693 6960357,-932088 7016773))
28356;POLYGON((-1548174 6931993,-1496366 6940338,-1487169 6882960,-1538707 6874512,-1548174 6931993))
28357;POLYGON((-2177992 6812022,-2124883 6823489,-2112220 6764706,-2165016 6753105,-2177992 6812022))
28358;POLYGON((-2825623 6651137,-2770875 6666286,-2754134 6605743,-2808507 6590432,-2825623 6651137))
3113;POLYGON((-1998973 129207,-1947145 137555,-1937944 80154,-1989502 71703,-1998973 129207))
3111;POLYGON((1258973 3618631,1309364 3625017,1316294 3569156,1266196 3562808,1258973 3618631))
3107;POLYGON((774658 2634492,824729 2635419,825628 2579911,775814 2578988,774658 2634492))
3308;POLYGON((7871752 5179540,7921571 5186257,7928884 5131017,7879329 5124336,7871752 5179540))
3112;POLYGON((-123362 -2979301,-74018 -2978908,-73691 -3033629,-122818 -3034020,-123362 -2979301))
3577;POLYGON((74024 -2842917,123372 -2843303,122824 -2899378,73695 -2898994,74024 -2842917))
