4326;POLYGON((134.0 -43.25,134.5 -43.25,134.5 -43.75,134.0 -43.75,134.0 -43.25))
28348;POLYGON((2856476 4783868,2897032 4768297,2875442 4712893,2835315 4728441,2856476 4783868))
28349;POLYGON((2369009 4947020,2409667 4935047,2393026 4879468,2352762 4891434,2369009 4947020))
28350;POLYGON((1881021 5068873,1921684 5060220,1909612 5004612,1869316 5013266,1881021 5068873))
28351;POLYGON((1393264 5152293,1433894 5146755,1426110 5091176,1385827 5096718,1393264 5152293))
28352;POLYGON((905917 5199270,946516 5196714,942834 5141172,902572 5143730,905917 5199270))
28353;POLYGON((418822 5210937,459411 5211301,459744 5155772,419489 5155407,418822 5210937))
28354;POLYGON((-68325 5187573,-27720 5190866,-23363 5135319,-63630 5132023,-68325 5187573))
28355;POLYGON((-555804 5128616,-515164 5134917,-506681 5079332,-546969 5073027,-555804 5128616))
28356;POLYGON((-1043681 5032649,-1003014 5042110,-990203 4986500,-1030498 4977040,-1043681 5032649))
28357;POLYGON((-1531615 4897391,-1490970 4910234,-1473534 4854672,-1513776 4841838,-1531615 4897391))
28358;POLYGON((-2018601 4719686,-1978096 4736209,-1955637 4680855,-1995703 4664362,-2018601 4719686))
3113;POLYGON((-1494283 -1770877,-1453600 -1761413,-1440785 -1817044,-1481095 -1826508,-1494283 -1770877))
3111;POLYGON((1603355 1752859,1643942 1757462,1650096 1701890,1609801 1697320,1603355 1752859))
3107;POLYGON((917343 745747,958671 746034,958933 689439,917867 689154,917343 745747))
3308;POLYGON((8231184 3318635,8272092 3323653,8278828 3267624,8238188 3262639,8231184 3318635))
3112;POLYGON((0 -4866225,41835 -4866308,41607 -4923623,0 -4923540,0 -4866225))
3577;POLYGON((167901 -4727860,209871 -4728599,208821 -4782238,167061 -4781502,167901 -4727860))
