4326;POLYGON((134.0 -10.25,134.5 -10.25,134.5 -10.75,134.0 -10.75,134.0 -10.25))
28348;POLYGON((3811431 8707445,3873623 8701239,3867128 8638329,3805096 8644818,3811431 8707445))
28349;POLYGON((3084917 8770716,3144199 8766179,3139444 8706238,3080292 8710983,3084917 8770716))
28350;POLYGON((2387956 8815983,2445133 8812822,2441811 8755029,2384743 8758336,2387956 8815983))
28351;POLYGON((1711653 8846057,1767419 8844083,1765329 8787737,1709660 8789803,1711653 8846057))
28352;POLYGON((1048209 8862681,1103182 8861782,1102208 8806259,1047325 8807200,1048209 8862681))
28353;POLYGON((390484 8866776,445243 8866903,445331 8811618,390659 8811484,390484 8866776))
28354;POLYGON((-268379 8858563,-213263 8859723,-212108 8804104,-267133 8802889,-268379 8858563))
28355;POLYGON((-935291 8837594,-879233 8839852,-876948 8783310,-932907 8780948,-935291 8837594))
28356;POLYGON((-1617569 8802696,-1559935 8806180,-1556390 8748080,-1613911 8744435,-1617569 8802696))
28357;POLYGON((-2323324 8751803,-2263396 8756725,-2258377 8696349,-2318169 8691202,-2323324 8751803))
28358;POLYGON((-3061930 8681666,-2998866 8688352,-2992041 8624857,-3054935 8617868,-3061930 8681666))
3113;POLYGON((-2068395 2000640,-2010739 2004125,-2007192 1946002,-2064736 1942356,-2068395 2000640))
3111;POLYGON((1169638 5489764,1229858 5496593,1236580 5435888,1176679 5429095,1169638 5489764))
3107;POLYGON((882976 4458387,941487 4458793,941760 4399808,883522 4399404,882976 4458387))
3308;POLYGON((7768715 7015709,7827324 7022898,7834429 6963803,7776103 6956649,7768715 7015709))
3112;POLYGON((0 -1203258,56409 -1203370,56183 -1260254,0 -1260142,0 -1203258))
3577;POLYGON((225061 -1076890,281320 -1077881,280265 -1131770,224217 -1130783,225061 -1076890))
