4326;POLYGON((134.25 -41.0,134.75 -41.0,134.75 -41.5,134.25 -41.5,134.25 -41.0))
28348;POLYGON((2971076 5027080,3013550 5011304,2992434 4955313,2950387 4971086,2971076 5027080))
28349;POLYGON((2461715 5192152,2504124 5180049,2487888 5124107,2445864 5136219,2461715 5192152))
28350;POLYGON((1953579 5315311,1995865 5306562,1984085 5250761,1942155 5259523,1953579 5315311))
28351;POLYGON((1446970 5399824,1489133 5394196,1481500 5338545,1439672 5344185,1446970 5399824))
28352;POLYGON((941619 5447949,983697 5445290,980009 5389747,938254 5392411,941619 5447949))
28353;POLYGON((436923 5460972,478974 5461212,479134 5405705,437402 5405464,436923 5460972))
28354;POLYGON((-67868 5439242,-25780 5442388,-21768 5386838,-63532 5383685,-67868 5439242))
28355;POLYGON((-573486 5382179,-531305 5388314,-523335 5332652,-565179 5326505,-573486 5382179))
28356;POLYGON((-1080469 5288254,-1038162 5297544,-1026024 5241729,-1067971 5232427,-1080469 5288254))
28357;POLYGON((-1588968 5154964,-1546542 5167654,-1529917 5111702,-1571951 5099004,-1588968 5154964))
28358;POLYGON((-2098495 4978781,-2056023 4995206,-2034478 4939217,-2076517 4922798,-2098495 4978781))
3113;POLYGON((-1531086 -1515172,-1488762 -1505879,-1476619 -1561715,-1518583 -1571021,-1531086 -1515172))
3111;POLYGON((1595372 2004511,1637281 2009152,1643264 1953798,1601645 1949189,1595372 2004511))
3107;POLYGON((936248 999306,978749 999503,978879 943360,936637 943164,936248 999306))
3308;POLYGON((8220855 3572107,8262976 3577172,8269532 3521520,8227677 3516488,8220855 3572107))
3112;POLYGON((21427 -4610243,64281 -4610413,63943 -4667047,21314 -4666877,21427 -4610243))
3577;POLYGON((193172 -4484871,236094 -4485712,234924 -4540042,192215 -4539206,193172 -4484871))
