4326;POLYGON((134.0 -32.0,134.5 -32.0,134.5 -32.5,134.0 -32.5,134.0 -32.0))
28348;POLYGON((3289061 6064583,3338832 6049798,3321188 5991418,3271801 6006293,3289061 6064583))
28349;POLYGON((2697721 6217770,2746603 6206634,2733285 6149271,2684737 6160485,2697721 6217770))
28350;POLYGON((2116040 6330174,2164195 6322247,2154683 6265726,2106826 6273712,2116040 6330174))
28351;POLYGON((1541817 6406164,1589443 6401143,1583373 6345239,1536021 6350300,1541817 6406164))
28352;POLYGON((972541 6448621,1019856 6446317,1017003 6390783,969949 6393106,972541 6448621))
28353;POLYGON((405542 6459127,452772 6459455,453030 6404030,406058 6403700,405542 6459127))
28354;POLYGON((-161912 6438071,-114540 6441043,-111161 6385465,-158269 6382469,-161912 6438071))
28355;POLYGON((-732546 6384674,-684807 6390399,-678182 6334409,-725642 6328638,-732546 6384674))
28356;POLYGON((-1308988 6296934,-1260668 6305630,-1250550 6248983,-1298563 6240222,-1308988 6296934))
28357;POLYGON((-1893665 6171502,-1844574 6183503,-1830576 6125982,-1879321 6113899,-1893665 6171502))
28358;POLYGON((-2488630 6003454,-2438616 6019238,-2420188 5960677,-2469801 5944801,-2488630 6003454))
3113;POLYGON((-1759694 -506099,-1711355 -497400,-1701233 -554069,-1749265 -562833,-1759694 -506099))
3111;POLYGON((1459180 2995067,1506294 3000410,1512416 2945124,1465593 2939814,1459180 2995067))
3107;POLYGON((905737 1999563,952868 1999890,953124 1944579,906249 1944254,905737 1999563))
3308;POLYGON((8075623 4562220,8122485 4567968,8129099 4512962,8082500 4507247,8075623 4562220))
3112;POLYGON((0 -3608850,46838 -3608943,46619 -3663931,0 -3663838,0 -3608850))
3577;POLYGON((187300 -3488798,234119 -3489622,233025 -3545532,186424 -3544711,187300 -3488798))
