4326;POLYGON((134.25 -32.0,134.75 -32.0,134.75 -32.5,134.25 -32.5,134.25 -32.0))
28348;POLYGON((3313937 6057231,3363748 6042283,3345910 5983858,3296486 5998896,3313937 6057231))
28349;POLYGON((2722153 6212237,2771069 6200959,2757583 6143557,2709003 6154913,2722153 6212237))
28350;POLYGON((2140111 6326242,2188293 6318189,2178630 6261636,2130748 6269751,2140111 6326242))
28351;POLYGON((1565626 6403682,1613270 6398545,1607062 6342620,1559693 6347799,1565626 6403682))
28352;POLYGON((996196 6447496,1043520 6445081,1040535 6389537,993474 6391972,996196 6447496))
28353;POLYGON((429157 6459318,476386 6459537,476515 6404113,429544 6403893,429157 6459318))
28354;POLYGON((-138224 6439585,-90862 6442445,-87615 6386878,-134713 6383995,-138224 6439585))
28355;POLYGON((-708671 6387566,-660952 6393173,-654466 6337205,-701907 6331553,-708671 6387566))
28356;POLYGON((-1284821 6301315,-1236529 6309880,-1226564 6253265,-1274550 6244635,-1284821 6301315))
28357;POLYGON((-1869110 6177539,-1820055 6189394,-1806228 6131913,-1854940 6119977,-1869110 6177539))
28358;POLYGON((-2463613 6011389,-2413640 6027003,-2395409 5968488,-2444985 5952782,-2463613 6011389))
3113;POLYGON((-1735517 -501717,-1687207 -493148,-1677237 -549785,-1725242 -558418,-1735517 -501717))
3111;POLYGON((1482734 2997770,1529861 3002989,1535838 2947687,1489001 2942500,1482734 2997770))
3107;POLYGON((929302 1999754,976434 1999972,976562 1944661,929686 1944444,929302 1999754))
3308;POLYGON((8099051 4565122,8145926 4570758,8152408 4515737,8105796 4510132,8099051 4565122))
3112;POLYGON((23419 -3608873,70257 -3609059,69929 -3664047,23309 -3663862,23419 -3608873))
3577;POLYGON((210710 -3489187,257528 -3490103,256324 -3546011,209725 -3545099,210710 -3489187))
