4326;POLYGON((134.5 -26.25,135.0 -26.25,135.0 -26.75,134.5 -26.75,134.5 -26.25))
28348;POLYGON((3526324 6730409,3580419 6716719,3564944 6656724,3511198 6670566,3526324 6730409))
28349;POLYGON((2887359 6871693,2939941 6861452,2928343 6803117,2876057 6813480,2887359 6871693))
28350;POLYGON((2264344 6974948,2315753 6967667,2307480 6910628,2256329 6918001,2264344 6974948))
28351;POLYGON((1653180 7044985,1703758 7040331,1698435 6984218,1648091 6988932,1653180 7044985))
28352;POLYGON((1049774 7084935,1099861 7082704,1097255 7027144,1047388 7029404,1049774 7084935))
28353;POLYGON((450067 7096533,500000 7096629,500000 7041254,450282 7041156,450067 7096533))
28354;POLYGON((-149975 7080276,-99861 7082704,-97255 7027144,-147149 7024684,-149975 7080276))
28355;POLYGON((-754392 7035468,-703758 7040331,-698435 6984218,-748834 6979291,-754392 7035468))
28356;POLYGON((-1367246 6960153,-1315753 6967667,-1307480 6910628,-1358713 6903021,-1367246 6960153))
28357;POLYGON((-1992636 6850945,-1939941 6861452,-1928343 6803117,-1980738 6792485,-1992636 6850945))
28358;POLYGON((-2634654 6702713,-2580419 6716719,-2564944 6656724,-2618824 6642564,-2634654 6702713))
3113;POLYGON((-1817975 157378,-1766462 164894,-1758185 107833,-1809438 100223,-1817975 157378))
3111;POLYGON((1435483 3639822,1485983 3645281,1491885 3589302,1441679 3583876,1435483 3639822))
3107;POLYGON((949920 2636723,1000000 2636839,1000000 2581323,950177 2581208,949920 2636723))
3308;POLYGON((8046254 5202005,8096178 5207887,8102565 5152532,8052905 5146682,8046254 5202005))
3112;POLYGON((49345 -2978785,98690 -2979080,98255 -3033800,49128 -3033507,49345 -2978785))
3577;POLYGON((246733 -2845114,296071 -2846176,294755 -2902239,245636 -2901181,246733 -2845114))
