4326;POLYGON((134.5 -21.75,135.0 -21.75,135.0 -22.25,134.5 -22.25,134.5 -21.75))
28348;POLYGON((3651589 7274324,3708625 7262229,3695394 7201139,3638666 7213431,3651589 7274324))
28349;POLYGON((2980596 7398662,3035642 7389679,3025798 7330712,2971008 7339849,2980596 7398662))
28350;POLYGON((2330274 7488982,2383819 7482628,2376834 7425272,2323510 7431739,2330274 7488982))
28351;POLYGON((1694966 7549989,1747467 7545941,1742989 7489712,1690685 7493832,1694966 7549989))
28352;POLYGON((1069342 7584696,1121233 7582760,1119046 7527196,1067339 7529168,1069342 7584696))
28353;POLYGON((448299 7594760,500000 7594844,500000 7539501,448480 7539416,448299 7594760))
28354;POLYGON((-173159 7580652,-121233 7582760,-119046 7527196,-170786 7525051,-173159 7580652))
28355;POLYGON((-800038 7541710,-747467 7545941,-742989 7489712,-795360 7485405,-800038 7541710))
28356;POLYGON((-1437470 7476068,-1383819 7482628,-1376834 7425272,-1430263 7418598,-1437470 7476068))
28357;POLYGON((-2090834 7380457,-2035642 7389679,-2025798 7330712,-2080731 7321334,-2090834 7380457))
28358;POLYGON((-2765850 7249846,-2708625 7262229,-2695394 7201139,-2752307 7188555,-2765850 7249846))
3113;POLYGON((-1888226 673494,-1834554 680056,-1827566 622678,-1881016 616001,-1888226 673494))
3111;POLYGON((1379256 4147544,1432423 4153291,1438419 4096422,1385550 4090708,1379256 4147544))
3107;POLYGON((947596 3138806,1000000 3138927,1000000 3082873,947856 3082752,947596 3138806))
3308;POLYGON((7986043 5702788,8038365 5708952,8044824 5652974,7992770 5646841,7986043 5702788))
3112;POLYGON((51307 -2485639,102614 -2485945,102178 -2540845,51089 -2540540,51307 -2485639))
3577;POLYGON((256588 -2341575,307897 -2342679,306586 -2398482,255496 -2397382,256588 -2341575))
