4326;POLYGON((134.0 -34.5,134.5 -34.5,134.5 -35.0,134.0 -35.0,134.0 -34.5))
28348;POLYGON((3200791 5774396,3248610 5759215,3229978 5701495,3182557 5716740,3200791 5774396))
28349;POLYGON((2631200 5932082,2678376 5920595,2664248 5863621,2617422 5875167,2631200 5932082))
28350;POLYGON((2068768 6048233,2115396 6040030,2105270 5983705,2058958 5991956,2068768 6048233))
28351;POLYGON((1512060 6126970,1558277 6121762,1551801 6065928,1505876 6071168,1512060 6126970))
28352;POLYGON((959226 6171036,1005197 6168643,1002149 6113107,956457 6115516,959226 6171036))
28353;POLYGON((408195 6181948,454098 6182289,454373 6126842,408746 6126500,408195 6181948))
28354;POLYGON((-143198 6160082,-97182 6163167,-93573 6107595,-139307 6104490,-143198 6160082))
28355;POLYGON((-697101 6104686,-650796 6110621,-643731 6054718,-689739 6048746,-697101 6104686))
28356;POLYGON((-1255528 6013847,-1208775 6022839,-1198010 5966416,-1244440 5957373,-1255528 6013847))
28357;POLYGON((-1820213 5884381,-1772883 5896748,-1758043 5839655,-1805012 5827227,-1820213 5884381))
28358;POLYGON((-2392403 5711670,-2344416 5727856,-2324973 5670008,-2372547 5653759,-2392403 5711670))
3113;POLYGON((-1706213 -789297,-1659442 -780301,-1648673 -836746,-1695121 -845793,-1706213 -789297))
3111;POLYGON((1491212 2719085,1536875 2724263,1542984 2669099,1497610 2663953,1491212 2719085))
3107;POLYGON((908298 1722890,954148 1723208,954405 1667812,908811 1667496,908298 1722890))
3308;POLYGON((8110009 4287331,8155555 4292917,8162173 4237879,8116890 4232325,8110009 4287331))
3112;POLYGON((0 -3884343,45742 -3884434,45522 -3939720,0 -3939630,0 -3884343))
3577;POLYGON((182930 -3767893,228658 -3768698,227568 -3824346,182059 -3823544,182930 -3767893))
