4326;POLYGON((133.75 -36.0,134.25 -36.0,134.25 -36.5,133.75 -36.5,133.75 -36.0))
28348;POLYGON((3122238 5609367,3168833 5594174,3149842 5536877,3103650 5552119,3122238 5609367))
28349;POLYGON((2566362 5767280,2612458 5755773,2598043 5699061,2552305 5710615,2566362 5767280))
28350;POLYGON((2016168 5883584,2061822 5875378,2051503 5819193,2006173 5827439,2016168 5883584))
28351;POLYGON((1470626 5962161,1515944 5956983,1509383 5901205,1464366 5906411,1470626 5962161))
28352;POLYGON((928258 6005603,973376 6003283,970358 5947753,925531 5950085,928258 6005603))
28353;POLYGON((387337 6015329,432403 6015791,432832 5960330,388053 5959865,387337 6015329))
28354;POLYGON((-153966 5991655,-108798 5994915,-104908 5939340,-149784 5936062,-153966 5991655))
28355;POLYGON((-697457 5933812,-652040 5939976,-644565 5884110,-689673 5877915,-697457 5933812))
28356;POLYGON((-1244778 5839901,-1198987 5849172,-1187681 5792865,-1233138 5783551,-1244778 5839901))
28357;POLYGON((-1797249 5706811,-1750990 5719497,-1735482 5662641,-1781370 5649905,-1797249 5706811))
28358;POLYGON((-2355633 5530076,-2308871 5546606,-2288643 5489166,-2334984 5472589,-2355633 5530076))
3113;POLYGON((-1695459 -963311,-1649649 -954036,-1638339 -1010365,-1683815 -1019682,-1695459 -963311))
3111;POLYGON((1488017 2551093,1532798 2556290,1539050 2501165,1494558 2496001,1488017 2551093))
3107;POLYGON((887297 1556379,932377 1556796,932763 1501298,887940 1500883,887297 1556379))
3308;POLYGON((8108291 4119427,8153034 4125023,8159791 4069931,8115313 4064367,8108291 4119427))
3112;POLYGON((-22540 -4050451,22540 -4050451,22430 -4105973,-22430 -4105973,-22540 -4050451))
3577;POLYGON((157781 -3934308,202857 -3935014,201881 -3990445,157022 -3989743,157781 -3934308))
