4326;POLYGON((134.0 -39.25,134.5 -39.25,134.5 -39.75,134.0 -39.75,134.0 -39.25))
28348;POLYGON((3020254 5231830,3064197 5216248,3043865 5159792,3000339 5175390,3020254 5231830))
28349;POLYGON((2494244 5394442,2537977 5382549,2522421 5326331,2479065 5338247,2494244 5394442))
28350;POLYGON((1970973 5515124,2014474 5506576,2003252 5450637,1960097 5459207,1970973 5515124))
28351;POLYGON((1450298 5597367,1493603 5591916,1486394 5536220,1443413 5541687,1450298 5597367))
28352;POLYGON((931541 5643549,974720 5641039,971318 5585500,928450 5588018,931541 5643549))
28353;POLYGON((413712 5655003,456856 5655360,457164 5599870,414329 5599511,413712 5655003))
28354;POLYGON((-104303 5632059,-61101 5635294,-57074 5579736,-99963 5576490,-104303 5632059))
28355;POLYGON((-623602 5574055,-580254 5580261,-572394 5524529,-615414 5518304,-623602 5574055))
28356;POLYGON((-1145088 5479316,-1101531 5488674,-1089613 5432689,-1132818 5423309,-1145088 5479316))
28357;POLYGON((-1669290 5345102,-1625500 5357881,-1609183 5301619,-1652587 5288818,-1669290 5345102))
28358;POLYGON((-2196110 5167534,-2152126 5184104,-2130945 5127620,-2174498 5111038,-2196110 5167534))
3113;POLYGON((-1595730 -1324036,-1552156 -1314675,-1540233 -1370681,-1583455 -1380065,-1595730 -1324036))
3111;POLYGON((1551993 2195395,1594905 2200262,1601020 2145042,1558398 2140208,1551993 2195395))
3107;POLYGON((913185 1194983,956592 1195285,956850 1139421,913702 1139122,913185 1194983))
3308;POLYGON((8175528 3763561,8218566 3768840,8225227 3713442,8182454 3708195,8175528 3763561))
3112;POLYGON((0 -4413030,43639 -4413117,43415 -4469302,0 -4469215,0 -4413030))
3577;POLYGON((174704 -4293303,218375 -4294073,217303 -4348856,173846 -4348090,174704 -4293303))
