4326;POLYGON((134.0 -20.5,134.5 -20.5,134.5 -21.0,134.0 -21.0,134.0 -20.5))
28348;POLYGON((3625183 7438339,3682767 7427031,3670491 7365868,3613196 7377381,3625183 7438339))
28349;POLYGON((2948187 7554323,3003699 7545963,2994607 7486997,2939336 7495515,2948187 7554323))
28350;POLYGON((2292593 7638095,2346559 7632223,2340153 7574905,2286394 7580890,2292593 7638095))
28351;POLYGON((1652360 7694111,1705265 7690425,1701215 7634243,1648495 7638002,1652360 7694111))
28352;POLYGON((1021858 7725198,1074160 7723515,1072266 7667988,1020138 7669704,1021858 7725198))
28353;POLYGON((395725 7732868,447864 7733107,448035 7677771,396067 7677527,395725 7732868))
28354;POLYGON((-231279 7717488,-178867 7719660,-176623 7664056,-228858 7661841,-231279 7717488))
28355;POLYGON((-864419 7678319,-811292 7682530,-806866 7626193,-859802 7621899,-864419 7678319))
28356;POLYGON((-1509129 7613437,-1454824 7619897,-1447997 7562340,-1502088 7555756,-1509129 7613437))
28357;POLYGON((-2171162 7519517,-2115183 7528563,-2105600 7469270,-2161328 7460055,-2171162 7519517))
28358;POLYGON((-2856724 7391452,-2798534 7403592,-2785663 7342006,-2843549 7329649,-2856724 7391452))
3113;POLYGON((-1959913 810917,-1905586 817379,-1898757 759800,-1952870 753213,-1959913 810917))
3111;POLYGON((1309576 4284056,1363462 4290167,1369790 4233024,1316204 4226947,1309576 4284056))
3107;POLYGON((893894 3278932,946946 3279301,947207 3223038,894415 3222672,893894 3278932))
3308;POLYGON((7916216 5836559,7969179 5843056,7975933 5786877,7923239 5780414,7916216 5836559))
3112;POLYGON((0 -2348096,51854 -2348199,51635 -2403210,0 -2403107,0 -2348096))
3577;POLYGON((207456 -2201358,259314 -2202272,258224 -2257953,206584 -2257044,207456 -2201358))
