4326;POLYGON((133.75 -10.5,134.25 -10.5,134.25 -11.0,133.75 -11.0,133.75 -10.5))
28348;POLYGON((3777347 8679240,3839322 8672970,3832759 8610233,3770947 8616780,3777347 8679240))
28349;POLYGON((3053099 8743119,3112214 8738541,3107416 8678721,3048432 8683503,3053099 8743119))
28350;POLYGON((2357860 8788735,2414912 8785554,2411567 8727842,2354627 8731166,2357860 8788735))
28351;POLYGON((1682843 8818904,1738516 8816931,1736427 8760635,1680852 8762696,1682843 8818904))
28352;POLYGON((1020323 8835367,1075232 8834492,1074280 8778989,1019463 8779904,1020323 8835367))
28353;POLYGON((363210 8839032,417929 8839207,418064 8783918,363435 8783736,363210 8839032))
28354;POLYGON((-295319 8830098,-240221 8831331,-238992 8775685,-293997 8774397,-295319 8830098))
28355;POLYGON((-962157 8808078,-906096 8810438,-903706 8753847,-959666 8751381,-962157 8808078))
28356;POLYGON((-1644611 8771739,-1586952 8775359,-1583267 8717189,-1640809 8713406,-1644611 8771739))
28357;POLYGON((-2350791 8718929,-2290818 8724032,-2285613 8663564,-2345445 8658233,-2350791 8718929))
28358;POLYGON((-3090076 8646276,-3026945 8653198,-3019877 8589587,-3082832 8582358,-3090076 8646276))
3113;POLYGON((-2095448 1969670,-2037767 1973292,-2034080 1915100,-2091644 1911315,-2095448 1969670))
3111;POLYGON((1143145 5455878,1203188 5462847,1210057 5402269,1150333 5395338,1143145 5455878))
3107;POLYGON((854063 4428569,912436 4429109,912845 4370214,854744 4369676,854063 4428569))
3308;POLYGON((7743192 6982465,7801641 6989776,7808876 6930792,7750709 6923516,7743192 6982465))
3112;POLYGON((-28148 -1231745,28148 -1231745,28035 -1288562,-28035 -1288562,-28148 -1231745))
3577;POLYGON((196561 -1103410,252716 -1104289,251766 -1158238,195822 -1157362,196561 -1103410))
