4326;POLYGON((134.25 -35.0,134.75 -35.0,134.75 -35.5,134.25 -35.5,134.25 -35.0))
28348;POLYGON((3206261 5709159,3253707 5693749,3234683 5636132,3187640 5651601,3206261 5709159))
28349;POLYGON((2640829 5869430,2687679 5857740,2673215 5800817,2626721 5812563,2640829 5869430))
28350;POLYGON((2082110 5987863,2128441 5979482,2118035 5923174,2072024 5931601,2082110 5987863))
28351;POLYGON((1528835 6068578,1574773 6063217,1568069 6007381,1522428 6012774,1528835 6068578))
28352;POLYGON((979302 6114340,1025000 6111816,1021772 6056272,976357 6058812,979302 6114340))
28353;POLYGON((431560 6126699,477187 6126928,477326 6071477,431979 6071248,431560 6126699))
28354;POLYGON((-116438 6106072,-70712 6109060,-67200 6053500,-112641 6050493,-116438 6106072))
28355;POLYGON((-666731 6051763,-620738 6057612,-613736 6001743,-659430 5995860,-666731 6051763))
28356;POLYGON((-1221220 5961928,-1174811 5970837,-1164082 5914483,-1210167 5905526,-1221220 5961928))
28357;POLYGON((-1781522 5833478,-1734576 5845757,-1719754 5788778,-1766337 5776443,-1781522 5833478))
28358;POLYGON((-2348753 5661926,-2301205 5678006,-2281773 5620331,-2328909 5604193,-2348753 5661926))
3113;POLYGON((-1671892 -841236,-1625464 -832323,-1614731 -888699,-1660834 -897660,-1671892 -841236))
3111;POLYGON((1520294 2666556,1565681 2671582,1571644 2616413,1526547 2611419,1520294 2666556))
3107;POLYGON((931607 1667681,977202 1667892,977330 1612465,931992 1612255,931607 1667681))
3308;POLYGON((8139528 4235129,8184824 4240575,8191311 4185502,8146279 4180088,8139528 4235129))
3112;POLYGON((22761 -3939652,68283 -3939833,67953 -3995193,22651 -3995013,22761 -3939652))
3577;POLYGON((204814 -3823923,250322 -3824813,249125 -3880391,203835 -3879505,204814 -3823923))
