4326;POLYGON((134.0 -33.5,134.5 -33.5,134.5 -34.0,134.0 -34.0,134.0 -33.5))
28348;POLYGON((3236686 5890091,3285294 5875053,3267050 5817068,3218835 5832180,3236686 5890091))
28349;POLYGON((2658286 6046135,2706155 6034777,2692346 5977647,2644822 5989071,2658286 6046135))
28350;POLYGON((2088035 6160899,2135284 6152799,2125401 6096395,2078461 6104548,2088035 6160899))
28351;POLYGON((1524196 6238610,1570987 6233473,1564672 6177610,1518166 6182784,1524196 6238610))
28352;POLYGON((964658 6282073,1011178 6279713,1008207 6224178,961960 6226555,964658 6282073))
28353;POLYGON((407112 6292833,453557 6293168,453825 6237731,407650 6237393,407112 6292833))
28354;POLYGON((-150833 6271271,-104264 6274313,-100746 6218739,-147040 6215675,-150833 6271271))
28355;POLYGON((-711555 6216623,-664665 6222480,-657775 6166542,-704373 6160645,-711555 6216623))
28356;POLYGON((-1277311 6126939,-1229921 6135821,-1219412 6079307,-1266485 6070369,-1277311 6126939))
28357;POLYGON((-1850110 5998961,-1802066 6011193,-1787558 5953927,-1835247 5941626,-1850110 5998961))
28358;POLYGON((-2431513 5827939,-2382708 5843981,-2363662 5785847,-2412059 5769730,-2431513 5827939))
3113;POLYGON((-1728005 -676160,-1680596 -667275,-1670083 -723810,-1717175 -732753,-1728005 -676160))
3111;POLYGON((1478408 2829401,1524651 2834645,1530764 2779444,1484811 2774233,1478408 2829401))
3107;POLYGON((907273 1833606,953636 1833928,953892 1778579,907785 1778259,907273 1833606))
3308;POLYGON((8096253 4397302,8142325 4402953,8148940 4347940,8103131 4342321,8096253 4397302))
3112;POLYGON((0 -3773971,46181 -3774063,45962 -3829217,0 -3829125,0 -3773971))
3577;POLYGON((184676 -3656407,230839 -3657220,229748 -3712988,183802 -3712178,184676 -3656407))
