4326;POLYGON((133.75 -9.25,134.25 -9.25,134.25 -9.75,133.75 -9.75,133.75 -9.25))
28348;POLYGON((3792081 8835632,3854430 8830069,3848610 8767187,3786405 8773035,3792081 8835632))
28349;POLYGON((3063838 8892290,3123255 8888232,3119003 8828332,3059702 8832600,3063838 8892290))
28350;POLYGON((2365296 8932719,2422603 8929901,2419642 8872151,2362433 8875115,2365296 8932719))
28351;POLYGON((1687420 8959443,1743319 8957696,1741470 8901386,1685658 8903224,1687420 8959443))
28352;POLYGON((1022299 8974022,1077418 8973247,1076576 8917745,1021538 8918560,1022299 8974022))
28353;POLYGON((362692 8977267,417619 8977421,417739 8922137,362891 8921974,362692 8977267))
28354;POLYGON((-298358 8969356,-243045 8970448,-241958 8914801,-297188 8913652,-298358 8969356))
28355;POLYGON((-967884 8949855,-911589 8951944,-909474 8895336,-965679 8893138,-967884 8949855))
28356;POLYGON((-1653356 8917659,-1595429 8920867,-1592165 8862651,-1649989 8859276,-1653356 8917659))
28357;POLYGON((-2363093 8870841,-2302796 8875366,-2298183 8814805,-2358355 8810048,-2363093 8870841))
28358;POLYGON((-3106758 8806374,-3043222 8812520,-3036951 8748743,-3100331 8742284,-3106758 8806374))
3113;POLYGON((-2104196 2115647,-2046247 2118857,-2042981 2060618,-2100828 2057242,-2104196 2115647))
3111;POLYGON((1125059 5608213,1185902 5615275,1192836 5554131,1132314 5547107,1125059 5608213))
3107;POLYGON((852350 4576596,911409 4577143,911821 4517790,853037 4517246,852350 4576596))
3308;POLYGON((7724292 7130674,7783451 7138074,7790745 7078608,7731871 7071243,7724292 7130674))
3112;POLYGON((-28431 -1089099,28431 -1089099,28318 -1146263,-28318 -1146263,-28431 -1089099))
3577;POLYGON((198402 -969049,255083 -969936,254138 -1023587,197667 -1022702,198402 -969049))
