4326;POLYGON((134.0 -24.0,134.5 -24.0,134.5 -24.5,134.0 -24.5,134.0 -24.0))
28348;POLYGON((3535997 7013837,3591448 7001191,3577399 6940810,3522273 6953627,3535997 7013837))
28349;POLYGON((2882183 7143904,2935914 7134507,2925454 7075985,2871996 7085517,2882183 7143904))
28350;POLYGON((2246294 7238258,2298720 7231634,2291323 7174534,2239134 7181257,2246294 7238258))
28351;POLYGON((1623465 7301541,1674985 7297372,1670296 7241265,1618991 7245498,1623465 7301541))
28352;POLYGON((1008990 7336724,1059990 7334818,1057794 7279289,1006996 7281225,1008990 7336724))
28353;POLYGON((398285 7345412,449144 7345683,449342 7290323,398682 7290048,398285 7345412))
28354;POLYGON((-213172 7327994,-162078 7330453,-159476 7274857,-210366 7272359,-213172 7327994))
28355;POLYGON((-829918 7283685,-778208 7288445,-773086 7232202,-824576 7227370,-829918 7283685))
28356;POLYGON((-1456569 7210450,-1403855 7217732,-1395976 7160425,-1448445 7153035,-1456569 7210450))
28357;POLYGON((-2097884 7104802,-2043762 7114959,-2032746 7056158,-2086584 7045856,-2097884 7104802))
28358;POLYGON((-2758785 6961446,-2702838 6975001,-2688125 6914267,-2743731 6900531,-2758785 6961446))
3113;POLYGON((-1907333 407773,-1854598 415058,-1846715 357728,-1899206 350335,-1907333 407773))
3111;POLYGON((1355684 3886788,1407483 3892662,1413723 3836312,1362221 3830471,1355684 3886788))
3107;POLYGON((897524 2886782,948761 2887138,949019 2831395,898040 2831041,897524 2886782))
3308;POLYGON((7965145 5445408,8016235 5451675,8022919 5396081,7972095 5389847,7965145 5445408))
3112;POLYGON((0 -2732335,50325 -2732435,50108 -2787205,0 -2787105,0 -2732335))
3577;POLYGON((201338 -2592145,251667 -2593031,250571 -2649008,200461 -2648125,201338 -2592145))
