4326;POLYGON((133.75 -28.75,134.25 -28.75,134.25 -29.25,133.75 -29.25,133.75 -28.75))
28348;POLYGON((3370145 6453423,3422284 6439508,3406204 6380350,3354426 6394389,3370145 6453423))
28349;POLYGON((2752604 6597050,2803530 6586646,2791482 6528844,2740866 6539349,2752604 6597050))
28350;POLYGON((2147941 6701685,2197916 6694333,2189373 6637604,2139671 6645032,2147941 6701685))
28351;POLYGON((1552889 6771842,1602192 6767231,1596794 6711267,1547741 6715926,1552889 6771842))
28352;POLYGON((964046 6810446,1012963 6808387,1010490 6752867,961810 6754948,964046 6810446))
28353;POLYGON((377953 6819071,426773 6819481,427125 6764082,378539 6763668,377953 6819071))
28354;POLYGON((-208864 6798065,-159850 6800960,-156659 6745359,-205432 6742433,-208864 6798065))
28355;POLYGON((-799875 6746579,-750380 6752077,-744222 6695951,-793460 6690395,-799875 6746579))
28356;POLYGON((-1398524 6662497,-1348262 6670825,-1338882 6613856,-1388860 6605444,-1398524 6662497))
28357;POLYGON((-2008168 6542266,-1956865 6553782,-1943866 6495666,-1994844 6484042,-2008168 6542266))
28358;POLYGON((-2631978 6380612,-2579381 6395831,-2562187 6336295,-2614402 6320948,-2631978 6380612))
3113;POLYGON((-1849265 -140393,-1798983 -132062,-1789600 -189053,-1839597 -197469,-1849265 -140393))
3111;POLYGON((1392881 3352402,1441872 3358088,1448175 3302510,1399476 3296858,1392881 3352402))
3107;POLYGON((878011 2358907,926805 2359359,927190 2304000,878652 2303551,878011 2358907))
3308;POLYGON((8006607 4916814,8055167 4922888,8061926 4867785,8013630 4861744,8006607 4916814))
3112;POLYGON((-24128 -3252372,24128 -3252372,24019 -3307140,-24019 -3307140,-24128 -3252372))
3577;POLYGON((168877 -3124297,217124 -3125052,216136 -3181125,168109 -3180373,168877 -3124297))
