4326;POLYGON((134.0 -37.5,134.5 -37.5,134.5 -38.0,134.0 -38.0,134.0 -37.5))
28348;POLYGON((3088627 5430378,3134021 5414890,3114288 5357969,3069306 5373490,3088627 5430378))
28349;POLYGON((2546251 5591723,2591281 5579940,2576235 5523443,2531572 5535262,2546251 5591723))
28350;POLYGON((2008183 5711134,2052868 5702685,2042039 5646602,1997689 5655083,2008183 5711134))
28351;POLYGON((1473829 5792349,1518240 5786971,1511296 5731223,1467196 5736624,1473829 5792349))
28352;POLYGON((942096 5837898,986339 5835423,983065 5779885,939122 5782371,942096 5837898))
28353;POLYGON((411608 5849189,455804 5849541,456101 5794067,412201 5793713,411608 5849189))
28354;POLYGON((-119130 5826569,-74856 5829759,-70980 5774196,-114952 5770992,-119130 5826569))
28355;POLYGON((-651594 5769341,-607122 5775468,-599548 5719672,-643703 5713520,-651594 5769341))
28356;POLYGON((-1187084 5675733,-1142318 5684986,-1130813 5628839,-1175237 5619552,-1187084 5675733))
28357;POLYGON((-1726555 5542823,-1681433 5555493,-1665642 5498923,-1710386 5486217,-1726555 5542823))
28358;POLYGON((-2270371 5366440,-2224893 5382925,-2204324 5325940,-2249377 5309424,-2270371 5366440))
3113;POLYGON((-1637742 -1127543,-1592959 -1118286,-1581449 -1174455,-1625891 -1183746,-1637742 -1127543))
3111;POLYGON((1529593 2388390,1573519 2393372,1579627 2338216,1535991 2333268,1529593 2388390))
3107;POLYGON((911380 1389987,955689 1390295,955947 1334652,911895 1334346,911380 1389987))
3308;POLYGON((8151340 3956922,8195304 3962315,8201943 3907096,8158244 3901736,8151340 3956922))
3112;POLYGON((0 -4217264,44417 -4217352,44195 -4273153,0 -4273065,0 -4217264))
3577;POLYGON((177720 -4100680,222145 -4101463,221065 -4156623,176856 -4155845,177720 -4100680))
