4326;POLYGON((133.75 -38.5,134.25 -38.5,134.25 -39.0,133.75 -39.0,133.75 -38.5))
28348;POLYGON((3027536 5324382,3072094 5308996,3052223 5252352,3008079 5267762,3027536 5324382))
28349;POLYGON((2494611 5484693,2538891 5472987,2523738 5416664,2479829 5428398,2494611 5484693))
28350;POLYGON((1965086 5603225,2009088 5594849,1998204 5538862,1954542 5547264,1965086 5603225))
28351;POLYGON((1438605 5683529,1482381 5678232,1475445 5622522,1431987 5627839,1438605 5683529))
28352;POLYGON((914297 5728002,957933 5725625,954739 5670091,911409 5672477,914297 5728002))
28353;POLYGON((391000 5737966,434601 5738440,435055 5682955,391758 5682480,391000 5737966))
28354;POLYGON((-132565 5713717,-88893 5717056,-84776 5661489,-128139 5658138,-132565 5713717))
28355;POLYGON((-657650 5654536,-613807 5660838,-605907 5605068,-649426 5598744,-657650 5654536))
28356;POLYGON((-1185317 5558659,-1141226 5568113,-1129310 5512045,-1173052 5502564,-1185317 5558659))
28357;POLYGON((-1716253 5423220,-1671877 5436109,-1655592 5379700,-1699584 5366784,-1716253 5423220))
28358;POLYGON((-2250523 5244159,-2205887 5260869,-2184750 5204160,-2228956 5187431,-2250523 5244159))
3113;POLYGON((-1635974 -1244662,-1591866 -1235204,-1579945 -1291294,-1623704 -1300779,-1635974 -1244662))
3111;POLYGON((1520726 2275589,1564060 2280619,1570317 2225449,1527272 2220453,1520726 2275589))
3107;POLYGON((890514 1278420,934307 1278825,934694 1223064,891159 1222661,890514 1278420))
3308;POLYGON((8143445 3843762,8186867 3849194,8193650 3793896,8150492 3788497,8143445 3843762))
3112;POLYGON((-21986 -4328991,21986 -4328991,21875 -4385004,-21875 -4385004,-21986 -4328991))
3577;POLYGON((153996 -4210586,197991 -4211275,197023 -4266230,153243 -4265545,153996 -4210586))
