4326;POLYGON((135.25 -33.25,135.75 -33.25,135.75 -33.75,135.25 -33.75,135.25 -33.25))
28348;POLYGON((3367676 5880975,3416650 5865143,3397503 5806898,3348933 5822808,3367676 5880975))
28349;POLYGON((2785170 6045846,2833360 6033797,2818759 5976453,2770921 5988573,2785170 6045846))
28350;POLYGON((2211372 6168423,2258895 6159701,2248293 6103136,2201084 6111915,2211372 6168423))
28351;POLYGON((1644574 6253284,1691590 6247568,1684599 6191601,1637871 6197357,1644574 6253284))
28352;POLYGON((1082660 6303531,1129356 6300613,1125724 6245028,1079301 6247967,1082660 6303531))
28353;POLYGON((523287 6320969,569864 6320746,569463 6265310,523154 6265534,523287 6320969))
28354;POLYGON((-35981 6306221,10679 6308684,13496 6253158,-32894 6250677,-35981 6306221))
28355;POLYGON((-597593 6258760,-550644 6263998,-544512 6208147,-591176 6202872,-597593 6258760))
28356;POLYGON((-1163899 6176883,-1116473 6185085,-1106805 6128688,-1153922 6120432,-1163899 6176883))
28357;POLYGON((-1737041 6057602,-1688972 6069069,-1675415 6011934,-1723140 6000399,-1737041 6057602))
28358;POLYGON((-2318770 5896471,-2269932 5911635,-2251983 5853623,-2300426 5838382,-2318770 5896471))
3113;POLYGON((-1614548 -626197,-1567104 -617992,-1557432 -674411,-1604567 -682670,-1614548 -626197))
3111;POLYGON((1591226 2869688,1637679 2874339,1643068 2819051,1596905 2814429,1591226 2869688))
3107;POLYGON((1023245 1861676,1069737 1861461,1069353 1806122,1023117 1806336,1023245 1861676))
3308;POLYGON((8208374 4438543,8254642 4443657,8260598 4388573,8214593 4383488,8208374 4438543))
3112;POLYGON((115726 -3746993,162014 -3747545,161247 -3802663,115178 -3802113,115726 -3746993))
3577;POLYGON((300788 -3630878,347051 -3632146,345413 -3687927,299368 -3686665,300788 -3630878))
