4326;POLYGON((135.0 -8.5,135.5 -8.5,135.5 -9.0,135.0 -9.0,135.0 -8.5))
28348;POLYGON((3956973 8916545,4020264 8911081,4014547 8847370,3951397 8853140,3956973 8916545))
28349;POLYGON((3218995 8972324,3279121 8968316,3274922 8907820,3214908 8912054,3218995 8972324))
28350;POLYGON((2513205 9012489,2571033 9009668,2568070 8951508,2510336 8954488,2513205 9012489))
28351;POLYGON((1830120 9039607,1886384 9037801,1884475 8981237,1828294 8983146,1830120 9039607))
28352;POLYGON((1161529 9055291,1216876 9054395,1215912 8998774,1160640 8999721,1161529 9055291))
28353;POLYGON((500000 9060425,555031 9060390,554957 9005110,500000 9005147,500000 9060425))
28354;POLYGON((-161529 9055291,-106231 9056114,-105417 9000591,-160640 8999721,-161529 9055291))
28355;POLYGON((-830120 9039607,-773957 9041335,-772212 8984971,-828294 8983146,-830120 9039607))
28356;POLYGON((-1513205 9012489,-1455534 9015219,-1452758 8957373,-1510336 8954488,-1513205 9012489))
28357;POLYGON((-2218995 8972324,-2159091 8976225,-2155115 8916174,-2214908 8912054,-2218995 8972324))
28358;POLYGON((-2956973 8916545,-2893983 8921874,-2888544 8858768,-2951397 8853140,-2956973 8916545))
3113;POLYGON((-1963991 2210514,-1906297 2213246,-1903520 2155377,-1961121 2152491,-1963991 2210514))
3111;POLYGON((1267508 5717506,1328923 5723818,1335089 5662233,1273998 5655954,1267508 5717506))
3107;POLYGON((1000000 4666842,1059474 4666704,1059198 4607062,1000000 4607199,1000000 4666842))
3308;POLYGON((7861911 7238297,7921583 7245037,7928199 7185185,7868813 7178477,7861911 7238297))
3112;POLYGON((114411 -1003502,171614 -1004071,170929 -1061453,113954 -1060887,114411 -1003502))
3577;POLYGON((341981 -891451,398965 -892901,397500 -946353,340726 -944908,341981 -891451))
