4326;POLYGON((135.5 -13.0,136.0 -13.0,136.0 -13.5,135.5 -13.5,135.5 -13.0))
28348;POLYGON((3957472 8340013,4019509 8331698,4010770 8268328,3948943 8276927,3957472 8340013))
28349;POLYGON((3232919 8425156,3292024 8419020,3285566 8358661,3226630 8365011,3232919 8425156))
28350;POLYGON((2538395 8486877,2595342 8482525,2590750 8424387,2533945 8428891,2538395 8486877))
28351;POLYGON((1865342 8528963,1920799 8526140,1917803 8469540,1862471 8472464,1865342 8528963))
28352;POLYGON((1206240 8553824,1260803 8552371,1259236 8496703,1204788 8498207,1206240 8553824))
28353;POLYGON((554221 8562811,608446 8562651,608225 8507349,554110 8507514,554221 8562811))
28354;POLYGON((-97257 8556401,-42830 8557526,-41717 8502041,-96032 8500876,-97257 8556401))
28355;POLYGON((-754715 8534255,-699536 8536724,-697030 8480500,-752088 8477943,-754715 8534255))
28356;POLYGON((-1424942 8495175,-1368427 8499124,-1364392 8441570,-1420770 8437481,-1424942 8495175))
28357;POLYGON((-2115327 8436947,-2056829 8442606,-2051031 8383069,-2109367 8377212,-2115327 8436947))
28358;POLYGON((-2834223 8356043,-2772999 8363767,-2765077 8301497,-2826103 8293508,-2834223 8356043))
3113;POLYGON((-1875693 1692998,-1819156 1696950,-1815119 1639373,-1871520 1635283,-1875693 1692998))
3111;POLYGON((1383601 5177705,1442179 5183415,1447835 5123762,1389570 5118082,1383601 5177705))
3107;POLYGON((1057020 4136494,1114040 4136098,1113502 4078029,1056751 4078423,1057020 4136494))
3308;POLYGON((7980358 6713294,8037517 6719473,8043670 6661251,7986790 6655102,7980358 6713294))
3112;POLYGON((165509 -1515526,220675 -1516295,219781 -1572494,164838 -1571729,165509 -1515526))
3577;POLYGON((385665 -1378254,440743 -1379871,439037 -1434348,384172 -1432737,385665 -1378254))
