4326;POLYGON((135.25 -19.25,135.75 -19.25,135.75 -19.75,135.25 -19.75,135.25 -19.25))
28348;POLYGON((3800127 7563742,3858945 7552304,3846618 7490319,3788088 7501985,3800127 7563742))
28349;POLYGON((3109987 7681302,3166486 7672805,3157314 7613261,3101051 7621934,3109987 7681302))
28350;POLYGON((2443853 7766932,2498612 7760888,2492069 7703184,2437512 7709357,2443853 7766932))
28351;POLYGON((1795152 7825365,1848695 7821451,1844433 7765040,1791069 7769038,1795152 7825365))
28352;POLYGON((1157851 7859647,1210664 7857663,1208466 7802035,1155819 7804062,1157851 7859647))
28353;POLYGON((526272 7871491,578820 7871340,578578 7816009,526192 7816163,526272 7871491))
28354;POLYGON((-105077 7861476,-52340 7863150,-50637 7807641,-103210 7805931,-105077 7861476))
28355;POLYGON((-741689 7829113,-688301 7832695,-684570 7776526,-737782 7772867,-741689 7829113))
28356;POLYGON((-1389215 7772788,-1334694 7778459,-1328749 7721128,-1383073 7715337,-1389215 7772788))
28357;POLYGON((-2053654 7689580,-1997483 7697639,-1989009 7638610,-2044951 7630383,-2053654 7689580))
28358;POLYGON((-2741526 7574911,-2683137 7585816,-2671659 7524502,-2729770 7513378,-2741526 7574911))
3113;POLYGON((-1839952 970330,-1785410 976003,-1779463 918650,-1833808 912856,-1839952 970330))
3111;POLYGON((1429594 4442358,1484309 4447836,1489919 4390282,1435506 4384834,1429594 4442358))
3107;POLYGON((1026853 3420455,1080558 3420207,1080166 3363711,1026722 3363958,1026853 3420455))
3308;POLYGON((8032752 5993336,8086464 5999273,8092574 5942760,8039132 5936853,8032752 5993336))
3112;POLYGON((131005 -2210990,183404 -2211616,182636 -2266756,130456 -2266133,131005 -2210990))
3577;POLYGON((340629 -2065090,393019 -2066526,391389 -2122047,339216 -2120617,340629 -2065090))
