4326;POLYGON((135.5 -26.75,136.0 -26.75,136.0 -27.25,135.5 -27.25,135.5 -26.75))
28348;POLYGON((3618824 6642564,3672843 6628082,3656408 6567916,3602754 6582549,3618824 6642564))
28349;POLYGON((2980738 6792485,3033245 6781581,3020849 6723076,2968649 6734103,2980738 6792485))
28350;POLYGON((2358713 6903021,2410030 6895176,2401086 6837990,2350036 6845928,2358713 6903021))
28351;POLYGON((1748834 6979291,1799290 6974152,1793395 6917927,1743180 6923131,1748834 6979291))
28352;POLYGON((1147149 7024684,1197073 7022025,1193972 6966400,1144273 6969094,1147149 7024684))
28353;POLYGON((549717 7041156,599436 7040863,598997 6985478,549497 6985775,549717 7041156))
28354;POLYGON((-47388 7029404,2453 7031466,4658 6975961,-44960 6973874,-47388 7029404))
28355;POLYGON((-648091 6988932,-597799 6993435,-592857 6937451,-642914 6932891,-648091 6988932))
28356;POLYGON((-1256329 6918001,-1205259 6925142,-1197368 6868316,-1248180 6861089,-1256329 6918001))
28357;POLYGON((-1876057 6813480,-1823878 6823578,-1812687 6765551,-1864570 6755338,-1876057 6813480))
28358;POLYGON((-2511198 6670566,-2457587 6684094,-2442577 6624518,-2495840 6610845,-2511198 6670566))
3113;POLYGON((-1707015 115209,-1655924 122353,-1648030 65505,-1698862 58275,-1707015 115209))
3111;POLYGON((1542119 3594465,1592379 3599364,1597685 3543405,1547718 3538535,1542119 3594465))
3107;POLYGON((1049822 2581208,1099643 2580862,1099130 2525388,1049565 2525732,1049822 2581208))
3308;POLYGON((8152252 5158145,8201965 5163519,8207817 5108155,8158368 5102809,8152252 5158145))
3112;POLYGON((147381 -3034289,196504 -3034973,195633 -3089689,146727 -3089008,147381 -3034289))
3577;POLYGON((343869 -2903488,392978 -2904930,391223 -2960990,342333 -2959555,343869 -2903488))
