4326;POLYGON((134.75 -37.75,135.25 -37.75,135.25 -38.25,134.75 -38.25,134.75 -37.75))
28348;POLYGON((3146780 5378538,3192007 5362539,3171560 5305640,3126751 5321668,3146780 5378538))
28349;POLYGON((2606211 5545671,2651101 5533429,2635421 5476920,2590904 5489196,2606211 5545671))
28350;POLYGON((2069736 5670306,2114293 5661440,2102899 5605332,2058682 5614229,2069736 5670306))
28351;POLYGON((1536913 5756307,1581196 5750544,1573740 5694768,1529772 5700555,1536913 5756307))
28352;POLYGON((1006757 5806325,1050865 5803486,1047119 5747930,1003314 5750781,1006757 5806325))
28353;POLYGON((477976 5821892,522023 5821892,521874 5766416,478125 5766416,477976 5821892))
28354;POLYGON((-50865 5803486,-6757 5806325,-3314 5750781,-47119 5747930,-50865 5803486))
28355;POLYGON((-581196 5750544,-536913 5756307,-529772 5700555,-573740 5694768,-581196 5750544))
28356;POLYGON((-1114293 5661440,-1069736 5670306,-1058682 5614229,-1102899 5605332,-1114293 5661440))
28357;POLYGON((-1651101 5533429,-1606211 5545671,-1590904 5489196,-1635421 5476920,-1651101 5533429))
28358;POLYGON((-2192007 5362539,-2146780 5378538,-2126751 5321668,-2171560 5305640,-2192007 5362539))
3113;POLYGON((-1564922 -1141841,-1520349 -1132971,-1509290 -1189071,-1553524 -1197971,-1564922 -1141841))
3111;POLYGON((1598473 2368192,1642292 2372811,1647966 2317604,1604437 2313015,1598473 2368192))
3107;POLYGON((977909 1362557,1022090 1362557,1021962 1306885,978037 1306885,977909 1362557))
3308;POLYGON((8220549 3937320,8264418 3942382,8270663 3887095,8227058 3882064,8220549 3937320))
3112;POLYGON((66460 -4245350,110765 -4245703,110210 -4301552,66126 -4301201,66460 -4245350))
3577;POLYGON((243762 -4129511,288074 -4130551,286672 -4185655,242576 -4184620,243762 -4129511))
