4326;POLYGON((134.75 -14.25,135.25 -14.25,135.25 -14.75,134.75 -14.75,134.75 -14.25))
28348;POLYGON((3843832 8195579,3904932 8186884,3895759 8124146,3834880 8133108,3843832 8195579))
28349;POLYGON((3129137 8284552,3187509 8278148,3180743 8218225,3122550 8224828,3129137 8284552))
28350;POLYGON((2442359 8348779,2498728 8344268,2493949 8286415,2437731 8291069,2442359 8348779))
28351;POLYGON((1775433 8392098,1830431 8389220,1827363 8332790,1772498 8335760,1775433 8392098))
28352;POLYGON((1121192 8416933,1175392 8415530,1173867 8359940,1119792 8361387,1121192 8416933))
28353;POLYGON((473031 8424610,526968 8424610,526907 8369309,473092 8369309,473031 8424610))
28354;POLYGON((-175392 8415530,-121192 8416933,-119792 8361387,-173867 8359940,-175392 8415530))
28355;POLYGON((-830431 8389220,-775433 8392098,-772498 8335760,-827363 8332790,-830431 8389220))
28356;POLYGON((-1498728 8344268,-1442359 8348779,-1437731 8291069,-1493949 8286415,-1498728 8344268))
28357;POLYGON((-2187509 8278148,-2129137 8284552,-2122550 8224828,-2180743 8218225,-2187509 8278148))
28358;POLYGON((-2904932 8186884,-2843832 8195579,-2834880 8133108,-2895759 8124146,-2904932 8186884))
3113;POLYGON((-1949508 1542032,-1893117 1546545,-1888487 1488813,-1944727 1484157,-1949508 1542032))
3111;POLYGON((1311851 5019990,1369602 5026079,1375679 4966946,1318239 4960890,1311851 5019990))
3107;POLYGON((971824 3991697,1028175 3991697,1028041 3933995,971958 3933995,971824 3991697))
3308;POLYGON((7911766 6558451,7968184 6564960,7974711 6507178,7918569 6500700,7911766 6558451))
3112;POLYGON((81918 -1655096,136530 -1655530,135973 -1711469,81585 -1711036,81918 -1655096))
3577;POLYGON((300100 -1512648,354653 -1513929,353260 -1568662,298922 -1567385,300100 -1512648))
