4326;POLYGON((135.0 -9.25,135.5 -9.25,135.5 -9.75,135.0 -9.75,135.0 -9.25))
28348;POLYGON((3948492 8821458,4011569 8815536,4005376 8751913,3942450 8758137,3948492 8821458))
28349;POLYGON((3212779 8881930,3272734 8877584,3268183 8817137,3208348 8821707,3212779 8881930))
28350;POLYGON((2508841 8925494,2566527 8922434,2563314 8864298,2505730 8867516,2508841 8925494))
28351;POLYGON((1827342 8954917,1883481 8952957,1881411 8896401,1825361 8898463,1827342 8954917))
28352;POLYGON((1160177 8971936,1215410 8970964,1214364 8915343,1159213 8916366,1160177 8971936))
28353;POLYGON((500000 8977508,554919 8977469,554839 8922187,500000 8922228,500000 8977508))
28354;POLYGON((-160177 8971936,-104993 8972829,-104111 8917306,-159213 8916366,-160177 8971936))
28355;POLYGON((-827342 8954917,-771303 8956791,-769410 8900434,-825361 8898463,-827342 8954917))
28356;POLYGON((-1508841 8925494,-1451311 8928456,-1448300 8870631,-1505730 8867516,-1508841 8925494))
28357;POLYGON((-2212779 8881930,-2153043 8886160,-2148732 8826154,-2208348 8821707,-2212779 8881930))
28358;POLYGON((-2948492 8821458,-2885711 8827234,-2879818 8764208,-2942450 8758137,-2948492 8821458))
3113;POLYGON((-1959625 2123485,-1902073 2126448,-1899060 2068602,-1956513 2065485,-1959625 2123485))
3111;POLYGON((1277233 5625268,1338163 5631530,1344293 5570301,1283685 5564072,1277233 5625268))
3107;POLYGON((1000000 4577450,1059060 4577314,1058786 4517960,1000000 4518096,1000000 4577450))
3308;POLYGON((7872255 7148643,7931498 7155335,7938080 7095786,7879122 7089127,7872255 7148643))
3112;POLYGON((113726 -1089523,170587 -1090088,169905 -1147249,113271 -1146686,113726 -1089523))
3577;POLYGON((340097 -971683,396767 -973125,395297 -1026764,338837 -1025327,340097 -971683))
