4326;POLYGON((135.0 -13.75,135.5 -13.75,135.5 -14.25,135.0 -14.25,135.0 -13.75))
28348;POLYGON((3883117 8253945,3944565 8245415,3935581 8182456,3874349 8191258,3883117 8253945))
28349;POLYGON((3164754 8341242,3223400 8334956,3216769 8274881,3158299 8281372,3164754 8341242))
28350;POLYGON((2475073 8404345,2531659 8399907,2526965 8341957,2470526 8346541,2475073 8404345))
28351;POLYGON((1805821 8447066,1860995 8444218,1857965 8387732,1802921 8390675,1805821 8447066))
28352;POLYGON((1149699 8471814,1204041 8470400,1202508 8414784,1148286 8416246,1149699 8471814))
28353;POLYGON((500000 8479922,554053 8479866,553937 8424566,500000 8424624,500000 8479922))
28354;POLYGON((-149699 8471814,-95402 8473114,-94109 8417589,-148286 8416246,-149699 8471814))
28355;POLYGON((-805821 8447066,-750739 8449790,-747967 8393489,-802921 8390675,-805821 8447066))
28356;POLYGON((-1475073 8404345,-1418627 8408642,-1414226 8350980,-1470526 8346541,-1475073 8404345))
28357;POLYGON((-2164754 8341242,-2106307 8347361,-2100023 8287690,-2158299 8281372,-2164754 8341242))
28358;POLYGON((-2883117 8253945,-2821934 8262268,-2813379 8199848,-2874349 8191258,-2883117 8253945))
3113;POLYGON((-1925843 1602133,-1869376 1606432,-1864973 1548748,-1921295 1544307,-1925843 1602133))
3111;POLYGON((1334470 5082375,1392548 5088344,1398489 5029009,1340722 5023072,1334470 5082375))
3107;POLYGON((1000000 4049575,1056617 4049444,1056350 3991599,1000000 3991729,1000000 4049575))
3308;POLYGON((7933289 6619660,7990000 6626066,7996405 6568114,7939971 6561739,7933289 6619660))
3112;POLYGON((109670 -1599243,164503 -1599789,163835 -1655829,109224 -1655286,109670 -1599243))
3577;POLYGON((328660 -1458623,383424 -1460016,381927 -1514650,327377 -1513262,328660 -1458623))
