4326;POLYGON((135.5 -37.25,136.0 -37.25,136.0 -37.75,135.5 -37.75,135.5 -37.25))
28348;POLYGON((3235110 5411472,3280800 5395004,3259897 5337913,3214631 5354414,3235110 5411472))
28349;POLYGON((2689271 5583811,2734581 5571161,2718490 5514508,2673557 5527197,2689271 5583811))
28350;POLYGON((2148025 5713077,2192961 5703841,2181176 5647636,2136581 5656907,2148025 5713077))
28351;POLYGON((1610878 5803373,1655507 5797260,1647659 5741428,1603346 5747568,1610878 5803373))
28352;POLYGON((1076777 5857541,1121201 5854359,1117047 5798780,1072923 5801977,1076777 5857541))
28353;POLYGON((544342 5877276,588685 5876925,588095 5821451,544047 5821804,544342 5877276))
28354;POLYGON((12036 5863192,56428 5865661,59386 5810135,15292 5807654,12036 5863192))
28355;POLYGON((-521684 5814850,-477117 5820217,-470522 5764485,-514778 5759095,-521684 5814850))
28356;POLYGON((-1058239 5730741,-1013388 5739173,-1002950 5683103,-1047468 5674638,-1058239 5730741))
28357;POLYGON((-1598749 5608219,-1553536 5619983,-1538930 5563483,-1583776 5551682,-1598749 5608219))
28358;POLYGON((-2143821 5443401,-2098222 5458870,-2078988 5401918,-2124176 5386413,-2143821 5443401))
3113;POLYGON((-1508847 -1072513,-1463978 -1064077,-1453536 -1120169,-1498071 -1128637,-1508847 -1072513))
3111;POLYGON((1658683 2430246,1702827 2434549,1708065 2379309,1664211 2375035,1658683 2430246))
3107;POLYGON((1044439 1418096,1088877 1417788,1088362 1362173,1044181 1362480,1044439 1418096))
3308;POLYGON((8280254 4000093,8324423 4004868,8330266 3949581,8286361 3944834,8280254 4000093))
3112;POLYGON((133583 -4190197,178108 -4190818,177220 -4246562,132918 -4245945,133583 -4190197))
3577;POLYGON((311741 -4075938,356262 -4077245,354533 -4132438,310228 -4131137,311741 -4075938))
