4326;POLYGON((135.5 -17.5,136.0 -17.5,136.0 -18.0,135.5 -18.0,135.5 -17.5))
28348;POLYGON((3869930 7775455,3929830 7764724,3918366 7702231,3858736 7713208,3869930 7775455))
28349;POLYGON((3168209 7885663,3225586 7877700,3217067 7817842,3159910 7825993,3168209 7885663))
28350;POLYGON((2492533 7965916,2548025 7960248,2541945 7902364,2486639 7908169,2492533 7965916))
28351;POLYGON((1835711 8020812,1889888 8017125,1885910 7960625,1831897 7964403,1835711 8020812))
28352;POLYGON((1191243 8053304,1244627 8051404,1242543 7995747,1189311 7997694,1191243 8053304))
28353;POLYGON((553079 8065061,606161 8064852,605866 8009528,552931 8009743,553079 8065061))
28354;POLYGON((-84603 8056675,-31341 8058146,-29860 8002657,-82973 8001148,-84603 8056675))
28355;POLYGON((-727609 8027724,-673678 8030951,-670349 7974790,-724120 7971484,-727609 8027724))
28356;POLYGON((-1381936 7976729,-1326824 7981877,-1321475 7924517,-1376407 7919243,-1381936 7976729))
28357;POLYGON((-2053992 7900971,-1997143 7908322,-1989484 7849191,-2046123 7841664,-2053992 7900971))
28358;POLYGON((-2750836 7796160,-2691631 7806143,-2681219 7744607,-2740167 7734392,-2750836 7796160))
3113;POLYGON((-1832670 1174350,-1777536 1179501,-1772185 1122118,-1827140 1116842,-1832670 1174350))
3111;POLYGON((1436670 4647660,1492463 4653098,1497971 4595017,1442482 4589608,1436670 4647660))
3107;POLYGON((1054625 3618926,1109249 3618546,1108722 3561679,1054362 3562056,1054625 3618926))
3308;POLYGON((8037648 6194982,8092325 6200893,8098343 6143959,8043938 6138077,8037648 6194982))
3112;POLYGON((159514 -2017776,212682 -2018516,211801 -2073886,158853 -2073149,159514 -2017776))
3577;POLYGON((372135 -1871981,425281 -1873542,423550 -1928818,370621 -1927264,372135 -1871981))
