4326;POLYGON((135.25 -17.5,135.75 -17.5,135.75 -18.0,135.25 -18.0,135.25 -17.5))
28348;POLYGON((3840069 7780725,3899850 7770121,3888522 7707752,3829009 7718600,3840069 7780725))
28349;POLYGON((3139589 7889566,3196875 7881708,3188466 7821944,3131398 7829989,3139589 7889566))
28350;POLYGON((2464836 7968684,2520263 7963104,2514276 7905289,2459034 7911004,2464836 7968684))
28351;POLYGON((1808655 8022598,1862789 8018988,1858893 7962534,1804923 7966232,1808655 8022598))
28352;POLYGON((1164568 8054200,1217929 8052372,1215922 7996739,1162712 7998613,1164568 8054200))
28353;POLYGON((526539 8065113,579619 8064974,579398 8009653,526465 8009796,526539 8065113))
28354;POLYGON((-111248 8055885,-57968 8057428,-56413 8001921,-109543 8000340,-111248 8055885))
28355;POLYGON((-754604 8026054,-700634 8029356,-697225 7973157,-751035 7969773,-754604 8026054))
28356;POLYGON((-1409538 7974090,-1354365 7979324,-1348926 7921902,-1403919 7916541,-1409538 7974090))
28357;POLYGON((-2082481 7897220,-2025547 7904671,-2017783 7845453,-2074505 7837824,-2082481 7897220))
28358;POLYGON((-2780523 7791077,-2721206 7801182,-2710665 7739530,-2769725 7729191,-2780523 7791077))
3113;POLYGON((-1860283 1171711,-1805088 1176947,-1799648 1119502,-1854662 1114139,-1860283 1171711))
3111;POLYGON((1408784 4644831,1464563 4650416,1470223 4592349,1414749 4586795,1408784 4644831))
3107;POLYGON((1027312 3619020,1081937 3618768,1081542 3561899,1027181 3562150,1027312 3619020))
3308;POLYGON((8010320 6191928,8064983 6197970,8071137 6141050,8016746 6135039,8010320 6191928))
3112;POLYGON((132929 -2017485,186098 -2018120,185327 -2073491,132379 -2072859,132929 -2017485))
3577;POLYGON((345560 -1871279,398709 -1872736,397086 -1928015,344154 -1926564,345560 -1871279))
