4326;POLYGON((134.75 -24.5,135.25 -24.5,135.25 -25.0,134.75 -25.0,134.75 -24.5))
28348;POLYGON((3605020 6934289,3660383 6921017,3645587 6860498,3590561 6873940,3605020 6934289))
28349;POLYGON((2952230 7071124,3005875 7061211,2994803 7002554,2941441 7012603,2952230 7071124))
28350;POLYGON((2317451 7171090,2369777 7164036,2361874 7106819,2309793 7113974,2317451 7171090))
28351;POLYGON((1695970 7239074,1747365 7234543,1742256 7178349,1691082 7182947,1695970 7239074))
28352;POLYGON((1083203 7278251,1134044 7276035,1131495 7220457,1080861 7222706,1083203 7278251))
28353;POLYGON((474671 7290391,525328 7290391,525227 7235028,474772 7235028,474671 7290391))
28354;POLYGON((-134044 7276035,-83203 7278251,-80861 7222706,-131495 7220457,-134044 7276035))
28355;POLYGON((-747365 7234543,-695970 7239074,-691082 7182947,-742256 7178349,-747365 7234543))
28356;POLYGON((-1369777 7164036,-1317451 7171090,-1309793 7113974,-1361874 7106819,-1369777 7164036))
28357;POLYGON((-2005875 7061211,-1952230 7071124,-1941441 7012603,-1994803 7002554,-2005875 7061211))
28358;POLYGON((-2660383 6921017,-2605020 6934289,-2590561 6873940,-2645587 6860498,-2660383 6921017))
3113;POLYGON((-1820507 361340,-1768160 368397,-1760499 311258,-1812601 304101,-1820507 361340))
3111;POLYGON((1439486 3839131,1491032 3844565,1496819 3788265,1445567 3782861,1439486 3839131))
3107;POLYGON((974509 2831484,1025490 2831484,1025361 2775798,974638 2775798,974509 2831484))
3308;POLYGON((8048343 5399107,8099210 5404976,8105488 5349403,8054886 5343565,8048343 5399107))
3112;POLYGON((75161 -2787329,125268 -2787728,124723 -2842478,74835 -2842081,75161 -2787329))
3577;POLYGON((275625 -2649523,325728 -2650699,324303 -2706696,274419 -2705524,275625 -2649523))
