4326;POLYGON((135.0 -32.25,135.5 -32.25,135.5 -32.75,135.0 -32.75,135.0 -32.25))
28348;POLYGON((3379693 6005433,3429428 5989940,3410895 5931449,3361556 5947030,3379693 6005433))
28349;POLYGON((2788747 6166482,2837596 6154732,2823512 6097252,2775006 6109081,2788747 6166482))
28350;POLYGON((2207513 6285770,2255626 6277301,2245442 6220675,2197635 6229207,2207513 6285770))
28351;POLYGON((1633944 6367913,1681506 6362402,1674836 6306420,1627554 6311975,1633944 6367913))
28352;POLYGON((1065636 6416013,1112857 6413253,1109454 6357676,1062499 6360458,1065636 6416013))
28353;POLYGON((500000 6431853,547099 6431743,546839 6376316,500000 6376427,500000 6431853))
28354;POLYGON((-65636 6416013,-18434 6418550,-15561 6363015,-62499 6360458,-65636 6416013))
28355;POLYGON((-633944 6367913,-586419 6373189,-580308 6317292,-627554 6311975,-633944 6367913))
28356;POLYGON((-1207513 6285770,-1159455 6293982,-1149879 6237479,-1197635 6229207,-1207513 6285770))
28357;POLYGON((-1788747 6166482,-1739965 6177943,-1726564 6120619,-1775006 6109081,-1788747 6166482))
28358;POLYGON((-2379693 6005433,-2330036 6020592,-2312290 5962277,-2361556 5947030,-2379693 6005433))
3113;POLYGON((-1658180 -517268,-1610102 -509053,-1600523 -565577,-1648298 -573853,-1658180 -517268))
3111;POLYGON((1556351 2977842,1603373 2982675,1608912 2927345,1562181 2922542,1556351 2977842))
3107;POLYGON((1000000 1972344,1047003 1972236,1046747 1916921,1000000 1917029,1000000 1972344))
3308;POLYGON((8172549 4545973,8219332 4551257,8225419 4496192,8178899 4490938,8172549 4545973))
3112;POLYGON((93457 -3636710,140184 -3637175,139528 -3692184,93019 -3691721,93457 -3636710))
3577;POLYGON((280279 -3518588,326981 -3519776,325450 -3575655,278966 -3574472,280279 -3518588))
