4326;POLYGON((135.25 -16.75,135.75 -16.75,135.75 -17.25,135.25 -17.25,135.25 -16.75))
28348;POLYGON((3856126 7874099,3916296 7863871,3905405 7801345,3845493 7811825,3856126 7874099))
28349;POLYGON((3151469 7979039,3209072 7971465,3200996 7911612,3143603 7919377,3151469 7979039))
28350;POLYGON((2473247 8055258,2528942 8049884,2523196 7992023,2467679 7997535,2473247 8055258))
28351;POLYGON((1814063 8107166,1868434 8103691,1864697 8047220,1810483 8050785,1814063 8107166))
28352;POLYGON((1167257 8137582,1220838 8135822,1218912 8080188,1165477 8081994,1167257 8137582))
28353;POLYGON((526645 8148084,579939 8147950,579727 8092633,526575 8092771,526645 8148084))
28354;POLYGON((-113719 8139204,-60220 8140688,-58729 8085182,-112084 8083658,-113719 8139204))
28355;POLYGON((-759777 8110493,-705574 8113672,-702304 8057459,-756353 8054198,-759777 8110493))
28356;POLYGON((-1417684 8060464,-1362248 8065504,-1357029 8008045,-1412291 8002875,-1417684 8060464))
28357;POLYGON((-2094049 7986414,-2036807 7993594,-2029352 7934300,-2086390 7926938,-2094049 7986414))
28358;POLYGON((-2796197 7884085,-2736504 7893831,-2726374 7832042,-2785817 7822056,-2796197 7884085))
3113;POLYGON((-1868432 1258118,-1812975 1263160,-1807754 1205678,-1863037 1200506,-1868432 1258118))
3111;POLYGON((1399807 4732180,1456045 4737811,1461728 4679508,1405796 4673908,1399807 4732180))
3107;POLYGON((1027510 3704544,1082531 3704289,1082135 3647245,1027378 3647499,1027510 3704544))
3308;POLYGON((8000655 6277498,8055727 6283586,8061901 6226476,8007102 6220419,8000655 6277498))
3112;POLYGON((133757 -1934282,187257 -1934920,186484 -1990406,133205 -1989770,133757 -1934282))
3577;POLYGON((347667 -1788496,401140 -1789961,399520 -1845124,346263 -1843665,347667 -1788496))
