4326;POLYGON((135.5 -31.5,136.0 -31.5,136.0 -32.0,135.5 -32.0,135.5 -31.5))
28348;POLYGON((3456834 6077941,3507244 6062255,3488630 6003454,3438616 6019238,3456834 6077941))
28349;POLYGON((2858398 6241110,2907831 6229194,2893665 6171502,2844574 6183503,2858398 6241110))
28350;POLYGON((2270653 6362321,2319276 6353694,2308988 6296934,2260668 6305630,2270653 6362321))
28351;POLYGON((1691342 6446406,1739357 6440728,1732546 6384674,1684807 6390399,1691342 6446406))
28352;POLYGON((1117873 6496622,1165505 6493676,1161912 6438071,1114540 6441043,1117873 6496622))
28353;POLYGON((547482 6514875,594966 6514550,594457 6459127,547227 6459455,547482 6514875))
28354;POLYGON((-22670 6501850,24902 6504134,27458 6448621,-19856 6446317,-22670 6501850))
28355;POLYGON((-595431 6457060,-547532 6462039,-541817 6406164,-589443 6401143,-595431 6457060))
28356;POLYGON((-1173583 6378808,-1125132 6386671,-1116040 6330174,-1164195 6322247,-1173583 6378808))
28357;POLYGON((-1759754 6264073,-1710540 6275128,-1697721 6217770,-1746603 6206634,-1759754 6264073))
28358;POLYGON((-2356271 6108309,-2306117 6122999,-2289061 6064583,-2338832 6049798,-2356271 6108309))
3113;POLYGON((-1624236 -424194,-1575766 -416327,-1566670 -472846,-1614845 -480776,-1624236 -424194))
3111;POLYGON((1595056 3065736,1642539 3070365,1647793 3014953,1600601 3010353,1595056 3065736))
3107;POLYGON((1047387 2055197,1094774 2054868,1094262 1999563,1047131 1999890,1047387 2055197))
3308;POLYGON((8210202 4633864,8257405 4638967,8263228 4583866,8216289 4578791,8210202 4633864))
3112;POLYGON((141168 -3554750,188221 -3555405,187346 -3610341,140512 -3609688,141168 -3554750))
3577;POLYGON((329280 -3435884,376306 -3437265,374554 -3493196,327747 -3491821,329280 -3435884))
