4326;POLYGON((135.25 -13.75,135.75 -13.75,135.75 -14.25,135.25 -14.25,135.25 -13.75))
28348;POLYGON((3913807 8249706,3975390 8241072,3966296 8177974,3904932 8186884,3913807 8249706))
28349;POLYGON((3194052 8338120,3252799 8331749,3246080 8271571,3187509 8278148,3194052 8338120))
28350;POLYGON((2503348 8402144,2560007 8397635,2555239 8339610,2498728 8344268,2503348 8402144))
28351;POLYGON((1833397 8445658,1888617 8442747,1885521 8386212,1830431 8389220,1833397 8445658))
28352;POLYGON((1176865 8471121,1231230 8469649,1229637 8414009,1175392 8415530,1176865 8471121))
28353;POLYGON((527026 8479908,581081 8479796,580906 8424494,526968 8424610,527026 8479908))
28354;POLYGON((-122546 8472478,-68269 8473721,-67035 8418216,-121192 8416933,-122546 8472478))
28355;POLYGON((-778269 8448444,-723230 8451106,-720522 8394849,-775433 8392098,-778269 8448444))
28356;POLYGON((-1446833 8406511,-1390456 8410739,-1386127 8353146,-1442359 8348779,-1446833 8406511))
28357;POLYGON((-2135506 8344322,-2077156 8350359,-2070958 8290786,-2129137 8284552,-2135506 8344322))
28358;POLYGON((-2852493 8258132,-2791440 8266354,-2782989 8204064,-2843832 8195579,-2852493 8258132))
3113;POLYGON((-1897592 1604300,-1841194 1608529,-1836863 1550914,-1893117 1546545,-1897592 1604300))
3111;POLYGON((1363505 5085397,1421598 5091214,1427383 5031864,1369602 5026079,1363505 5085397))
3107;POLYGON((1028308 4049543,1084926 4049281,1084524 3991436,1028175 3991697,1028308 4049543))
3308;POLYGON((7961640 6622897,8018366 6629167,8024633 6571200,7968184 6564960,7961640 6622897))
3112;POLYGON((137087 -1599489,191919 -1600143,191139 -1656182,136530 -1655530,137087 -1599489))
3577;POLYGON((356043 -1459293,410804 -1460793,409200 -1515424,354653 -1513929,356043 -1459293))
