4326;POLYGON((135.0 -35.25,135.5 -35.25,135.5 -35.75,135.0 -35.75,135.0 -35.25))
28348;POLYGON((3267860 5657079,3315178 5641138,3295444 5583506,3248537 5599502,3267860 5657079))
28349;POLYGON((2703820 5823299,2750562 5811140,2735478 5754177,2689098 5766391,2703820 5823299))
28350;POLYGON((2146353 5947022,2192581 5938221,2181627 5881866,2135725 5890713,2146353 5947022))
28351;POLYGON((1594336 6032517,1640166 6026773,1632971 5970896,1587442 5976673,1594336 6032517))
28352;POLYGON((1046174 6082691,1091751 6079810,1088075 6024241,1042783 6027139,1046174 6082691))
28353;POLYGON((500000 6099232,545486 6099117,545205 6043664,500000 6043779,500000 6099232))
28354;POLYGON((-46174 6082691,-611 6085339,2494 6029803,-42783 6027139,-46174 6082691))
28355;POLYGON((-594336 6032517,-548533 6038016,-541938 5982203,-587442 5976673,-594336 6032517))
28356;POLYGON((-1146353 5947022,-1100163 5955558,-1089858 5899293,-1135725 5890713,-1146353 5947022))
28357;POLYGON((-1703820 5823299,-1657125 5835164,-1642761 5778309,-1689098 5766391,-1703820 5823299))
28358;POLYGON((-2267860 5657079,-2220590 5672685,-2201675 5615164,-2248537 5599502,-2267860 5657079))
3113;POLYGON((-1596995 -856148,-1550787 -847608,-1540478 -903895,-1586363 -912479,-1596995 -856148))
3111;POLYGON((1591294 2646412,1636574 2651066,1642102 2595857,1597111 2591233,1591294 2646412))
3107;POLYGON((1000000 1640209,1045466 1640104,1045210 1584661,1000000 1584766,1000000 1640209))
3308;POLYGON((8210659 4215676,8255860 4220781,8261954 4165652,8217016 4160576,8210659 4215676))
3112;POLYGON((90824 -3967662,136234 -3968113,135573 -4023508,90383 -4023059,90824 -3967662))
3577;POLYGON((272422 -3853122,317815 -3854277,316293 -3909811,271117 -3908662,272422 -3853122))
