4326;POLYGON((135.5 -34.25,136.0 -34.25,136.0 -34.75,135.5 -34.75,135.5 -34.25))
28348;POLYGON((3354064 5756833,3402256 5740681,3382500 5682696,3334719 5698914,3354064 5756833))
28349;POLYGON((2780241 5925327,2827751 5912992,2812634 5855793,2765483 5868190,2780241 5925327))
28350;POLYGON((2214109 6051068,2261023 6042102,2250000 5985604,2203408 5994622,2214109 6051068))
28351;POLYGON((1654296 6138580,1700749 6132663,1693431 6076713,1647274 6082667,1654296 6138580))
28352;POLYGON((1098970 6190953,1145125 6187878,1141259 6132286,1095383 6135381,1098970 6190953))
28353;POLYGON((546038 6210010,592078 6209671,591529 6154225,545764 6154566,546038 6210010))
28354;POLYGON((-6707 6196411,39402 6198795,42153 6143276,-3678 6140875,-6707 6196411))
28355;POLYGON((-561484 6149684,-515123 6154875,-508978 6099067,-555049 6093843,-561484 6149684))
28356;POLYGON((-1120414 6068208,-1073629 6076386,-1063878 6020090,-1110348 6011863,-1120414 6068208))
28357;POLYGON((-1685381 5949111,-1638030 5960567,-1624330 5903615,-1671332 5892098,-1685381 5949111))
28358;POLYGON((-2257854 5788125,-2209837 5803272,-2191698 5745552,-2239318 5730338,-2257854 5788125))
3113;POLYGON((-1571046 -734915,-1524243 -726733,-1514488 -783051,-1560976 -791281,-1571046 -734915))
3111;POLYGON((1625515 2761519,1671400 2765991,1676640 2710730,1631045 2706285,1625515 2761519))
3107;POLYGON((1045979 1750896,1091957 1750577,1091445 1695196,1045723 1695514,1045979 1750896))
3308;POLYGON((8243680 4330980,8289433 4335926,8295259 4280807,8249769 4275889,8243680 4330980))
3112;POLYGON((137554 -3857547,183402 -3858185,182523 -3913430,136894 -3912794,137554 -3857547))
3577;POLYGON((320864 -3743003,366688 -3744349,364944 -3800012,319339 -3798673,320864 -3743003))
