4326;POLYGON((134.75 -8.75,135.25 -8.75,135.25 -9.25,134.75 -9.25,134.75 -8.75))
28348;POLYGON((3922726 8887592,3985797 8882045,3979993 8818516,3917065 8824364,3922726 8887592))
28349;POLYGON((3187028 8944204,3246987 8940139,3242729 8879772,3182884 8884060,3187028 8944204))
28350;POLYGON((2482959 8984902,2540662 8982048,2537664 8923976,2480057 8926987,2482959 8984902))
28351;POLYGON((1801147 9012274,1857319 9010457,1855399 8953947,1799311 8955864,1801147 9012274))
28352;POLYGON((1133455 9027939,1188740 9027055,1187787 8971460,1132579 8972393,1133455 9027939))
28353;POLYGON((472502 9032777,527497 9032777,527459 8977498,472540 8977498,472502 9032777))
28354;POLYGON((-188740 9027055,-133455 9027939,-132579 8972393,-187787 8971460,-188740 9027055))
28355;POLYGON((-857319 9010457,-801147 9012274,-799311 8955864,-855399 8953947,-857319 9010457))
28356;POLYGON((-1540662 8982048,-1482959 8984902,-1480057 8926987,-1537664 8923976,-1540662 8982048))
28357;POLYGON((-2246987 8940139,-2187028 8944204,-2182884 8884060,-2242729 8879772,-2246987 8940139))
28358;POLYGON((-2985797 8882045,-2922726 8887592,-2917065 8824364,-2979993 8818516,-2985797 8882045))
3113;POLYGON((-1991458 2180062,-1933733 2182917,-1930830 2124979,-1988459 2121967,-1991458 2180062))
3111;POLYGON((1240142 5683432,1301378 5689888,1307694 5628439,1246780 5622017,1240142 5683432))
3107;POLYGON((970331 4636961,1029668 4636961,1029530 4577416,970469 4577416,970331 4636961))
3308;POLYGON((7835612 7204892,7895125 7211759,7901873 7152024,7842645 7145191,7835612 7204892))
3112;POLYGON((85637 -1032014,142727 -1032469,142157 -1089777,85295 -1089325,85637 -1032014))
3577;POLYGON((312912 -917524,369794 -918860,368433 -972377,311760 -971046,312912 -917524))
