4326;POLYGON((135.25 -27.75,135.75 -27.75,135.75 -28.25,135.25 -28.25,135.25 -27.75))
28348;POLYGON((3559850 6529935,3613073 6515321,3596344 6455506,3543491 6470259,3559850 6529935))
28349;POLYGON((2930465 6681270,2982302 6670262,2969677 6611981,2918154 6623103,2930465 6681270))
28350;POLYGON((2315858 6792800,2366597 6784892,2357501 6727837,2307036 6735833,2315858 6792800))
28351;POLYGON((1712467 6869536,1762410 6864380,1756443 6808220,1706747 6813436,1712467 6869536))
28352;POLYGON((1116625 6914791,1166080 6912167,1162990 6856563,1113767 6859217,1116625 6914791))
28353;POLYGON((524637 6930465,573912 6930265,573572 6874875,524523 6875078,524637 6930465))
28354;POLYGON((-67196 6917210,-17792 6919425,-15397 6863906,-64570 6861665,-67196 6917210))
28355;POLYGON((-662576 6874475,-612735 6879197,-607506 6823208,-657102 6818431,-662576 6874475))
28356;POLYGON((-1265198 6800468,-1214613 6807897,-1206329 6751098,-1256646 6743586,-1265198 6800468))
28357;POLYGON((-1878732 6692002,-1827099 6702463,-1815403 6644519,-1866730 6633948,-1878732 6692002))
28358;POLYGON((-2506754 6544224,-2453781 6558194,-2438144 6498789,-2490758 6484685,-2506754 6544224))
3113;POLYGON((-1715886 -2369,-1665281 5063,-1656995 -51758,-1707331 -59273,-1715886 -2369))
3111;POLYGON((1528484 3480161,1578144 3485133,1583583 3429334,1534216 3424391,1528484 3480161))
3107;POLYGON((1024654 2470377,1073963 2470149,1073578 2414740,1024526 2414967,1024654 2470377))
3308;POLYGON((8139897 5044772,8189068 5050207,8195043 4994943,8146136 4989537,8139897 5044772))
3112;POLYGON((121729 -3143466,170419 -3144047,169656 -3198779,121185 -3198200,121729 -3143466))
3577;POLYGON((316459 -3014983,365132 -3016317,363486 -3072386,315032 -3071058,316459 -3014983))
