4326;POLYGON((134.75 -31.5,135.25 -31.5,135.25 -32.0,134.75 -32.0,134.75 -31.5))
28348;POLYGON((3381380 6100841,3431661 6085658,3413640 6027003,3363748 6042283,3381380 6100841))
28349;POLYGON((2784387 6258440,2833709 6246958,2820055 6189394,2771069 6200959,2784387 6258440))
28350;POLYGON((2197829 6374781,2246364 6366538,2236529 6309880,2188293 6318189,2197829 6374781))
28351;POLYGON((1619394 6454484,1667349 6449157,1660952 6393173,1613270 6398545,1619394 6454484))
28352;POLYGON((1046463 6500626,1094064 6498012,1090862 6442445,1043520 6445081,1046463 6500626))
28353;POLYGON((476258 6514956,523741 6514956,523613 6459537,476386 6459537,476258 6514956))
28354;POLYGON((-94064 6498012,-46463 6500626,-43520 6445081,-90862 6442445,-94064 6498012))
28355;POLYGON((-667349 6449157,-619394 6454484,-613270 6398545,-660952 6393173,-667349 6449157))
28356;POLYGON((-1246364 6366538,-1197829 6374781,-1188293 6318189,-1236529 6309880,-1246364 6366538))
28357;POLYGON((-1833709 6246958,-1784387 6258440,-1771069 6200959,-1820055 6189394,-1833709 6246958))
28358;POLYGON((-2431661 6085658,-2381380 6100841,-2363748 6042283,-2413640 6027003,-2431661 6085658))
3113;POLYGON((-1697046 -436467,-1648491 -428221,-1638952 -484836,-1687207 -493148,-1697046 -436467))
3111;POLYGON((1523879 3058327,1571324 3063329,1577015 3007960,1529861 3002989,1523879 3058327))
3107;POLYGON((976306 2055280,1023693 2055280,1023565 1999972,976434 1999972,976306 2055280))
3308;POLYGON((8139444 4625786,8186609 4631227,8192828 4576170,8145926 4570758,8139444 4625786))
3112;POLYGON((70585 -3554118,117641 -3554492,117094 -3609432,70257 -3609059,70585 -3554118))
3577;POLYGON((258732 -3434158,305765 -3435263,304342 -3491203,257528 -3490103,258732 -3434158))
