4326;POLYGON((134.75 -40.0,135.25 -40.0,135.25 -40.5,134.75 -40.5,134.75 -40.0))
28348;POLYGON((3055297 5123691,3098625 5107600,3077406 5051333,3034505 5067430,3055297 5123691))
28349;POLYGON((2536180 5292179,2579369 5279814,2563027 5223691,2520222 5236073,2536180 5292179))
28350;POLYGON((2019097 5418292,2062102 5409308,2050188 5353403,2007536 5362406,2019097 5418292))
28351;POLYGON((1504175 5505545,1547011 5499691,1539197 5443994,1496691 5449863,1504175 5505545))
28352;POLYGON((990962 5556378,1033682 5553491,1029751 5497939,987348 5500834,990962 5556378))
28353;POLYGON((478660 5572212,521339 5572212,521183 5516715,478816 5516715,478660 5572212))
28354;POLYGON((-33682 5553491,9037 5556378,12651 5500834,-29751 5497939,-33682 5553491))
28355;POLYGON((-547011 5499691,-504175 5505545,-496691 5449863,-539197 5443994,-547011 5499691))
28356;POLYGON((-1062102 5409308,-1019097 5418292,-1007536 5362406,-1050188 5353403,-1062102 5409308))
28357;POLYGON((-1579369 5279814,-1536180 5292179,-1520222 5236073,-1563027 5223691,-1579369 5279814))
28358;POLYGON((-2098625 5107600,-2055297 5123691,-2034505 5067430,-2077406 5051333,-2098625 5107600))
3113;POLYGON((-1512711 -1394071,-1469690 -1385084,-1458124 -1440992,-1500793 -1449998,-1512711 -1394071))
3111;POLYGON((1625327 2119746,1667841 2124229,1673525 2068918,1631302 2064467,1625327 2119746))
3107;POLYGON((978489 1111537,1021510 1111537,1021380 1055561,978619 1055561,978489 1111537))
3308;POLYGON((8249889 3688258,8292566 3693182,8298840 3637643,8256429 3632749,8249889 3688258))
3112;POLYGON((64955 -4497547,108257 -4497891,107696 -4554258,64618 -4553915,64955 -4497547))
3577;POLYGON((238442 -4376648,281786 -4377666,280397 -4432258,237266 -4431245,238442 -4376648))
