4326;POLYGON((135.0 -23.0,135.5 -23.0,135.5 -23.5,135.0 -23.5,135.0 -23.0))
28348;POLYGON((3675063 7109722,3731497 7096846,3717297 7035861,3661188 7048925,3675063 7109722))
28349;POLYGON((3010656 7242388,3065192 7232780,3054578 7173834,3000313 7183589,3010656 7242388))
28350;POLYGON((2366083 7339301,2419169 7332458,2411587 7275077,2358733 7282030,2366083 7339301))
28351;POLYGON((1736092 7405391,1788158 7400973,1783232 7344702,1731376 7349193,1736092 7405391))
28352;POLYGON((1115676 7443852,1167130 7441650,1164629 7386051,1113370 7388290,1115676 7443852))
28353;POLYGON((500000 7456480,551241 7456392,551050 7401039,500000 7401128,500000 7456480))
28354;POLYGON((-115676 7443852,-64254 7445876,-62143 7390347,-113370 7388290,-115676 7443852))
28355;POLYGON((-736092 7405391,-684093 7409618,-679584 7353489,-731376 7349193,-736092 7405391))
28356;POLYGON((-1366083 7339301,-1313097 7345932,-1305979 7288767,-1358733 7282030,-1366083 7339301))
28357;POLYGON((-2010656 7242388,-1956259 7251748,-1946183 7193095,-2000313 7183589,-2010656 7242388))
28358;POLYGON((-2675063 7109722,-2618805 7122301,-2605251 7061689,-2661188 7048925,-2675063 7109722))
3113;POLYGON((-1816811 536674,-1763804 543307,-1756683 486120,-1809459 479380,-1816811 536674))
3111;POLYGON((1447390 4011334,1499841 4016725,1505510 3960107,1453356 3954747,1447390 4011334))
3107;POLYGON((1000000 2998933,1051755 2998814,1051496 2942943,1000000 2943062,1000000 2998933))
3308;POLYGON((8054494 5569165,8106176 5575003,8112344 5519201,8060929 5513394,8054494 5569165))
3112;POLYGON((101523 -2623128,152282 -2623633,151628 -2678447,101087 -2677945,101523 -2623128))
3577;POLYGON((304618 -2482268,355376 -2483559,353845 -2539460,303305 -2538174,304618 -2482268))
