4326;POLYGON((136.0 -33.0,136.5 -33.0,136.5 -33.5,136.0 -33.5,136.0 -33.0))
28348;POLYGON((3450761 5886296,3500043 5869992,3480384 5811554,3431513 5827939,3450761 5886296))
28349;POLYGON((2864802 6056385,2913263 6043929,2898215 5986430,2850110 5998961,2864802 6056385))
28350;POLYGON((2288004 6183557,2335759 6174470,2324750 6117792,2277311 6126939,2288004 6183557))
28351;POLYGON((1718644 6272621,1765857 6266565,1758479 6210524,1711555 6216623,1718644 6272621))
28352;POLYGON((1154576 6326869,1201437 6323622,1197421 6267999,1150833 6271271,1154576 6326869))
28353;POLYGON((593417 6348269,640130 6347713,639334 6292273,592887 6292833,593417 6348269))
28354;POLYGON((32678 6337590,79451 6339707,81846 6284206,35341 6282073,32678 6337590))
28355;POLYGON((-530148 6294449,-483106 6299314,-477434 6243511,-524196 6238610,-530148 6294449))
28356;POLYGON((-1097491 6217288,-1049983 6225077,-1040831 6168743,-1088035 6160899,-1097491 6217288))
28357;POLYGON((-1671592 6103273,-1623443 6114276,-1610475 6057207,-1658286 6046135,-1671592 6103273))
28358;POLYGON((-2254342 5948128,-2205413 5962761,-2188142 5904803,-2236686 5890091,-2254342 5948128))
3113;POLYGON((-1548114 -585777,-1500588 -577984,-1491432 -634340,-1538655 -642187,-1548114 -585777))
3111;POLYGON((1658291 2904234,1704925 2908532,1709879 2853191,1663536 2848919,1658291 2904234))
3107;POLYGON((1093238 1888936,1139855 1888397,1139087 1833069,1092726 1833606,1093238 1888936))
3308;POLYGON((8274874 4473678,8321310 4478473,8326869 4423351,8280697 4418583,8274874 4473678))
3112;POLYGON((185596 -3720354,231989 -3721185,230893 -3776268,184719 -3775441,185596 -3720354))
3577;POLYGON((371054 -3604940,417418 -3606483,415452 -3662279,369306 -3660743,371054 -3604940))
