4326;POLYGON((136.5 -18.25,137.0 -18.25,137.0 -18.75,136.5 -18.75,136.5 -18.25))
28348;POLYGON((3972251 7659660,4032217 7648023,4019743 7585201,3960067 7597087,3972251 7659660))
28349;POLYGON((3269949 7779475,3327357 7770793,3318038 7710648,3260865 7719522,3269949 7779475))
28350;POLYGON((2594187 7867377,2649664 7861135,2642948 7803019,2587668 7809403,2594187 7867377))
28351;POLYGON((1937897 7928395,1992004 7924248,1987519 7867578,1933587 7871822,1937897 7928395))
28352;POLYGON((1294680 7965800,1347930 7963530,1345443 7907773,1292353 7910096,1294680 7965800))
28353;POLYGON((658583 7981504,711459 7980998,710846 7925650,658123 7926168,658583 7981504))
28354;POLYGON((23897 7976291,76872 7977524,78101 7922094,25282 7920833,23897 7976291))
28355;POLYGON((-615035 7949901,-561488 7952934,-558354 7896930,-611737 7893827,-615035 7949901))
28356;POLYGON((-1264021 7901007,-1209408 7905994,-1204211 7848904,-1258642 7843802,-1264021 7901007))
28357;POLYGON((-1929210 7827053,-1873000 7834261,-1865465 7775536,-1921464 7768166,-1929210 7827053))
28358;POLYGON((-2617308 7723955,-2558915 7733793,-2548617 7672831,-2606755 7662777,-2617308 7723955))
3113;POLYGON((-1714709 1098599,-1660075 1103588,-1654876 1046476,-1709328 1041372,-1714709 1098599))
3111;POLYGON((1556083 4571136,1611472 4575948,1616350 4518038,1561265 4513253,1556083 4571136))
3107;POLYGON((1162687 3532660,1216910 3531781,1215861 3475087,1161899 3475961,1162687 3532660))
3308;POLYGON((8155643 6121145,8209965 6126492,8215420 6069684,8161369 6064363,8155643 6121145))
3112;POLYGON((264194 -2102490,317024 -2103646,315705 -2158901,263095 -2157750,264194 -2102490))
3577;POLYGON((475499 -1958241,528306 -1960205,526138 -2015575,473547 -2013618,475499 -1958241))
