4326;POLYGON((136.25 -38.5,136.75 -38.5,136.75 -39.0,136.25 -39.0,136.25 -38.5))
28348;POLYGON((3250523 5244159,3295176 5227111,3273175 5170364,3228956 5187431,3250523 5244159))
28349;POLYGON((2716253 5423220,2760653 5410030,2743597 5353565,2699584 5366784,2716253 5423220))
28350;POLYGON((2185317 5558659,2229431 5548932,2216814 5492808,2173052 5502564,2185317 5558659))
28351;POLYGON((1657650 5654536,1701511 5647980,1692961 5592166,1649426 5598744,1657650 5654536))
28352;POLYGON((1132565 5713717,1176247 5710137,1171512 5654545,1128139 5658138,1132565 5713717))
28353;POLYGON((608999 5737966,652601 5737255,651540 5681766,608241 5682480,608999 5737966))
28354;POLYGON((85702 5728002,129331 5730139,131914 5674623,88590 5672477,85702 5728002))
28355;POLYGON((-438605 5683529,-394845 5688579,-388543 5632907,-431987 5627839,-438605 5683529))
28356;POLYGON((-965086 5603225,-921106 5611337,-910899 5555402,-954542 5547264,-965086 5603225))
28357;POLYGON((-1494611 5484693,-1450354 5496110,-1435940 5439844,-1479829 5428398,-1494611 5484693))
28358;POLYGON((-2027536 5324382,-1983000 5339446,-1963952 5282850,-2008079 5267762,-2027536 5324382))
3113;POLYGON((-1415658 -1200078,-1371661 -1191963,-1361450 -1247921,-1405110 -1256061,-1415658 -1200078))
3111;POLYGON((1737642 2298459,1781092 2302349,1785898 2247034,1742738 2243170,1737642 2298459))
3107;POLYGON((1109485 1278420,1153276 1277812,1152373 1222057,1108840 1222661,1109485 1278420))
3308;POLYGON((8360802 3868841,8404341 3873232,8409799 3817787,8366525 3813423,8360802 3868841))
3112;POLYGON((197870 -4330741,241835 -4331615,240610 -4387614,196867 -4386744,197870 -4330741))
3577;POLYGON((373935 -4215751,417908 -4217301,415865 -4272227,372106 -4270685,373935 -4215751))
