4326;POLYGON((135.75 -12.5,136.25 -12.5,136.25 -13.0,135.75 -13.0,135.75 -12.5))
28348;POLYGON((3996780 8399190,4059163 8391066,4050634 8327464,3988456 8335881,3996780 8399190))
28349;POLYGON((3268587 8482406,3327962 8476406,3321656 8415890,3262445 8422108,3268587 8482406))
28350;POLYGON((2571204 8542803,2628364 8538540,2623872 8480298,2566850 8484718,2571204 8542803))
28351;POLYGON((1895884 8584124,1951510 8581344,1948564 8524683,1893058 8527566,1895884 8584124))
28352;POLYGON((1234969 8608753,1289668 8607300,1288104 8551603,1233515 8553111,1234969 8608753))
28353;POLYGON((581492 8618040,635827 8617835,635561 8562531,581333 8562744,581492 8618040))
28354;POLYGON((-71164 8612480,-16648 8613513,-15631 8558048,-70039 8556977,-71164 8612480))
28355;POLYGON((-729585 8591778,-674333 8594103,-671978 8537916,-727114 8535504,-729585 8591778))
28356;POLYGON((-1400620 8554808,-1344042 8558554,-1340221 8501050,-1396668 8497166,-1400620 8554808))
28357;POLYGON((-2091717 8499471,-2033162 8504856,-2027652 8445378,-2086053 8439796,-2091717 8499471))
28358;POLYGON((-2811311 8422403,-2750027 8429766,-2742484 8367558,-2803579 8359929,-2811311 8422403))
3113;POLYGON((-1851361 1752655,-1794762 1756403,-1790939 1698876,-1847408 1694990,-1851361 1752655))
3111;POLYGON((1407054 5240435,1465961 5246020,1471479 5186154,1412886 5180599,1407054 5240435))
3107;POLYGON((1085934 4194555,1143222 4194025,1142548 4135801,1085530 4136329,1085934 4194555))
3308;POLYGON((8002623 6774790,8060076 6780862,8066107 6722460,8008934 6716418,8002623 6774790))
3112;POLYGON((193877 -1459569,249265 -1460450,248257 -1516761,193093 -1515883,193877 -1459569))
3577;POLYGON((414801 -1324659,470089 -1326390,468280 -1380760,413205 -1379035,414801 -1324659))
