4326;POLYGON((135.75 -42.5,136.25 -42.5,136.25 -43.0,135.75 -43.0,135.75 -42.5))
28348;POLYGON((3032084 4811263,3073240 4794545,3050350 4739014,3009634 4755711,3032084 4811263))
28349;POLYGON((2537496 4987353,2578739 4974355,2560904 4918668,2520061 4931662,2537496 4987353))
28350;POLYGON((2042638 5120918,2083861 5111326,2070658 5055640,2029805 5065236,2042638 5120918))
28351;POLYGON((1548327 5215215,1589492 5208794,1580600 5153172,1539784 5159599,1548327 5215215))
28352;POLYGON((1054733 5272577,1095842 5269166,1091044 5213611,1050270 5217025,1054733 5272577))
28353;POLYGON((561624 5294434,602708 5293949,601886 5238427,561131 5238912,561624 5294434))
28354;POLYGON((68574 5281333,109671 5283762,112803 5228226,72038 5225793,68574 5281333))
28355;POLYGON((-424865 5232947,-383721 5238350,-376557 5182758,-417358 5177349,-424865 5232947))
28356;POLYGON((-918993 5148067,-877788 5156579,-866414 5100917,-907258 5092399,-918993 5148067))
28357;POLYGON((-1413761 5024588,-1372516 5036420,-1356657 4980720,-1397512 4968889,-1413761 5024588))
28358;POLYGON((-1908540 4859485,-1867338 4874924,-1846611 4819301,-1887388 4803878,-1908540 4859485))
3113;POLYGON((-1369547 -1655414,-1328325 -1646898,-1316947 -1702583,-1357807 -1711104,-1369547 -1655414))
3111;POLYGON((1737386 1851396,1778489 1855293,1783612 1799706,1742801 1795836,1737386 1851396))
3107;POLYGON((1062580 830601,1104299 830215,1103646 773786,1062188 774169,1062580 830601))
3308;POLYGON((8365384 3419319,8406772 3423694,8412554 3367703,8371434 3363357,8365384 3419319))
3112;POLYGON((147614 -4781581,189786 -4782252,188764 -4839318,146819 -4838651,147614 -4781581))
3577;POLYGON((317153 -4650419,359425 -4651743,357633 -4705608,315571 -4704291,317153 -4650419))
