4326;POLYGON((136.5 -40.75,137.0 -40.75,137.0 -41.25,136.5 -41.25,136.5 -40.75))
28348;POLYGON((3173455 4981568,3216140 4964312,3193145 4908271,3150902 4925520,3173455 4981568))
28349;POLYGON((2661373 5163391,2704016 5149958,2686080 5093931,2643835 5107373,2661373 5163391))
28350;POLYGON((2150429 5301751,2192946 5291784,2179597 5235897,2137445 5245878,2150429 5301751))
28351;POLYGON((1641153 5400350,1683529 5393581,1674414 5337864,1632379 5344647,1641153 5400350))
28352;POLYGON((1133405 5461849,1175671 5458094,1170546 5402516,1128606 5406279,1133405 5461849))
28353;POLYGON((626629 5487912,668842 5487070,667570 5431561,625676 5432405,626629 5487912))
28354;POLYGON((120058 5479244,162285 5481292,164832 5425769,122925 5423715,120058 5479244))
28355;POLYGON((-387116 5435610,-344810 5440605,-338376 5384986,-380351 5379981,-387116 5435610))
28356;POLYGON((-895579 5355830,-853146 5363905,-842652 5308133,-884736 5300044,-895579 5355830))
28357;POLYGON((-1405706 5237748,-1363131 5249121,-1348298 5193181,-1390495 5181794,-1405706 5237748))
28358;POLYGON((-1917340 5078186,-1874663 5093164,-1855098 5037112,-1897359 5022131,-1917340 5078186))
3113;POLYGON((-1346123 -1447570,-1303674 -1439492,-1293176 -1495286,-1335276 -1503378,-1346123 -1447570))
3111;POLYGON((1781661 2051374,1823814 2055036,1828485 1999576,1786624 1995939,1781661 2051374))
3107;POLYGON((1127889 1026679,1170515 1025989,1169477 969898,1127111 970584,1127889 1026679))
3308;POLYGON((8407772 3621157,8450126 3625326,8455479 3569584,8413392 3565441,8407772 3621157))
3112;POLYGON((214821 -4584092,257778 -4585032,256427 -4641582,213696 -4640647,214821 -4584092))
3577;POLYGON((387244 -4462768,430250 -4464368,428121 -4518738,385328 -4517146,387244 -4462768))
