4326;POLYGON((136.0 -9.75,136.5 -9.75,136.5 -10.25,136.0 -10.25,136.0 -9.75))
28348;POLYGON((4068602 8745534,4132137 8738995,4125298 8674814,4061930 8681666,4068602 8745534))
28349;POLYGON((3328240 8812442,3388527 8807621,3383479 8746748,3323324 8751803,3328240 8812442))
28350;POLYGON((2621056 8860977,2678963 8857549,2675366 8799102,2617569 8802696,2621056 8860977))
28351;POLYGON((1937563 8894249,1993823 8892005,1991455 8835240,1935291 8837594,1937563 8894249))
28352;POLYGON((1269566 8914237,1324824 8913046,1323550 8857313,1268379 8858563,1269566 8914237))
28353;POLYGON((609683 8922066,664535 8921863,664283 8866563,609515 8866776,609683 8922066))
28354;POLYGON((-49052 8918163,5965 8918937,6723 8863494,-48209 8862681,-49052 8918163))
28355;POLYGON((-713553 8902316,-657785 8904110,-655977 8847939,-711653 8846057,-713553 8902316))
28356;POLYGON((-1391019 8873645,-1333882 8876559,-1330922 8819040,-1387956 8815983,-1391019 8873645))
28357;POLYGON((-2089327 8830481,-2030129 8834689,-2025840 8775129,-2084917 8770716,-2089327 8830481))
28358;POLYGON((-2817473 8770130,-2755407 8775904,-2749515 8713498,-2811431 8707445,-2817473 8770130))
3113;POLYGON((-1841757 2071617,-1784598 2074532,-1781637 2016990,-1838693 2013932,-1841757 2071617))
3111;POLYGON((1404933 5576211,1465604 5581803,1471070 5520744,1410720 5515182,1404933 5576211))
3107;POLYGON((1117571 4517552,1176353 4516872,1175532 4457710,1117023 4458387,1117571 4517552))
3308;POLYGON((7997070 7102164,8056090 7108259,8062082 7048846,8003346 7042781,7997070 7102164))
3112;POLYGON((226536 -1148038,283164 -1149052,282029 -1206063,225629 -1205053,226536 -1148038))
3577;POLYGON((451751 -1028421,508197 -1030300,506304 -1084046,450067 -1082175,451751 -1028421))
