4326;POLYGON((136.5 -26.25,137.0 -26.25,137.0 -26.75,136.5 -26.75,136.5 -26.25))
28348;POLYGON((3743558 6673736,3798230 6658754,3781303 6598130,3727002 6613272,3743558 6673736))
28349;POLYGON((3098374 6829118,3151422 6817790,3138603 6758941,3085866 6770401,3098374 6829118))
28350;POLYGON((2470497 6944420,2522258 6936196,2512926 6878766,2461434 6887092,2470497 6944420))
28351;POLYGON((1855838 7025106,1906655 7019605,1900381 6963225,1849805 6968796,1855838 7025106))
28352;POLYGON((1250298 7074828,1300511 7071805,1297018 7016102,1247028 7019164,1250298 7074828))
28353;POLYGON((649807 7095762,699754 7095087,698891 7039691,649160 7040375,649807 7095762))
28354;POLYGON((50324 7088808,100341 7090452,102071 7034995,52272 7033329,50324 7088808))
28355;POLYGON((-552184 7053670,-501760 7057703,-497363 7001815,-547557 6997729,-552184 7053670))
28356;POLYGON((-1161772 6988824,-1110603 6995423,-1103347 6938734,-1154265 6932052,-1161772 6988824))
28357;POLYGON((-1782526 6891390,-1730270 6900852,-1719832 6842990,-1771803 6833413,-1782526 6891390))
28358;POLYGON((-2418550 6756861,-2364865 6769633,-2350756 6710230,-2404107 6697314,-2418550 6756861))
3113;POLYGON((-1612420 186060,-1561231 192662,-1553973 135951,-1604911 129266,-1612420 186060))
3111;POLYGON((1637645 3660063,1688249 3664460,1692973 3608370,1642664 3603999,1637645 3660063))
3107;POLYGON((1150233 2635796,1200306 2634985,1199278 2579478,1149462 2580285,1150233 2635796))
3308;POLYGON((8246112 5224096,8296140 5229021,8301466 5173554,8251704 5168656,8246112 5224096))
3112;POLYGON((246713 -2981141,296047 -2982221,294741 -3036928,245624 -3035853,246713 -2981141))
3577;POLYGON((444056 -2850521,493372 -2852355,491178 -2908390,442082 -2906564,444056 -2850521))
