4326;POLYGON((136.25 -9.25,136.75 -9.25,136.75 -9.75,136.25 -9.75,136.25 -9.25))
28348;POLYGON((4106758 8806374,4170609 8800076,4164022 8735665,4100331 8742284,4106758 8806374))
28349;POLYGON((3363093 8870841,3423623 8866194,3418759 8805163,3358355 8810048,3363093 8870841))
28350;POLYGON((2653356 8917659,2711451 8914349,2707979 8855796,2649989 8859276,2653356 8917659))
28351;POLYGON((1967884 8949855,2024290 8947677,2021994 8890848,1965679 8893138,1967884 8949855))
28352;POLYGON((1298358 8969356,1353729 8968184,1352476 8912419,1297188 8913652,1298358 8969356))
28353;POLYGON((637307 8977267,692244 8977036,691965 8921731,637108 8921974,637307 8977267))
28354;POLYGON((-22299 8974022,32781 8974719,33461 8919293,-21538 8918560,-22299 8974022))
28355;POLYGON((-687420 8959443,-631609 8961106,-629934 8904974,-685658 8903224,-687420 8959443))
28356;POLYGON((-1365296 8932719,-1308132 8935442,-1305367 8877979,-1362433 8875115,-1365296 8932719))
28357;POLYGON((-2063838 8892290,-2004626 8896237,-2000605 8836749,-2059702 8832600,-2063838 8892290))
28358;POLYGON((-2792081 8835632,-2730011 8841057,-2724477 8778737,-2786405 8773035,-2792081 8835632))
3113;POLYGON((-1816024 2130713,-1758838 2133437,-1756071 2075952,-1813160 2073087,-1816024 2130713))
3111;POLYGON((1429617 5640323,1490624 5645784,1495950 5584480,1435265 5579047,1429617 5640323))
3107;POLYGON((1147649 4576596,1206704 4575776,1205743 4516430,1146962 4517246,1147649 4576596))
3308;POLYGON((8020422 7164841,8079742 7170823,8085611 7111200,8026577 7105246,8020422 7164841))
3112;POLYGON((255874 -1091361,312727 -1092492,311476 -1149643,254850 -1148517,255874 -1091361))
3577;POLYGON((481760 -975704,538413 -977701,536418 -1031322,479975 -1029333,481760 -975704))
