4326;POLYGON((135.75 -32.25,136.25 -32.25,136.25 -32.75,135.75 -32.75,135.75 -32.25))
28348;POLYGON((3454325 5982067,3504179 5966066,3485041 5907442,3435592 5923532,3454325 5982067))
28349;POLYGON((2862047 6148747,2911000 6136558,2896394 6078959,2847790 6091229,2862047 6148747))
28350;POLYGON((2279702 6272969,2327897 6264110,2317250 6207389,2269365 6216312,2279702 6272969))
28351;POLYGON((1705301 6359557,1752920 6353690,1745828 6297641,1698491 6303554,1705301 6359557))
28352;POLYGON((1136474 6411790,1183725 6408694,1179924 6353080,1132939 6356201,1136474 6411790))
28353;POLYGON((570649 6431606,617751 6431167,617101 6375736,570259 6376178,570649 6431606))
28354;POLYGON((5159 6419734,52336 6421937,54814 6366430,7901 6364210,5159 6419734))
28355;POLYGON((-562669 6375739,-515197 6380664,-509500 6324826,-556697 6319862,-562669 6375739))
28356;POLYGON((-1135445 6297992,-1087464 6305822,-1078338 6249408,-1126020 6241519,-1135445 6297992))
28357;POLYGON((-1715599 6183566,-1666916 6194599,-1654019 6137388,-1702367 6126280,-1715599 6183566))
28358;POLYGON((-2305236 6028048,-2255695 6042715,-2238527 5984531,-2287684 5969777,-2305236 6028048))
3113;POLYGON((-1586083 -505041,-1538083 -497208,-1528954 -553644,-1576655 -561535,-1586083 -505041))
3111;POLYGON((1626893 2984999,1673951 2989461,1679055 2934088,1632287 2929654,1626893 2984999))
3107;POLYGON((1070505 1972100,1117507 1971665,1116867 1916353,1070121 1916786,1070505 1972100))
3308;POLYGON((8242733 4553816,8289553 4558764,8295244 4503657,8248688 4498736,8242733 4553816))
3112;POLYGON((163547 -3637477,210270 -3638220,209285 -3693225,162781 -3692485,163547 -3637477))
3577;POLYGON((350330 -3520439,397025 -3521901,395166 -3577770,348690 -3576315,350330 -3520439))
