4326;POLYGON((136.25 -35.0,136.75 -35.0,136.75 -35.5,136.25 -35.5,136.25 -35.0))
28348;POLYGON((3396353 5645506,3444003 5628741,3423319 5570892,3376091 5587715,3396353 5645506))
28349;POLYGON((2828516 5820901,2875559 5808023,2859638 5750874,2812965 5763809,2828516 5820901))
28350;POLYGON((2267671 5952750,2314162 5943304,2302451 5886805,2256289 5896301,2267671 5952750))
28351;POLYGON((1712754 6045667,1758807 6039325,1750900 5983350,1705151 5989729,1712754 6045667))
28352;POLYGON((1162181 6102850,1207941 6099395,1203572 6043775,1158098 6047252,1162181 6102850))
28353;POLYGON((614067 6126243,659698 6125557,658721 6070098,613369 6070788,614067 6126243))
28354;POLYGON((66383 6116633,112057 6118695,114438 6063193,69045 6061119,66383 6116633))
28355;POLYGON((-482924 6073698,-437037 6078576,-431219 6022831,-476812 6017924,-482924 6073698))
28356;POLYGON((-1035817 5995984,-989561 6003845,-980109 5947670,-1026049 5939766,-1035817 5995984))
28357;POLYGON((-1594027 5880831,-1547270 5891945,-1533862 5835187,-1580270 5824019,-1594027 5880831))
28358;POLYGON((-2158866 5724240,-2111522 5738996,-2093694 5681556,-2140644 5666741,-2158866 5724240))
3113;POLYGON((-1486416 -807167,-1440142 -799303,-1430686 -855499,-1476644 -863407,-1486416 -807167))
3111;POLYGON((1701992 2685230,1747475 2689301,1752278 2634020,1707085 2629974,1701992 2685230))
3107;POLYGON((1113985 1667259,1159575 1666625,1158677 1611206,1113343 1611836,1113985 1667259))
3308;POLYGON((8320860 4255612,8366251 4260189,8371683 4205003,8326556 4200451,8320860 4255612))
3112;POLYGON((204841 -3941463,250354 -3942369,249143 -3997716,203849 -3996815,204841 -3941463))
3577;POLYGON((386820 -3828554,432308 -3830157,430242 -3885709,384971 -3884114,386820 -3828554))
