4326;POLYGON((135.75 -35.5,136.25 -35.5,136.25 -36.0,135.75 -36.0,135.75 -35.5))
28348;POLYGON((3328909 5604193,3376091 5587715,3355633 5530076,3308871 5546606,3328909 5604193))
28349;POLYGON((2766337 5776443,2812965 5763809,2797249 5706811,2750990 5719497,2766337 5776443))
28350;POLYGON((2210167 5905526,2256289 5896301,2244778 5839901,2198987 5849172,2210167 5905526))
28351;POLYGON((1659430 5995860,1705151 5989729,1697457 5933812,1652040 5939976,1659430 5995860))
28352;POLYGON((1112641 6050493,1158098 6047252,1153966 5991655,1108798 5994915,1112641 6050493))
28353;POLYGON((568020 6071248,613369 6070788,612662 6015329,567596 6015791,568020 6071248))
28354;POLYGON((23642 6058812,69045 6061119,71741 6005603,26623 6003283,23642 6058812))
28355;POLYGON((-522428 6012774,-476812 6017924,-470626 5962161,-515944 5956983,-522428 6012774))
28356;POLYGON((-1072024 5931601,-1026049 5939766,-1016168 5883584,-1061822 5875378,-1072024 5931601))
28357;POLYGON((-1626721 5812563,-1580270 5824019,-1566362 5767280,-1612458 5755773,-1626721 5812563))
28358;POLYGON((-2187640 5651601,-2140644 5666741,-2122238 5609367,-2168833 5594174,-2187640 5651601))
3113;POLYGON((-1522637 -871574,-1476644 -863407,-1466759 -919610,-1512431 -927820,-1522637 -871574))
3111;POLYGON((1661915 2625691,1707085 2629974,1712178 2574726,1667297 2570470,1661915 2625691))
3107;POLYGON((1068007 1612255,1113343 1611836,1112702 1556379,1067622 1556796,1068007 1612255))
3308;POLYGON((8281451 4195684,8326556 4200451,8332255 4145267,8287414 4140528,8281451 4195684))
3112;POLYGON((158553 -3996094,203849 -3996815,202857 -4052245,157781 -4051527,158553 -3996094))
3577;POLYGON((339694 -3882696,384971 -3884114,383124 -3939601,338065 -3938190,339694 -3882696))
