4326;POLYGON((136.0 -19.5,136.5 -19.5,136.5 -20.0,136.0 -20.0,136.0 -19.5))
28348;POLYGON((3882236 7515418,3941240 7503450,3928326 7441176,3869621 7453376,3882236 7515418))
28349;POLYGON((3190181 7638648,3246817 7629722,3237171 7569942,3180780 7579048,3190181 7638648))
28350;POLYGON((2522736 7728906,2577580 7722509,2570649 7664624,2516012 7671154,2522736 7728906))
28351;POLYGON((1873334 7791202,1926912 7786989,1922324 7730452,1868929 7734754,1873334 7791202))
28352;POLYGON((1235953 7828787,1288749 7826545,1286271 7770847,1233644 7773137,1235953 7828787))
28353;POLYGON((604935 7843541,657411 7843159,656921 7787816,604609 7788206,604935 7843541))
28354;POLYGON((-25179 7836184,27427 7837643,28902 7782182,-23538 7780691,-25179 7836184))
28355;POLYGON((-659824 7806357,-606629 7809729,-603118 7753673,-656136 7750230,-659824 7806357))
28356;POLYGON((-1304571 7752586,-1250315 7758039,-1244592 7700894,-1298652 7695327,-1304571 7752586))
28357;POLYGON((-1965302 7672108,-1909479 7679929,-1901247 7621168,-1956843 7613188,-1965302 7672108))
28358;POLYGON((-2648383 7560556,-2590440 7571181,-2579243 7510233,-2636913 7499398,-2648383 7560556))
3113;POLYGON((-1755275 950120,-1700998 955575,-1695273 898408,-1749354 892839,-1755275 950120))
3111;POLYGON((1514408 4421666,1569013 4426699,1574163 4369171,1519860 4364165,1514408 4421666))
3107;POLYGON((1107149 3391729,1160721 3391109,1159937 3334666,1106627 3335283,1107149 3391729))
3308;POLYGON((8116320 5973868,8169938 5979405,8175636 5922903,8122288 5917393,8116320 5973868))
3112;POLYGON((209163 -2239583,261448 -2240519,260352 -2295625,208286 -2294692,209163 -2239583))
3577;POLYGON((418343 -2095072,470616 -2096811,468659 -2152353,416603 -2150621,418343 -2095072))
