4326;POLYGON((136.5 -21.5,137.0 -21.5,137.0 -22.0,136.5 -22.0,136.5 -21.5))
28348;POLYGON((3887871 7255101,3945849 7241934,3931475 7179949,3873825 7193331,3887871 7255101))
28349;POLYGON((3206908 7391038,3262695 7381166,3251902 7321510,3196383 7331552,3206908 7391038))
28350;POLYGON((2548878 7491197,2602984 7484073,2595176 7426214,2541298 7433465,2548878 7491197))
28351;POLYGON((1907901 7560933,1960801 7556187,1955574 7499626,1902876 7504458,1907901 7560933))
28352;POLYGON((1278477 7603766,1330617 7601165,1327714 7545428,1275760 7548077,1278477 7603766))
28353;POLYGON((655381 7621768,707188 7621188,706472 7565822,654844 7566413,655381 7621768))
28354;POLYGON((33542 7615791,85436 7617204,86873 7561764,35160 7560325,33542 7615791))
28355;POLYGON((-592077 7585552,-539673 7589026,-536016 7533066,-588228 7529528,-592077 7585552))
28356;POLYGON((-1226610 7529610,-1173263 7535312,-1167210 7478372,-1220346 7472567,-1226610 7529610))
28357;POLYGON((-1875404 7445206,-1820657 7453421,-1811907 7395021,-1866411 7386661,-1875404 7445206))
28358;POLYGON((-2544138 7327963,-2487503 7339129,-2475593 7278758,-2531938 7267403,-2544138 7327963))
3113;POLYGON((-1677283 727057,-1623916 732761,-1617861 675799,-1671017 669992,-1677283 727057))
3111;POLYGON((1589543 4197377,1642969 4202018,1647774 4144977,1594647 4140361,1589543 4197377))
3107;POLYGON((1157594 3165890,1210120 3165039,1209082 3108955,1156815 3109802,1157594 3165890))
3308;POLYGON((8192670 5754006,8245234 5759180,8250625 5703044,8198328 5697896,8192670 5754006))
3112;POLYGON((257069 -2460628,308474 -2461753,307163 -2516659,255976 -2515538,257069 -2460628))
3577;POLYGON((462775 -2319323,514169 -2321235,511986 -2376987,460810 -2375084,462775 -2319323))
