4326;POLYGON((136.25 -8.75,136.75 -8.75,136.75 -9.25,136.25 -9.25,136.25 -8.75))
28348;POLYGON((4112856 8870528,4176858 8864553,4170609 8800076,4106758 8806374,4112856 8870528))
28349;POLYGON((3367586 8931670,3428237 8927264,3423623 8866194,3363093 8870841,3367586 8931670))
28350;POLYGON((2656549 8976059,2714744 8972922,2711451 8914349,2653356 8917659,2656549 8976059))
28351;POLYGON((1969974 9006578,2026466 9004514,2024290 8947677,1967884 8949855,1969974 9006578))
28352;POLYGON((1299466 9025061,1354916 9023950,1353729 8968184,1298358 8969356,1299466 9025061))
28353;POLYGON((637495 9032558,692508 9032339,692244 8977036,637307 8977267,637495 9032558))
28354;POLYGON((-23020 9029483,32137 9030143,32781 8974719,-22299 8974022,-23020 9029483))
28355;POLYGON((-689090 9015666,-633198 9017242,-631609 8961106,-687420 8959443,-689090 9015666))
28356;POLYGON((-1368010 8990335,-1310754 8992917,-1308132 8935442,-1365296 8932719,-1368010 8990335))
28357;POLYGON((-2067759 8952008,-2008438 8955750,-2004626 8896237,-2063838 8892290,-2067759 8952008))
28358;POLYGON((-2797465 8898280,-2735261 8903425,-2730011 8841057,-2792081 8835632,-2797465 8898280))
3113;POLYGON((-1818739 2188352,-1761461 2190935,-1758838 2133437,-1816024 2130713,-1818739 2188352))
3111;POLYGON((1423948 5701835,1485278 5707325,1490624 5645784,1429617 5640323,1423948 5701835))
3107;POLYGON((1148338 4636138,1207669 4635314,1206704 4575776,1147649 4576596,1148338 4636138))
3308;POLYGON((8014247 7224637,8073853 7230648,8079742 7170823,8020422 7164841,8014247 7224637))
3112;POLYGON((256900 -1034059,313981 -1035194,312727 -1092492,255874 -1091361,256900 -1034059))
3577;POLYGON((483540 -922199,540403 -924203,538413 -977701,481760 -975704,483540 -922199))
