4326;POLYGON((136.0 -22.5,136.5 -22.5,136.5 -23.0,136.0 -23.0,136.0 -22.5))
28348;POLYGON((3802375 7144975,3859501 7131692,3844905 7070186,3788109 7083669,3802375 7144975))
28349;POLYGON((3130549 7282096,3185643 7272142,3174688 7212810,3119868 7222922,3130549 7282096))
28350;POLYGON((2480025 7382932,2533558 7375773,2525658 7318122,2472360 7325399,2480025 7382932))
28351;POLYGON((1845326 7452724,1897742 7448000,1892500 7391558,1840293 7396363,1845326 7452724))
28352;POLYGON((1221262 7494909,1272984 7492391,1270149 7436707,1218620 7439269,1221262 7494909))
28353;POLYGON((602858 7511484,654295 7511055,653734 7455693,602485 7456130,602858 7511484))
28354;POLYGON((-14740 7503218,36813 7504857,38501 7449389,-12862 7447721,-14740 7503218))
28355;POLYGON((-636372 7469728,-584297 7473512,-580282 7417505,-632157 7413656,-636372 7469728))
28356;POLYGON((-1266962 7409443,-1213948 7415551,-1207417 7358562,-1260209 7352351,-1266962 7409443))
28357;POLYGON((-1911618 7319438,-1857230 7328173,-1847863 7269742,-1901995 7260865,-1911618 7319438))
28358;POLYGON((-2575714 7195127,-2519493 7206945,-2506805 7146588,-2562720 7134588,-2575714 7195127))
3113;POLYGON((-1717652 606843,-1664617 612954,-1658083 555942,-1710896 549729,-1717652 606843))
3111;POLYGON((1546938 4078597,1599741 4083464,1604824 4026680,1552320 4021840,1546938 4078597))
3107;POLYGON((1104027 3054393,1156037 3053792,1155261 2997855,1103509 2998454,1104027 3054393))
3308;POLYGON((8151975 5636504,8203978 5641874,8209620 5585936,8157885 5580593,8151975 5636504))
3112;POLYGON((203912 -2569498,254885 -2570411,253794 -2625248,203040 -2624340,203912 -2569498))
3577;POLYGON((407878 -2429194,458843 -2430890,456875 -2486738,406129 -2485050,407878 -2429194))
