4326;POLYGON((136.0 -10.0,136.5 -10.0,136.5 -10.5,136.0 -10.5,136.0 -10.0))
28348;POLYGON((4065306 8713592,4128759 8706896,4121755 8642750,4058472 8649758,4065306 8713592))
28349;POLYGON((3325812 8782118,3386034 8777180,3380863 8716327,3320776 8721497,3325812 8782118))
28350;POLYGON((2619334 8831834,2677186 8828323,2673501 8769886,2615761 8773563,2619334 8831834))
28351;POLYGON((1936441 8865921,1992654 8863621,1990228 8806861,1934113 8809270,1936441 8865921))
28352;POLYGON((1268980 8886400,1324195 8885180,1322889 8829448,1267763 8830726,1268980 8886400))
28353;POLYGON((609600 8894421,664411 8894213,664153 8838913,609429 8839130,609600 8894421))
28354;POLYGON((-48636 8890422,6339 8891215,7116 8835772,-47772 8834941,-48636 8890422))
28355;POLYGON((-712615 8874186,-656892 8876024,-655039 8819855,-710668 8817930,-712615 8874186))
28356;POLYGON((-1389507 8844813,-1332421 8847798,-1329387 8790285,-1386368 8787158,-1389507 8844813))
28357;POLYGON((-2087149 8800595,-2028011 8804906,-2023617 8745360,-2082632 8740846,-2087149 8800595))
28358;POLYGON((-2814488 8738781,-2752497 8744695,-2746462 8682316,-2808300 8676125,-2814488 8738781))
3113;POLYGON((-1840244 2042773,-1783135 2045759,-1780101 1988224,-1837104 1985095,-1840244 2042773))
3111;POLYGON((1407830 5545668,1468340 5551245,1473796 5490299,1413606 5484752,1407830 5545668))
3107;POLYGON((1117297 4487947,1175942 4487268,1175122 4428197,1116750 4428873,1117297 4487947))
3308;POLYGON((8000211 7072448,8059088 7078528,8065071 7019213,8006477 7013162,8000211 7072448))
3112;POLYGON((226082 -1176563,282596 -1177575,281463 -1234517,225176 -1233509,226082 -1176563))
3577;POLYGON((450909 -1055283,507251 -1057158,505355 -1110964,449224 -1109096,450909 -1055283))
