4326;POLYGON((136.0 -26.5,136.5 -26.5,136.5 -27.0,136.0 -27.0,136.0 -26.5))
28348;POLYGON((3680969 6658217,3735311 6643486,3718630 6583095,3664656 6597982,3680969 6658217))
28349;POLYGON((3039370 6810864,3092145 6799749,3079537 6741075,3027071 6752318,3039370 6810864))
28350;POLYGON((2414447 6923785,2465984 6915751,2456846 6858445,2405576 6866578,2414447 6923785))
28351;POLYGON((1802199 7002270,1852834 6996949,1846749 6940649,1796355 6946037,1802199 7002270))
28352;POLYGON((1198603 7049838,1248671 7046995,1245372 6991333,1195529 6994212,1198603 7049838))
28353;POLYGON((599653 7068554,649485 7068069,648832 7012680,599218 7013171,599653 7068554))
28354;POLYGON((1365 7059218,51294 7061069,53259 7005589,3551 7003714,1365 7059218))
28355;POLYGON((-600238 7021432,-549880 7025698,-545213 6969763,-595339 6965442,-600238 7021432))
28356;POLYGON((-1209155 6953567,-1158034 6960434,-1150464 6903677,-1201330 6896725,-1209155 6953567))
28357;POLYGON((-1829406 6852616,-1777187 6862394,-1766376 6804449,-1818305 6794556,-1829406 6852616))
28358;POLYGON((-2465007 6713926,-2411357 6727074,-2396801 6667583,-2450110 6654291,-2465007 6713926))
3113;POLYGON((-1659822 150789,-1608681 157659,-1601108 100880,-1651994 93925,-1659822 150789))
3111;POLYGON((1589723 3627373,1640156 3632021,1645171 3575996,1595033 3571375,1589723 3627373))
3107;POLYGON((1099900 2608613,1149848 2608035,1149077 2552545,1099386 2553120,1099900 2608613))
3308;POLYGON((8199037 5191219,8248909 5196370,8254497 5140954,8204891 5135831,8199037 5191219))
3112;POLYGON((196939 -3007616,246169 -3008497,245080 -3063208,196069 -3062331,196939 -3007616))
3577;POLYGON((393856 -2876903,443069 -2878541,441094 -2934590,392101 -2932959,393856 -2876903))
