4326;POLYGON((135.75 -17.75,136.25 -17.75,136.25 -18.25,135.75 -18.25,135.75 -17.75))
28348;POLYGON((3894222 7738923,3954107 7727939,3942358 7665376,3882749 7676608,3894222 7738923))
28349;POLYGON((3192698 7851818,3250056 7843655,3241314 7783733,3184180 7792085,3192698 7851818))
28350;POLYGON((2517289 7934193,2572755 7928366,2566499 7870428,2511222 7876393,2517289 7934193))
28351;POLYGON((1860854 7990760,1914994 7986948,1910878 7930408,1856906 7934311,1860854 7990760))
28352;POLYGON((1216932 8024555,1270263 8022559,1268074 7966878,1214897 7968923,1216932 8024555))
28353;POLYGON((579509 8037314,632522 8037032,632149 7981703,579286 7981992,579509 8037314))
28354;POLYGON((-57195 8029675,-4024 8031093,-2600 7975620,-55619 7974167,-57195 8029675))
28355;POLYGON((-698941 8001255,-645127 8004445,-641834 7948327,-695486 7945060,-698941 8001255))
28356;POLYGON((-1351664 7950610,-1296700 7955736,-1291369 7898448,-1346152 7893200,-1351664 7950610))
28357;POLYGON((-2021690 7875056,-1965029 7882395,-1957375 7823374,-2013825 7815863,-2021690 7875056))
28358;POLYGON((-2715969 7770344,-2657003 7780322,-2646583 7718944,-2705294 7708740,-2715969 7770344))
3113;POLYGON((-1802386 1148221,-1747401 1153349,-1742068 1096039,-1796873 1090789,-1802386 1148221))
3111;POLYGON((1467395 4621363,1523050 4626640,1528397 4568621,1473047 4563373,1467395 4621363))
3107;POLYGON((1081739 3590319,1136231 3589815,1135573 3533005,1081345 3533507,1081739 3590319))
3308;POLYGON((8068062 6169495,8122617 6175261,8128491 6118374,8074209 6112637,8068062 6169495))
3112;POLYGON((185713 -2045814,238769 -2046659,237778 -2101990,184942 -2101149,185713 -2045814))
3577;POLYGON((397898 -1900366,450933 -1902027,449092 -1957336,396274 -1955682,397898 -1900366))
