4326;POLYGON((135.75 -37.5,136.25 -37.5,136.25 -38.0,135.75 -38.0,135.75 -37.5))
28348;POLYGON((3247629 5374725,3293120 5358070,3271912 5301039,3226847 5317724,3247629 5374725))
28349;POLYGON((2703990 5549195,2749127 5536375,2732768 5479751,2688010 5492607,2703990 5549195))
28350;POLYGON((2164698 5680393,2209478 5671004,2197459 5614806,2153022 5624229,2164698 5680393))
28351;POLYGON((1629355 5772436,1673837 5766184,1665787 5710349,1621623 5716628,1629355 5772436))
28352;POLYGON((1096991 5828194,1141272 5824884,1136942 5769299,1092965 5772624,1096991 5828194))
28353;POLYGON((566293 5849394,610489 5848924,609748 5793447,565848 5793919,566293 5849394))
28354;POLYGON((35782 5836690,80021 5839047,82846 5783525,38906 5781158,35782 5836690))
28355;POLYGON((-496032 5789691,-451629 5794946,-445153 5739232,-489244 5733955,-496032 5789691))
28356;POLYGON((-1030522 5706942,-985850 5715259,-975523 5659224,-1019861 5650876,-1030522 5706942))
28357;POLYGON((-1568763 5585868,-1523748 5597506,-1509251 5541062,-1553900 5529389,-1568763 5585868))
28358;POLYGON((-2111320 5422675,-2065941 5437999,-2046825 5381128,-2091794 5365770,-2111320 5422675))
3113;POLYGON((-1481119 -1096321,-1436430 -1088001,-1426098 -1144058,-1470454 -1152409,-1481119 -1096321))
3111;POLYGON((1683444 2404815,1727454 2408988,1732547 2353730,1688827 2349584,1683444 2404815))
3107;POLYGON((1066465 1390166,1110774 1389756,1110130 1334117,1066079 1334524,1066465 1390166))
3308;POLYGON((8305322 3974875,8349371 3979531,8355084 3924209,8311300 3919581,8305322 3974875))
3112;POLYGON((155458 -4218346,199870 -4219053,198871 -4274845,154681 -4274142,155458 -4218346))
3577;POLYGON((333191 -4104180,377601 -4105570,375766 -4160711,331572 -4159327,333191 -4104180))
