4326;POLYGON((135.75 -36.0,136.25 -36.0,136.25 -36.5,135.75 -36.5,135.75 -36.0))
28348;POLYGON((3308871 5546606,3355633 5530076,3334984 5472589,3288643 5489166,3308871 5546606))
28349;POLYGON((2750990 5719497,2797249 5706811,2781370 5649905,2735482 5662641,2750990 5719497))
28350;POLYGON((2198987 5849172,2244778 5839901,2233138 5783551,2187681 5792865,2198987 5849172))
28351;POLYGON((1652040 5939976,1697457 5933812,1689673 5877915,1644565 5884110,1652040 5939976))
28352;POLYGON((1108798 5994915,1153966 5991655,1149784 5936062,1104908 5939340,1108798 5994915))
28353;POLYGON((567596 6015791,612662 6015329,611946 5959865,567167 5960330,567596 6015791))
28354;POLYGON((26623 6003283,71741 6005603,74468 5950085,29641 5947753,26623 6003283))
28355;POLYGON((-515944 5956983,-470626 5962161,-464366 5906411,-509383 5901205,-515944 5956983))
28356;POLYGON((-1061822 5875378,-1016168 5883584,-1006173 5827439,-1051503 5819193,-1061822 5875378))
28357;POLYGON((-1612458 5755773,-1566362 5767280,-1552305 5710615,-1598043 5699061,-1612458 5755773))
28358;POLYGON((-2168833 5594174,-2122238 5609367,-2103650 5552119,-2149842 5536877,-2168833 5594174))
3113;POLYGON((-1512431 -927820,-1466759 -919610,-1456761 -975777,-1502108 -984026,-1512431 -927820))
3111;POLYGON((1667297 2570470,1712178 2574726,1717269 2519482,1672679 2515254,1667297 2570470))
3107;POLYGON((1067622 1556796,1112702 1556379,1112059 1500883,1067236 1501298,1067622 1556796))
3308;POLYGON((8287414 4140528,8332255 4145267,8337957 4090056,8293380 4085344,8287414 4140528))
3112;POLYGON((157781 -4051527,202857 -4052245,201863 -4107758,157008 -4107044,157781 -4051527))
3577;POLYGON((338065 -3938190,383124 -3939601,381281 -3995010,336438 -3993605,338065 -3938190))
