4326;POLYGON((136.75 -28.5,137.25 -28.5,137.25 -29.0,136.75 -29.0,136.75 -28.5))
28348;POLYGON((3693586 6395011,3746617 6379181,3728380 6319175,3675741 6335140,3693586 6395011))
28349;POLYGON((3066323 6559665,3117990 6547631,3104102 6489136,3052767 6501285,3066323 6559665))
28350;POLYGON((2453782 6682507,2504342 6673721,2494177 6616468,2443905 6625343,2453782 6682507))
28351;POLYGON((1852722 6768987,1902455 6763068,1895574 6706750,1846100 6712732,1852722 6768987))
28352;POLYGON((1259721 6822794,1308916 6819495,1305030 6763790,1256077 6767126,1259721 6822794))
28353;POLYGON((671278 6846159,720227 6845344,719179 6789927,670464 6790752,671278 6846159))
28354;POLYGON((83864 6840035,132862 6841669,134611 6786212,85847 6784558,83864 6840035))
28355;POLYGON((-506050 6804171,-456708 6808323,-452094 6752496,-501189 6748298,-506050 6804171))
28356;POLYGON((-1101986 6737100,-1052009 6743940,-1044339 6687417,-1094049 6680505,-1101986 6737100))
28357;POLYGON((-1707420 6636011,-1656521 6645829,-1645474 6588293,-1696072 6578376,-1707420 6636011))
28358;POLYGON((-2325718 6496524,-2273623 6509754,-2258715 6450905,-2310461 6437554,-2325718 6496524))
3113;POLYGON((-1552611 -65761,-1502614 -58919,-1494942 -115463,-1544670 -122379,-1552611 -65761))
3111;POLYGON((1684816 3410540,1734108 3414692,1738659 3358912,1689660 3354785,1684816 3410540))
3107;POLYGON((1171228 2385914,1220144 2385009,1218991 2329650,1170331 2330551,1171228 2385914))
3308;POLYGON((8295652 4977406,8344498 4982097,8349674 4926806,8301092 4922142,8295652 4977406))
3112;POLYGON((265991 -3227881,314344 -3229036,312928 -3283776,264793 -3282627,265991 -3227881))
3577;POLYGON((459333 -3103636,507658 -3105528,505354 -3161567,457248 -3159684,459333 -3103636))
