4326;POLYGON((137.0 -43.75,137.5 -43.75,137.5 -44.25,137.0 -44.25,137.0 -43.75))
28348;POLYGON((3075765 4630411,3115757 4612949,3091368 4557882,3051827 4575304,3075765 4630411))
28349;POLYGON((2594233 4815289,2634446 4801570,2615246 4746157,2575445 4759858,2594233 4815289))
28350;POLYGON((2111081 4957301,2151370 4947021,2136940 4891474,2097033 4901750,2111081 4957301))
28351;POLYGON((1627549 5059648,1667842 5052571,1657857 4997000,1617924 5004078,1627549 5059648))
28352;POLYGON((1144169 5124690,1184440 5120652,1178673 5065099,1138745 5069139,1144169 5124690))
28353;POLYGON((661021 5153949,701277 5152855,699593 5097320,659674 5098414,661021 5153949))
28354;POLYGON((177948 5148113,218207 5149937,220566 5094400,180646 5092574,177948 5148113))
28355;POLYGON((-305267 5107043,-264989 5111830,-258531 5056273,-298461 5051485,-305267 5107043))
28356;POLYGON((-788725 5029777,-748429 5037636,-737722 4982066,-777654 4974206,-788725 5029777))
28357;POLYGON((-1272218 4914512,-1231939 4925628,-1216739 4870093,-1256630 4858985,-1272218 4914512))
28358;POLYGON((-1755011 4758608,-1714836 4773232,-1694803 4717858,-1734557 4703256,-1755011 4758608))
3113;POLYGON((-1239227 -1773751,-1198916 -1765888,-1188205 -1821480,-1228152 -1829343,-1239227 -1773751))
3111;POLYGON((1851903 1721560,1892322 1724858,1896728 1669054,1856601 1665780,1851903 1721560))
3107;POLYGON((1164258 688014,1205315 687159,1204003 630464,1163208 631314,1164258 688014))
3308;POLYGON((8482360 3289628,8523126 3293444,8528260 3237143,8487763 3233352,8482360 3289628))
3112;POLYGON((249624 -4926520,291218 -4927595,289618 -4985056,248252 -4983986,249624 -4926520))
3577;POLYGON((417563 -4788367,459295 -4790083,456994 -4843510,415471 -4841803,417563 -4788367))
