4326;POLYGON((137.25 -40.5,137.75 -40.5,137.75 -41.0,137.25 -41.0,137.25 -40.5))
28348;POLYGON((3249028 4983636,3291932 4965870,3268350 4909759,3225894 4927519,3249028 4983636))
28349;POLYGON((2734354 5171182,2777210 5157298,2758745 5101206,2716291 5115100,2734354 5171182))
28350;POLYGON((2220929 5314664,2263647 5304288,2249809 5248351,2207458 5258742,2220929 5314664))
28351;POLYGON((1709331 5417970,1751894 5410820,1742311 5355069,1700090 5362234,1709331 5417970))
28352;POLYGON((1199431 5483918,1241869 5479799,1236283 5424203,1194169 5428332,1199431 5483918))
28353;POLYGON((690658 5514313,733032 5513111,731291 5457599,689235 5458804,690658 5514313))
28354;POLYGON((182212 5509986,224591 5511669,226649 5456153,184587 5454465,182212 5509986))
28355;POLYGON((-326772 5470818,-284316 5475432,-278405 5419826,-320534 5415200,-326772 5470818))
28356;POLYGON((-837057 5395738,-794469 5403410,-784543 5347644,-826786 5339957,-837057 5395738))
28357;POLYGON((-1349122 5282693,-1306378 5293632,-1292170 5237679,-1334542 5226726,-1349122 5282693))
28358;POLYGON((-1862948 5128603,-1820075 5143105,-1801204 5087005,-1843667 5072495,-1862948 5128603))
3113;POLYGON((-1287579 -1407646,-1244974 -1399972,-1235045 -1455759,-1277304 -1463449,-1287579 -1407646))
3111;POLYGON((1842635 2084505,1884961 2087847,1889194 2032371,1847159 2029053,1842635 2084505))
3107;POLYGON((1192410 1053582,1235160 1052592,1233733 996553,1191243 997536,1192410 1053582))
3308;POLYGON((8468704 3655185,8511220 3659062,8516169 3603319,8473919 3599466,8468704 3655185))
3112;POLYGON((279985 -4557343,323047 -4558542,321362 -4615016,278524 -4613823,279985 -4557343))
3577;POLYGON((452871 -4437998,495974 -4439854,493522 -4494278,450633 -4492431,452871 -4437998))
