4326;POLYGON((136.75 -28.0,137.25 -28.0,137.25 -28.5,136.75 -28.5,136.75 -28.0))
28348;POLYGON((3711192 6455033,3764610 6439343,3746617 6379181,3693586 6395011,3711192 6455033))
28349;POLYGON((3079684 6618136,3131678 6606221,3117990 6547631,3066323 6559665,3079684 6618136))
28350;POLYGON((2463509 6739719,2514354 6731027,2504342 6673721,2453782 6682507,2463509 6739719))
28351;POLYGON((1859242 6825262,1909229 6819409,1902455 6763068,1852722 6768987,1859242 6825262))
28352;POLYGON((1263308 6878465,1312739 6875203,1308916 6819495,1259721 6822794,1263308 6878465))
28353;POLYGON((672079 6901563,721257 6900757,720227 6845344,671278 6846159,672079 6901563))
28354;POLYGON((81913 6895509,131142 6897125,132862 6841669,83864 6840035,81913 6895509))
28355;POLYGON((-510833 6860053,-461250 6864158,-456708 6808323,-506050 6804171,-510833 6860053))
28356;POLYGON((-1109800 6793726,-1059560 6800491,-1052009 6743940,-1101986 6737100,-1109800 6793726))
28357;POLYGON((-1718600 6693710,-1667404 6703427,-1656521 6645829,-1707420 6636011,-1718600 6693710))
28358;POLYGON((-2340761 6555609,-2288321 6568712,-2273623 6509754,-2325718 6496524,-2340761 6555609))
3113;POLYGON((-1560428 -9114,-1510169 -2345,-1502614 -58919,-1552611 -65761,-1560428 -9114))
3111;POLYGON((1679966 3466359,1729552 3470536,1734108 3414692,1684816 3410540,1679966 3466359))
3107;POLYGON((1172125 2441303,1221298 2440392,1220144 2385009,1171228 2385914,1172125 2441303))
3308;POLYGON((8290208 5032706,8339319 5037422,8344498 4982097,8295652 4977406,8290208 5032706))
3112;POLYGON((267189 -3173151,315759 -3174311,314344 -3229036,265991 -3227881,267189 -3173151))
3577;POLYGON((461418 -3047583,509963 -3049484,507658 -3105528,459333 -3103636,461418 -3047583))
