4326;POLYGON((137.0 -18.75,137.5 -18.75,137.5 -19.25,137.0 -19.25,137.0 -18.75))
28348;POLYGON((4019743 7585201,4079657 7573033,4066582 7510084,4006969 7522501,4019743 7585201))
28349;POLYGON((3318038 7710648,3375396 7701546,3365602 7641278,3308488 7650574,3318038 7710648))
28350;POLYGON((2642948 7803019,2698363 7796443,2691271 7738221,2636061 7744941,2642948 7803019))
28351;POLYGON((1987519 7867578,2041545 7863166,2036765 7806415,1982919 7810925,1987519 7867578))
28352;POLYGON((1345443 7907773,1398585 7905296,1395869 7849487,1342892 7852020,1345443 7907773))
28353;POLYGON((710846 7925650,763581 7924984,762794 7869619,710217 7870300,710846 7925650))
28354;POLYGON((78101 7922094,130895 7923207,131998 7867801,79363 7866663,78101 7922094))
28355;POLYGON((-558354 7896930,-505037 7899876,-501990 7843944,-555139 7840933,-558354 7896930))
28356;POLYGON((-1204211 7848904,-1149887 7853831,-1144742 7796872,-1198881 7791836,-1204211 7848904))
28357;POLYGON((-1865465 7775536,-1809618 7782704,-1802107 7724182,-1857740 7716859,-1865465 7775536))
28358;POLYGON((-2548617 7672831,-2490681 7682641,-2480386 7621973,-2538065 7611955,-2548617 7672831))
3113;POLYGON((-1654876 1046476,-1600531 1051404,-1595384 994423,-1649544 989385,-1654876 1046476))
3111;POLYGON((1616350 4518038,1671460 4522535,1676022 4464745,1621216 4460274,1616350 4518038))
3107;POLYGON((1215861 3475087,1269817 3473963,1268507 3417379,1214813 3418498,1215861 3475087))
3308;POLYGON((8215420 6069684,8269495 6074745,8274668 6018027,8220864 6012990,8215420 6069684))
3112;POLYGON((315705 -2158901,368310 -2160262,366772 -2215447,314387 -2214092,315705 -2158901))
3577;POLYGON((526138 -2015575,578721 -2017737,576333 -2073165,523967 -2071012,526138 -2015575))
