4326;POLYGON((137.25 -16.25,137.75 -16.25,137.75 -16.75,137.25 -16.75,137.25 -16.25))
28348;POLYGON((4109690 7895104,4171152 7884132,4159498 7820428,4098308 7831678,4109690 7895104))
28349;POLYGON((3391512 8008045,3450111 7999859,3441406 7939125,3383025 7947524,3391512 8008045))
28350;POLYGON((2702975 8091068,2759420 8085158,2753121 8026666,2696858 8032733,2702975 8091068))
28351;POLYGON((2036196 8149143,2091105 8145168,2086850 8088280,2032099 8092362,2036196 8149143))
28352;POLYGON((1384170 8185508,1438102 8183252,1435660 8127394,1381872 8129711,1384170 8185508))
28353;POLYGON((740481 8202088,793954 8201435,793198 8146071,739864 8146743,740481 8202088))
28354;POLYGON((99041 8199735,152554 8200651,153448 8145266,100072 8144325,99041 8199735))
28355;POLYGON((-546152 8178327,-492094 8180859,-489507 8124936,-543419 8122335,-546152 8178327))
28356;POLYGON((-1201246 8136761,-1146121 8141041,-1141705 8084042,-1196669 8079647,-1201246 8136761))
28357;POLYGON((-1872779 8072812,-1816020 8079073,-1809536 8020420,-1866108 8013992,-1872779 8072812))
28358;POLYGON((-2567945 7982855,-2508921 7991464,-2499994 7930511,-2558792 7921679,-2567945 7982855))
3113;POLYGON((-1651910 1334445,-1596763 1338726,-1592346 1281706,-1647331 1277309,-1651910 1334445))
3111;POLYGON((1620147 4811479,1676798 4815951,1681268 4757378,1624924 4752930,1620147 4811479))
3107;POLYGON((1248768 3759153,1304039 3757874,1302584 3700725,1247577 3701998,1248768 3759153))
3308;POLYGON((8215745 6357589,8271199 6362646,8276290 6305297,8221111 6300265,8215745 6357589))
3112;POLYGON((349173 -1882559,402877 -1884055,401219 -1939603,347736 -1938113,349173 -1882559))
3577;POLYGON((563782 -1740553,617441 -1742865,614962 -1797915,561518 -1795612,563782 -1740553))
