4326;POLYGON((137.25 -37.0,137.75 -37.0,137.75 -37.5,137.25 -37.5,137.25 -37.0))
28348;POLYGON((3406074 5380986,3452083 5363328,3429754 5306044,3384184 5323734,3406074 5380986))
28349;POLYGON((2856459 5566624,2902076 5552927,2884723 5496088,2839494 5509825,2856459 5566624))
28350;POLYGON((2311705 5707726,2356919 5697549,2343989 5641188,2299123 5651403,2311705 5707726))
28351;POLYGON((1771463 5808832,1816332 5801847,1807415 5745904,1762866 5752919,1771463 5808832))
28352;POLYGON((1234753 5873165,1279375 5869152,1274191 5813511,1229871 5817543,1234753 5873165))
28353;POLYGON((700210 5902761,744710 5901591,743097 5846105,698891 5847280,700210 5902761))
28354;POLYGON((166273 5898549,210784 5900188,212692 5844695,168475 5843048,166273 5898549))
28355;POLYGON((-368669 5860399,-324014 5864896,-318527 5809236,-362877 5804717,-368669 5860399))
28356;POLYGON((-906146 5787108,-861226 5794607,-851987 5738632,-896583 5731102,-906146 5787108))
28357;POLYGON((-1447443 5676354,-1402165 5687092,-1388884 5630692,-1433809 5619915,-1447443 5676354))
28358;POLYGON((-1993412 5524598,-1947727 5538920,-1929982 5482041,-1975272 5467679,-1993412 5524598))
3113;POLYGON((-1356694 -1016124,-1311757 -1008622,-1302514 -1064618,-1347128 -1072152,-1356694 -1016124))
3111;POLYGON((1811025 2471940,1855386 2475442,1859608 2420120,1815537 2416640,1811025 2471940))
3107;POLYGON((1200541 1443900,1245097 1442868,1243682 1387295,1199383 1388321,1200541 1443900))
3308;POLYGON((8432352 4043542,8476727 4047588,8481641 3992231,8437531 3988209,8432352 4043542))
3112;POLYGON((290125 -4165312,334747 -4166555,333086 -4222234,288685 -4220997,290125 -4165312))
3577;POLYGON((468674 -4053654,513281 -4055576,510794 -4110786,466403 -4108874,468674 -4053654))
