4326;POLYGON((137.5 -17.5,138.0 -17.5,138.0 -18.0,137.5 -18.0,137.5 -17.5))
28348;POLYGON((4111000 7730961,4171898 7719166,4159302 7655633,4098695 7667696,4111000 7730961))
28349;POLYGON((3398842 7852539,3456985 7843716,3447551 7783057,3389643 7792087,3398842 7852539))
28350;POLYGON((2715325 7942171,2771379 7935780,2764531 7877306,2708673 7883851,2715325 7942171))
28351;POLYGON((2052969 8005120,2107525 8000799,2102875 7943900,2048490 7948326,2052969 8005120))
28352;POLYGON((1405073 8044836,1458666 8042355,1455967 7986476,1402530 7989018,1405073 8044836))
28353;POLYGON((765461 8063388,818590 8062621,817706 8007242,764724 8008028,765461 8063388))
28354;POLYGON((128259 8061713,181409 8062621,182293 8007242,129293 8006312,128259 8061713))
28355;POLYGON((-512319 8039727,-458666 8042355,-455967 7986476,-509464 7983783,-512319 8039727))
28356;POLYGON((-1162185 7996316,-1107525 8000799,-1102875 7943900,-1157363 7939307,-1162185 7996316))
28357;POLYGON((-1827584 7929202,-1771379 7935780,-1764531 7877306,-1820537 7870570,-1827584 7929202))
28358;POLYGON((-2515330 7834669,-2456985 7843716,-2447551 7783057,-2505658 7773798,-2515330 7834669))
3113;POLYGON((-1612833 1193945,-1558152 1198430,-1553501 1141508,-1608009 1136914,-1612833 1193945))
3111;POLYGON((1660004 4667654,1715899 4671919,1720185 4613734,1664595 4609493,1660004 4667654))
3107;POLYGON((1273102 3615892,1327710 3614501,1326131 3557653,1271786 3559037,1273102 3615892))
3308;POLYGON((8256518 6217055,8311298 6221918,8316225 6164880,8261717 6160041,8256518 6217055))
3112;POLYGON((372161 -2022007,425310 -2023593,423548 -2078942,370619 -2077362,372161 -2022007))
3577;POLYGON((584677 -1879471,637792 -1881863,635196 -1937105,582297 -1934723,584677 -1879471))
