4326;POLYGON((137.5 -15.25,138.0 -15.25,138.0 -15.75,137.5 -15.75,137.5 -15.25))
28348;POLYGON((4162460 8017124,4224587 8006599,4213450 7942515,4151585 7953331,4162460 8017124))
28349;POLYGON((3437242 8125432,3496369 8117583,3488055 8056601,3429136 8064672,3437242 8125432))
28350;POLYGON((2743054 8205066,2799928 8199393,2793907 8140747,2737206 8146583,2743054 8205066))
28351;POLYGON((2071623 8260886,2126890 8257057,2122808 8200082,2067692 8204023,2071623 8260886))
28352;POLYGON((1415659 8296061,1469897 8293865,1467531 8237967,1413429 8240228,1415659 8296061))
28353;POLYGON((768527 8312480,822272 8311801,821496 8256431,767881 8257130,768527 8312480))
28354;POLYGON((123961 8310998,177727 8311801,178503 8256431,124867 8255605,123961 8310998))
28355;POLYGON((-524200 8291538,-469897 8293865,-467531 8237967,-521696 8235572,-524200 8291538))
28356;POLYGON((-1182267 8253085,-1126890 8257057,-1122808 8200082,-1178034 8195994,-1182267 8253085))
28357;POLYGON((-1856963 8193555,-1799928 8199393,-1793907 8140747,-1850766 8134740,-1856963 8193555))
28358;POLYGON((-2555715 8109533,-2496369 8117583,-2488055 8056601,-2547189 8048324,-2555715 8109533))
3113;POLYGON((-1632923 1450814,-1577524 1454788,-1573441 1397791,-1628689 1393701,-1632923 1450814))
3111;POLYGON((1639184 4931382,1696464 4935753,1700805 4876828,1643834 4872481,1639184 4931382))
3107;POLYGON((1279058 3873236,1334857 3871816,1333263 3814412,1277730 3815826,1279058 3873236))
3308;POLYGON((8232974 6475239,8288990 6480212,8293968 6422573,8238228 6417624,8232974 6475239))
3112;POLYGON((379128 -1771916,433272 -1773532,431498 -1829252,377576 -1827643,379128 -1771916))
3577;POLYGON((595345 -1631829,649429 -1634265,646850 -1689138,592981 -1686712,595345 -1631829))
