4326;POLYGON((136.75 -27.0,137.25 -27.0,137.25 -27.5,136.75 -27.5,136.75 -27.0))
28348;POLYGON((3745670 6575527,3799853 6560137,3782357 6499662,3728554 6515205,3745670 6575527))
28349;POLYGON((3105813 6735348,3158450 6723682,3145166 6664905,3092848 6676698,3105813 6735348))
28350;POLYGON((2482513 6854288,2533914 6845790,2524212 6788383,2473087 6796980,2482513 6854288))
28351;POLYGON((1871969 6937873,1922455 6932156,1915896 6875772,1865657 6881557,1871969 6937873))
28352;POLYGON((1270306 6989818,1320200 6986634,1316501 6930917,1266836 6934140,1270306 6989818))
28353;POLYGON((673642 7012360,723268 7011573,722271 6956167,672867 6956963,673642 7012360))
28354;POLYGON((78106 7006452,127785 7008029,129449 6952578,79993 6950981,78106 7006452))
28355;POLYGON((-520169 6971845,-470113 6975852,-465718 6920002,-515540 6915945,-520169 6971845))
28356;POLYGON((-1125060 6907068,-1074305 6913677,-1066992 6857070,-1117492 6850382,-1125060 6907068))
28357;POLYGON((-1740450 6809298,-1688672 6818801,-1678122 6761084,-1729611 6751472,-1740450 6809298))
28358;POLYGON((-2370195 6674114,-2317075 6686950,-2302805 6627777,-2355587 6614806,-2370195 6674114))
3113;POLYGON((-1575694 104272,-1524919 110884,-1517604 54255,-1568123 47564,-1575694 104272))
3111;POLYGON((1670249 3578208,1720422 3582435,1724990 3526449,1675111 3522248,1670249 3578208))
3107;POLYGON((1173921 2552172,1223607 2551252,1222452 2495805,1173023 2496721,1173921 2552172))
3308;POLYGON((8279309 5143426,8328951 5148193,8334137 5092786,8284761 5088045,8279309 5143426))
3112;POLYGON((269584 -3063720,318590 -3064890,317175 -3119597,268387 -3118432,269584 -3063720))
3577;POLYGON((465588 -2935477,514571 -2937395,512267 -2993438,463503 -2991528,465588 -2935477))
