4326;POLYGON((137.0 -12.0,137.5 -12.0,137.5 -12.5,137.0 -12.5,137.0 -12.0))
28348;POLYGON((4161801 8442643,4225132 8434323,4216409 8369870,4153286 8378502,4161801 8442643))
28349;POLYGON((3423748 8528012,3483845 8521842,3477369 8460701,3417437 8467106,3423748 8528012))
28350;POLYGON((2718924 8590407,2776623 8585978,2771964 8527294,2714401 8531894,2718924 8590407))
28351;POLYGON((2038153 8633788,2094166 8630830,2091040 8573880,2035146 8576954,2038153 8633788))
28352;POLYGON((1373486 8660706,1428438 8659049,1426667 8603197,1371822 8604919,1373486 8660706))
28353;POLYGON((717758 8672655,772227 8672210,771714 8616872,717348 8617335,717758 8672655))
28354;POLYGON((64237 8670280,118775 8671023,119493 8615638,65060 8614866,64237 8670280))
28355;POLYGON((-593706 8653451,-538544 8655423,-536556 8599430,-591608 8597382,-593706 8653451))
28356;POLYGON((-1262915 8621259,-1206542 8624566,-1203175 8567374,-1259426 8563939,-1262915 8621259))
28357;POLYGON((-1950769 8571884,-1892541 8576718,-1887602 8517678,-1945687 8512658,-1950769 8571884))
28358;POLYGON((-2665575 8502354,-2604753 8509016,-2597937 8447387,-2658585 8440471,-2665575 8502354))
3113;POLYGON((-1713603 1819132,-1657208 1822440,-1653840 1765226,-1710112 1761789,-1713603 1819132))
3111;POLYGON((1549311 5313929,1608602 5318767,1613349 5258630,1554374 5253818,1549311 5313929))
3107;POLYGON((1230229 4251110,1287777 4249911,1286426 4191539,1229148 4192732,1230229 4251110))
3308;POLYGON((8140680 6848070,8198481 6853480,8203829 6794839,8146308 6789455,8140680 6848070))
3112;POLYGON((333687 -1405764,389288 -1407202,387716 -1463618,332340 -1462186,333687 -1405764))
3577;POLYGON((555131 -1275141,610612 -1277423,608275 -1331666,553007 -1329393,555131 -1275141))
