4326;POLYGON((137.5 -32.25,138.0 -32.25,138.0 -32.75,137.5 -32.75,137.5 -32.25))
28348;POLYGON((3629161 5924547,3679294 5907320,3658700 5848383,3608990 5865699,3629161 5924547))
28349;POLYGON((3033694 6104777,3082897 6091532,3067037 6033647,3018196 6046974,3033694 6104777))
28350;POLYGON((2448635 6240808,2497033 6231019,2485280 6174061,2437201 6183920,2448635 6240808))
28351;POLYGON((1872148 6337970,1919915 6331258,1911819 6275036,1864341 6281800,1872148 6337970))
28352;POLYGON((1301955 6399966,1349291 6396078,1344549 6340363,1297483 6344282,1301955 6399966))
28353;POLYGON((735527 6429110,782650 6427902,781088 6372444,734227 6373662,735527 6429110))
28354;POLYGON((170217 6426474,217349 6427902,218911 6372444,172040 6371004,170217 6426474))
28355;POLYGON((-396655 6391962,-349291 6396078,-344549 6340363,-391642 6336213,-396655 6391962))
28356;POLYGON((-967727 6324300,-919915 6331258,-911819 6275036,-959339 6268026,-967727 6324300))
28357;POLYGON((-1545493 6220958,-1497033 6231019,-1485280 6174061,-1533417 6163929,-1545493 6220958))
28358;POLYGON((-2132175 6077979,-2082897 6091532,-2067037 6033647,-2115946 6020009,-2132175 6077979))
3113;POLYGON((-1418299 -478722,-1370469 -471762,-1362369 -528005,-1409909 -535019,-1418299 -478722))
3111;POLYGON((1791693 2999534,1838825 3003130,1842910 2947674,1796069 2944100,1791693 2999534))
3107;POLYGON((1234999 1969625,1281987 1968429,1280451 1913135,1233719 1914325,1234999 1969625))
3308;POLYGON((8406701 4570154,8453597 4574317,8458364 4519123,8411732 4514983,8406701 4570154))
3112;POLYGON((327063 -3640893,373771 -3642287,372021 -3697272,325531 -3695885,327063 -3640893))
3577;POLYGON((513733 -3526357,560404 -3528459,557779 -3584297,511328 -3582205,513733 -3526357))
