4326;POLYGON((137.25 -35.5,137.75 -35.5,137.75 -36.0,137.25 -36.0,137.25 -35.5))
28348;POLYGON((3470592 5553722,3517911 5536198,3496165 5478405,3449281 5495979,3470592 5553722))
28349;POLYGON((2906357 5737633,2953122 5724084,2936278 5666925,2889893 5680528,2906357 5737633))
28350;POLYGON((2348651 5877036,2394892 5866992,2382372 5810451,2336470 5820543,2348651 5877036))
28351;POLYGON((1796679 5976721,1842489 5969840,1833869 5913815,1788370 5920733,1796679 5976721))
28352;POLYGON((1249062 6040062,1294571 6036112,1289566 5980452,1244349 5984425,1249062 6040062))
28353;POLYGON((704076 6069178,749437 6068028,747880 6012553,702803 6013710,704076 6069178))
28354;POLYGON((159821 6065036,205195 6066648,207036 6011164,161946 6009543,159821 6065036))
28355;POLYGON((-385648 6027498,-340100 6031924,-334801 5976241,-380055 5971789,-385648 6027498))
28356;POLYGON((-934203 5955316,-888329 5962705,-879398 5906643,-924956 5899215,-934203 5955316))
28357;POLYGON((-1487497 5846070,-1441174 5856671,-1428311 5800082,-1474289 5789432,-1487497 5846070))
28358;POLYGON((-2046790 5696049,-1999933 5710224,-1982704 5653011,-2029173 5638783,-2046790 5696049))
3113;POLYGON((-1384762 -847850,-1338871 -840458,-1329936 -896542,-1375512 -903973,-1384762 -847850))
3111;POLYGON((1797491 2637828,1842723 2641399,1846944 2586078,1802002 2582530,1797491 2637828))
3107;POLYGON((1204008 1610367,1249334 1609318,1247923 1553875,1202853 1554918,1204008 1610367))
3308;POLYGON((8416832 4209338,8462001 4213457,8466907 4158197,8422003 4154102,8416832 4209338))
3112;POLYGON((294432 -3998797,339717 -4000059,338063 -4055473,292999 -4054218,294432 -3998797))
3577;POLYGON((475506 -3887482,520764 -3889431,518266 -3944893,473226 -3942953,475506 -3887482))
