4326;POLYGON((137.0 -29.75,137.5 -29.75,137.5 -30.25,137.0 -30.25,137.0 -29.75))
28348;POLYGON((3674539 6237585,3726638 6221254,3707604 6161585,3655908 6178036,3674539 6237585))
28349;POLYGON((3057475 6407767,3108353 6395307,3093805 6337000,3043269 6349565,3057475 6407767))
28350;POLYGON((2453720 6535219,2503590 6526085,2492898 6468920,2443327 6478137,2453720 6535219))
28351;POLYGON((1860507 6625380,1909612 6619190,1902331 6562898,1853495 6569147,1860507 6625380))
28352;POLYGON((1274792 6681964,1323392 6678467,1319229 6622756,1270879 6626288,1274792 6681964))
28353;POLYGON((693397 6707240,741760 6706297,740550 6650867,692429 6651819,693397 6707240))
28354;POLYGON((113085 6702207,161482 6703781,163178 6648325,115024 6646735,113085 6702207))
28355;POLYGON((-469391 6666666,-420690 6670819,-416022 6615032,-464469 6610838,-469391 6666666))
28356;POLYGON((-1057257 6599208,-1007985 6606106,-1000160 6549688,-1049157 6542725,-1057257 6599208))
28357;POLYGON((-1653657 6497108,-1603557 6507032,-1592257 6449695,-1642049 6439681,-1653657 6497108))
28358;POLYGON((-2261559 6356113,-2210394 6369483,-2195147 6310964,-2245956 6297484,-2261559 6356113))
3113;POLYGON((-1507865 -203707,-1458573 -196806,-1450745 -253246,-1499761 -260213,-1507865 -203707))
3111;POLYGON((1721193 3273342,1769765 3277305,1774158 3221658,1725879 3217719,1721193 3273342))
3107;POLYGON((1193125 2247124,1241398 2246119,1240118 2190807,1192100 2191808,1193125 2247124))
3308;POLYGON((8333336 4841643,8381532 4846155,8386569 4790922,8338637 4786435,8333336 4841643))
3112;POLYGON((286900 -3365331,334705 -3366568,333178 -3421363,285591 -3420132,286900 -3365331))
3577;POLYGON((478011 -3244647,525784 -3246611,523372 -3302612,475818 -3300657,478011 -3244647))
