4326;POLYGON((136.75 -15.75,137.25 -15.75,137.25 -16.25,136.75 -16.25,136.75 -15.75))
28348;POLYGON((4059303 7969082,4120756 7958644,4109690 7895104,4048497 7905819,4059303 7969082))
28349;POLYGON((3341153 8076399,3399757 8068632,3391512 8008045,3333117 8016024,3341153 8076399))
28350;POLYGON((2652446 8155020,2708915 8149437,2702975 8091068,2646681 8096806,2652446 8155020))
28351;POLYGON((1985214 8209659,2040173 8205938,2036196 8149143,1981389 8152968,1985214 8209659))
28352;POLYGON((1332388 8243369,1386401 8241308,1384170 8185508,1330297 8187627,1332388 8243369))
28353;POLYGON((687491 8257940,741081 8257432,740481 8202088,687025 8202611,687491 8257940))
28354;POLYGON((44365 8254124,98040 8255143,99041 8199735,45501 8198687,44365 8254124))
28355;POLYGON((-603073 8231726,-548805 8234324,-546152 8178327,-600278 8175656,-603073 8231726))
28356;POLYGON((-1261087 8189579,-1205689 8193893,-1201246 8136761,-1256485 8132327,-1261087 8189579))
28357;POLYGON((-1936364 8125403,-1879257 8131672,-1872779 8072812,-1929701 8066370,-1936364 8125403))
28358;POLYGON((-2636308 8035512,-2576839 8044107,-2567945 7982855,-2627190 7974028,-2636308 8035512))
3113;POLYGON((-1711774 1387284,-1656355 1391599,-1651910 1334445,-1707170 1330009,-1711774 1387284))
3111;POLYGON((1558422 4865399,1615357 4870195,1620147 4811479,1563521 4806709,1558422 4865399))
3107;POLYGON((1194419 3817464,1249961 3816436,1248768 3759153,1193491 3760177,1194419 3817464))
3308;POLYGON((8154663 6409701,8210367 6415050,8215745 6357589,8160317 6352267,8154663 6409701))
3112;POLYGON((296681 -1825631,350612 -1826919,349173 -1882559,295463 -1881276,296681 -1825631))
3577;POLYGON((512160 -1683468,566043 -1685578,563782 -1740553,510115 -1738452,512160 -1683468))
