4326;POLYGON((137.5 -27.5,138.0 -27.5,138.0 -28.0,137.5 -28.0,137.5 -27.5))
28348;POLYGON((3809309 6491762,3863317 6475702,3844983 6415159,3791368 6431369,3809309 6491762))
28349;POLYGON((3171367 6658900,3223855 6646672,3209874 6587800,3157716 6600154,3171367 6658900))
28350;POLYGON((2549807 6783991,2601064 6775019,2590780 6717515,2539808 6726586,2549807 6783991))
28351;POLYGON((1941038 6872796,1991371 6866675,1984324 6810207,1934246 6816398,1941038 6872796))
28352;POLYGON((1341346 6929227,1391066 6925693,1386952 6869918,1337468 6873494,1341346 6929227))
28353;POLYGON((746976 6955694,796396 6954598,795043 6899169,745850 6900278,746976 6955694))
28354;POLYGON((154171 6953301,203603 6954598,204956 6899169,155750 6897857,154171 6953301))
28355;POLYGON((-440824 6921951,-391066 6925693,-386952 6869918,-436474 6866131,-440824 6921951))
28356;POLYGON((-1041768 6860329,-991371 6866675,-984324 6810207,-1034465 6803787,-1041768 6860329))
28357;POLYGON((-1652413 6765793,-1601064 6775019,-1590780 6717515,-1641841 6708187,-1652413 6765793))
28358;POLYGON((-2276459 6634150,-2223855 6646672,-2209874 6587800,-2262143 6575150,-2276459 6634150))
3113;POLYGON((-1492370 57515,-1441953 63863,-1434903 7373,-1485064 951,-1492370 57515))
3111;POLYGON((1749938 3528451,1799849 3532260,1803970 3476313,1754353 3472527,1749938 3528451))
3107;POLYGON((1247165 2495262,1296586 2494004,1295047 2438600,1245882 2439852,1247165 2495262))
3308;POLYGON((8358834 5095068,8408243 5099454,8413027 5044054,8363883 5039691,8358834 5095068))
3112;POLYGON((341567 -3120252,390346 -3121708,388605 -3176413,340042 -3174963,341567 -3120252))
3577;POLYGON((536646 -2994464,585398 -2996660,582764 -3052691,534232 -3050505,536646 -2994464))
