4326;POLYGON((136.75 -16.0,137.25 -16.0,137.25 -16.5,136.75 -16.5,136.75 -16.0))
28348;POLYGON((4053939 7937437,4115263 7926860,4104039 7863377,4042978 7874228,4053939 7937437))
28349;POLYGON((3337165 8046204,3395664 8038330,3387298 7977776,3329011 7985860,3337165 8046204))
28350;POLYGON((2649585 8125909,2705967 8120248,2699939 8061896,2643734 8067711,2649585 8125909))
28351;POLYGON((1983315 8181312,2038200 8177539,2034162 8120751,1979433 8124628,1983315 8181312))
28352;POLYGON((1331350 8215498,1385294 8213408,1383030 8157609,1329227 8159757,1331350 8215498))
28353;POLYGON((687260 8230276,740783 8229760,740175 8174416,686787 8174945,687260 8230276))
28354;POLYGON((44929 8226406,98536 8227439,99553 8172030,46082 8170968,44929 8226406))
28355;POLYGON((-601686 8203690,-547488 8206325,-544795 8150331,-598849 8147623,-601686 8203690))
28356;POLYGON((-1258803 8160950,-1203484 8165325,-1198974 8108202,-1254132 8103708,-1258803 8160950))
28357;POLYGON((-1933058 8095881,-1876042 8102237,-1869468 8043397,-1926296 8036870,-1933058 8095881))
28358;POLYGON((-2631782 8004761,-2572425 8013471,-2563401 7952257,-2622531 7943316,-2631782 8004761))
3113;POLYGON((-1709490 1358644,-1654149 1363020,-1649637 1305875,-1704817 1301379,-1709490 1358644))
3111;POLYGON((1560973 4836033,1617754 4840816,1622538 4782183,1566065 4777427,1560973 4836033))
3107;POLYGON((1193955 3788805,1249364 3787779,1248172 3730560,1193028 3731581,1193955 3788805))
3308;POLYGON((8157491 6380967,8213057 6386302,8218430 6328910,8163138 6323601,8157491 6380967))
3112;POLYGON((296072 -1853465,349892 -1854750,348454 -1910346,294855 -1909067,296072 -1853465))
3577;POLYGON((511138 -1710949,564913 -1713055,562651 -1768072,509091 -1765975,511138 -1710949))
