4326;POLYGON((137.25 -29.5,137.75 -29.5,137.75 -30.0,137.25 -30.0,137.25 -29.5))
28348;POLYGON((3709903 6259328,3762258 6242884,3743139 6183072,3691188 6199639,3709903 6259328))
28349;POLYGON((3090018 6430737,3141114 6418182,3126492 6359772,3075738 6372435,3090018 6430737))
28350;POLYGON((2483861 6559266,2533917 6550045,2523151 6492809,2473393 6502116,2483861 6559266))
28351;POLYGON((1888586 6650454,1937851 6644178,1930490 6587843,1881493 6594180,1888586 6650454))
28352;POLYGON((1301084 6708091,1349824 6704503,1345567 6648772,1297077 6652396,1301084 6708091))
28353;POLYGON((718115 6734507,766603 6733464,765282 6678029,717035 6679083,718115 6734507))
28354;POLYGON((136387 6730751,184897 6732212,186460 6676765,138191 6675289,136387 6730751))
28355;POLYGON((-447407 6696677,-398598 6700699,-394090 6644929,-442647 6640865,-447407 6696677))
28356;POLYGON((-1036552 6630923,-987173 6637669,-979541 6581269,-1028647 6574458,-1036552 6630923))
28357;POLYGON((-1634263 6530818,-1584050 6540563,-1572982 6483240,-1622890 6473405,-1634263 6530818))
28358;POLYGON((-2243600 6392166,-2192308 6405326,-2177338 6346807,-2228278 6333536,-2243600 6392166))
3113;POLYGON((-1487151 -171979,-1437753 -165231,-1430118 -221653,-1479243 -228467,-1487151 -171979))
3111;POLYGON((1743205 3303193,1791933 3307040,1796182 3251355,1747746 3247531,1743205 3303193))
3107;POLYGON((1217838 2274312,1266237 2273192,1264829 2217876,1216686 2218991,1217838 2274312))
3308;POLYGON((8354846 4871547,8403185 4875955,8408091 4820698,8360016 4816314,8354846 4871547))
3112;POLYGON((311511 -3338537,359423 -3339871,357788 -3394650,310094 -3393321,311511 -3338537))
3577;POLYGON((503050 -3217596,550929 -3219659,548407 -3275664,500747 -3273611,503050 -3217596))
