4326;POLYGON((136.75 -21.75,137.25 -21.75,137.25 -22.25,136.75 -22.25,136.75 -21.75))
28348;POLYGON((3909765 7217600,3967681 7204172,3952999 7142148,3895415 7155790,3909765 7217600))
28349;POLYGON((3229479 7356338,3285212 7346255,3274172 7286554,3218712 7296807,3229479 7356338))
28350;POLYGON((2572090 7458759,2626142 7451464,2618135 7393563,2564314 7400985,2572090 7458759))
28351;POLYGON((1931791 7530323,1984632 7525439,1979246 7468843,1926610 7473814,1931791 7530323))
28352;POLYGON((1303144 7574631,1355214 7571919,1352185 7516158,1300304 7518920,1303144 7574631))
28353;POLYGON((680971 7593819,732695 7593150,731880 7537776,680338 7538458,680971 7593819))
28354;POLYGON((60252 7588792,112044 7590134,113405 7534706,61795 7533339,60252 7588792))
28355;POLYGON((-564001 7559314,-511722 7562731,-508122 7506804,-560208 7503326,-564001 7559314))
28356;POLYGON((-1196861 7503987,-1143667 7509641,-1137656 7452763,-1190638 7447009,-1196861 7503987))
28357;POLYGON((-1843601 7420099,-1789042 7428274,-1780322 7369970,-1834637 7361654,-1843601 7420099))
28358;POLYGON((-2509802 7303335,-2453399 7314461,-2441513 7254229,-2497626 7242919,-2509802 7303335))
3113;POLYGON((-1647524 701424,-1594309 707080,-1588295 650180,-1641297 644423,-1647524 701424))
3111;POLYGON((1618732 4171203,1672020 4175692,1676670 4118698,1623681 4114234,1618732 4171203))
3107;POLYGON((1183403 3137442,1235797 3136472,1234630 3080430,1182495 3081395,1183403 3137442))
3308;POLYGON((8221712 5728552,8274155 5733587,8279407 5677483,8227232 5672473,8221712 5728552))
3112;POLYGON((282171 -2488624,333464 -2489849,332045 -2544732,280970 -2543513,282171 -2488624))
3577;POLYGON((487436 -2348126,538718 -2350135,536425 -2405906,485361 -2403906,487436 -2348126))
