4326;POLYGON((137.25 -9.5,137.75 -9.5,137.75 -10.0,137.25 -10.0,137.25 -9.5))
28348;POLYGON((4231450 8761242,4295871 8754459,4288778 8689422,4224528 8696539,4231450 8761242))
28349;POLYGON((3481930 8830780,3542883 8825758,3537626 8764252,3476808 8769524,3481930 8830780))
28350;POLYGON((2767953 8881570,2826346 8877964,2822564 8819064,2764282 8822851,2767953 8881570))
28351;POLYGON((2079632 8916936,2136226 8914520,2133681 8857456,2077182 8859994,2079632 8916936))
28352;POLYGON((1408503 8939016,1463962 8937648,1462505 8881750,1407132 8883187,1408503 8939016))
28353;POLYGON((747017 8949067,801947 8948671,801497 8893330,746649 8893746,747017 8949067))
28354;POLYGON((88124 8947641,143101 8948196,143633 8892831,88738 8892247,88124 8947641))
28355;POLYGON((-575098 8934660,-519493 8936196,-517949 8880225,-573467 8878611,-575098 8934660))
28356;POLYGON((-1249789 8909407,-1192944 8912010,-1190302 8854820,-1247050 8852086,-1249789 8909407))
28357;POLYGON((-1943685 8870425,-1884921 8874249,-1881027 8815164,-1939676 8811148,-1943685 8870425))
28358;POLYGON((-2665552 8815316,-2604088 8820604,-2598694 8758842,-2660018 8753291,-2665552 8815316))
3113;POLYGON((-1700472 2107392,-1643604 2109996,-1640961 2052784,-1697732 2050049,-1700472 2107392))
3111;POLYGON((1554163 5620230,1615063 5625038,1619736 5563797,1559157 5559015,1554163 5620230))
3107;POLYGON((1265137 4544989,1324045 4543625,1322536 4484384,1263903 4485741,1265137 4544989))
3308;POLYGON((8141883 7146672,8201114 7152073,8206403 7092496,8147457 7087120,8141883 7146672))
3112;POLYGON((368835 -1122440,425563 -1124021,423860 -1181088,367358 -1179514,368835 -1122440))
3577;POLYGON((593956 -1006710,650486 -1009145,648069 -1062810,591749 -1060384,593956 -1006710))
