4326;POLYGON((137.25 -25.5,137.75 -25.5,137.75 -26.0,137.25 -26.0,137.25 -25.5))
28348;POLYGON((3850812 6742480,3906274 6727249,3889172 6666143,3834084 6681547,3850812 6742480))
28349;POLYGON((3197067 6900567,3250769 6889028,3237793 6829833,3184403 6841514,3197067 6900567))
28350;POLYGON((2562079 7018308,2614385 7009883,2604888 6952218,2552849 6960753,2562079 7018308))
28351;POLYGON((1941474 7101438,1992748 7095727,1986281 7039202,1935244 7044990,1941474 7101438))
28352;POLYGON((1330922 7153812,1381522 7150556,1377792 7094781,1327411 7098082,1330922 7153812))
28353;POLYGON((726156 7177773,776435 7176828,775279 7121418,725210 7122377,726156 7177773))
28354;POLYGON((122963 7174369,173272 7175693,174639 7120268,124542 7118924,122963 7174369))
28355;POLYGON((-482852 7143451,-432164 7147103,-428214 7091280,-478680 7087577,-482852 7143451))
28356;POLYGON((-1095515 7083661,-1044094 7089802,-1037387 7033197,-1088566 7026973,-1095515 7083661))
28357;POLYGON((-1719307 6992305,-1666793 7001217,-1657026 6943439,-1709266 6934413,-1719307 6992305))
28358;POLYGON((-2358574 6865100,-2304604 6877208,-2291312 6817867,-2344962 6805612,-2358574 6865100))
3113;POLYGON((-1546137 280934,-1494696 287078,-1487987 230450,-1539186 224224,-1546137 280934))
3111;POLYGON((1706680 3750868,1757760 3754900,1762052 3698649,1711268 3694640,1706680 3750868))
3107;POLYGON((1227077 2717830,1277528 2716663,1276114 2661098,1225919 2662260,1227077 2717830))
3308;POLYGON((8313364 5314713,8363824 5319315,8368759 5263730,8318564 5259152,8313364 5314713))
3112;POLYGON((322835 -2900771,372488 -2902154,370855 -2956858,321420 -2955481,322835 -2900771))
3577;POLYGON((521482 -2769324,571115 -2771463,568593 -2827463,519179 -2825334,521482 -2769324))
