4326;POLYGON((137.5 -39.5,138.0 -39.5,138.0 -40.0,137.5 -40.0,137.5 -39.5))
28348;POLYGON((3316685 5087515,3360485 5069579,3337021 5013133,3293669 5031074,3316685 5087515))
28349;POLYGON((2791851 5276766,2835514 5262759,2817156 5206445,2773893 5220470,2791851 5276766))
28350;POLYGON((2269220 5421549,2312674 5411073,2298907 5355003,2255816 5365500,2269220 5421549))
28351;POLYGON((1749160 5525994,1792405 5518751,1782840 5462935,1739931 5470198,1749160 5525994))
28352;POLYGON((1231332 5593089,1274416 5588871,1268783 5533255,1226018 5537486,1231332 5593089))
28353;POLYGON((714960 5624751,757959 5623437,756099 5567930,713411 5569248,714960 5624751))
28354;POLYGON((199037 5621884,242040 5623437,243900 5567930,201208 5566372,199037 5621884))
28355;POLYGON((-317511 5584406,-274416 5588871,-268783 5533255,-311558 5528777,-317511 5584406))
28356;POLYGON((-835666 5511247,-792405 5518751,-782840 5462935,-825763 5455412,-835666 5511247))
28357;POLYGON((-1356146 5400316,-1312674 5411073,-1298907 5355003,-1342013 5344224,-1356146 5400316))
28358;POLYGON((-1879193 5248441,-1835514 5262759,-1817156 5206445,-1860431 5192110,-1879193 5248441))
3113;POLYGON((-1286187 -1292092,-1242909 -1284586,-1233340 -1340423,-1276280 -1347950,-1286187 -1292092))
3111;POLYGON((1855047 2197032,1897963 2200307,1902046 2144886,1859420 2141633,1855047 2197032))
3107;POLYGON((1216374 1164958,1259639 1163857,1258087 1107978,1215081 1109073,1216374 1164958))
3308;POLYGON((8479814 3768407,8522871 3772230,8527675 3716609,8484884 3712810,8479814 3768407))
3112;POLYGON((304652 -4445351,348160 -4446649,346371 -4502866,303086 -4501574,304652 -4445351))
3577;POLYGON((479129 -4329663,522655 -4331623,520086 -4386296,476773 -4384346,479129 -4329663))
