4326;POLYGON((137.5 -20.0,138.0 -20.0,138.0 -20.5,137.5 -20.5,137.5 -20.0))
28348;POLYGON((4046402 7415906,4105780 7402826,4091630 7339967,4032574 7353288,4046402 7415906))
28349;POLYGON((3350470 7551021,3407386 7541198,3396746 7480936,3340092 7490948,3350470 7551021))
28350;POLYGON((2680306 7650964,2735332 7643828,2727586 7585568,2672780 7592845,2680306 7650964))
28351;POLYGON((2029371 7721320,2083030 7716487,2077760 7659681,2024293 7664613,2029371 7721320))
28352;POLYGON((1391667 7765780,1444443 7763001,1441380 7707144,1388780 7709980,1391667 7765780))
28353;POLYGON((761577 7786566,813926 7785705,812921 7730316,760740 7731194,761577 7786566))
28354;POLYGON((133705 7784688,186073 7785705,187078 7730316,134879 7729278,133705 7784688))
28355;POLYGON((-497274 7760058,-444443 7763001,-441380 7707144,-494035 7704140,-497274 7760058))
28356;POLYGON((-1136785 7711472,-1083030 7716487,-1077760 7659681,-1131321 7654566,-1136785 7711472))
28357;POLYGON((-1790496 7636486,-1735332 7643828,-1727586 7585568,-1782527 7578080,-1790496 7636486))
28358;POLYGON((-2464484 7531128,-2407386 7541198,-2396746 7480936,-2453578 7470673,-2464484 7531128))
3113;POLYGON((-1587424 908990,-1533648 914006,-1528376 857179,-1581957 852061,-1587424 908990))
3111;POLYGON((1682845 4378325,1737220 4382474,1741453 4325007,1687380 4320881,1682845 4378325))
3107;POLYGON((1266547 3332693,1319844 3331336,1318280 3275004,1265243 3276354,1266547 3332693))
3308;POLYGON((8282407 5933155,8335828 5937897,8340706 5881424,8287555 5876705,8282407 5933155))
3112;POLYGON((364469 -2298111,416520 -2299664,414768 -2354698,362936 -2353151,364469 -2298111))
3577;POLYGON((572746 -2156429,624778 -2158772,622166 -2214347,570352 -2212013,572746 -2156429))
