4326;POLYGON((137.0 -24.5,137.5 -24.5,137.5 -25.0,137.0 -25.0,137.0 -24.5))
28348;POLYGON((3855442 6872105,3911553 6857405,3895172 6796080,3839423 6810964,3855442 6872105))
28349;POLYGON((3194659 7024458,3248901 7013355,3236509 6954048,3182567 6965301,3194659 7024458))
28350;POLYGON((2553684 7137572,2606459 7129493,2597421 7071785,2544903 7079978,2553684 7137572))
28351;POLYGON((1927761 7217093,1979460 7211647,1973338 7155117,1921867 7160644,1927761 7217093))
28352;POLYGON((1312256 7266795,1363261 7263728,1359771 7207966,1308977 7211079,1312256 7266795))
28353;POLYGON((702655 7288947,753338 7288121,752326 7232724,701845 7233563,702655 7288947))
28354;POLYGON((94525 7284538,145254 7285917,146673 7230487,96148 7229088,94525 7284538))
28355;POLYGON((-516547 7253373,-465404 7257018,-461490 7201157,-512419 7197458,-516547 7253373))
28356;POLYGON((-1135018 7194052,-1083086 7200128,-1076501 7143431,-1128199 7137267,-1135018 7194052))
28357;POLYGON((-1765438 7103835,-1712333 7112627,-1702771 7054682,-1755608 7045767,-1765438 7103835))
28358;POLYGON((-2412481 6978377,-2357809 6990318,-2344802 6930704,-2399160 6918605,-2412481 6978377))
3113;POLYGON((-1585656 391368,-1533704 397446,-1527116 340727,-1578834 334561,-1585656 391368))
3111;POLYGON((1671656 3861453,1723316 3865668,1727771 3809246,1676406 3805055,1671656 3861453))
3107;POLYGON((1203910 2829626,1254879 2828564,1253591 2772893,1202879 2773949,1203910 2829626))
3308;POLYGON((8277457 5423599,8328439 5428371,8333518 5372676,8282802 5367929,8277457 5423599))
3112;POLYGON((300620 -2790693,350711 -2791989,349187 -2846720,299313 -2845430,300620 -2790693))
3577;POLYGON((501047 -2656362,551122 -2658421,548711 -2714384,498855 -2712334,501047 -2656362))
