4326;POLYGON((136.75 -36.5,137.25 -36.5,137.25 -37.0,136.75 -37.0,136.75 -36.5))
28348;POLYGON((3381361 5455668,3427774 5438401,3406074 5380986,3360094 5398293,3381361 5455668))
28349;POLYGON((2827296 5636868,2873259 5623525,2856459 5566624,2810877 5580011,2827296 5636868))
28350;POLYGON((2278629 5773966,2324154 5764106,2311705 5707726,2266522 5717627,2278629 5773966))
28351;POLYGON((1734806 5871469,1779965 5864770,1771463 5808832,1726619 5815562,1734806 5871469))
28352;POLYGON((1194674 5932547,1239579 5928792,1234753 5873165,1190145 5876938,1194674 5932547))
28353;POLYGON((656728 5959167,701514 5958237,700210 5902761,655714 5903696,656728 5959167))
28354;POLYGON((119287 5952184,164097 5954047,166273 5898549,121755 5896676,119287 5952184))
28355;POLYGON((-419371 5911372,-374395 5916089,-368669 5860399,-413342 5855658,-419371 5911372))
28356;POLYGON((-960874 5835423,-915604 5843146,-906146 5787108,-951093 5779350,-960874 5835423))
28357;POLYGON((-1506603 5721880,-1460937 5732860,-1447443 5676354,-1492755 5665332,-1506603 5721880))
28358;POLYGON((-2057496 5567036,-2011380 5581632,-1993412 5524598,-2039131 5509957,-2057496 5567036))
3113;POLYGON((-1411444 -967791,-1366156 -960064,-1356694 -1016124,-1401659 -1023885,-1411444 -967791))
3111;POLYGON((1761881 2523476,1806514 2527235,1811025 2471940,1766683 2468205,1761881 2523476))
3107;POLYGON((1156880 1500260,1201697 1499431,1200541 1443900,1155980 1444725,1156880 1500260))
3308;POLYGON((8382556 4094554,8427176 4098838,8432352 4043542,8387996 4039283,8382556 4094554))
3112;POLYGON((246715 -4108650,291563 -4109721,290125 -4165312,245498 -4164247,246715 -4108650))
3577;POLYGON((426118 -3996590,470948 -3998345,468674 -4053654,424060 -4051907,426118 -3996590))
