4326;POLYGON((138.25 -12.75,138.75 -12.75,138.75 -13.25,138.25 -13.25,138.25 -12.75))
28348;POLYGON((4307020 8324094,4370814 8314763,4361016 8249653,4297454 8259308,4307020 8324094))
28349;POLYGON((3564242 8420048,3624677 8413095,3617370 8351431,3557117 8358630,3564242 8420048))
28350;POLYGON((2856120 8490672,2914042 8485632,2908735 8426549,2850963 8431770,2856120 8490672))
28351;POLYGON((2173394 8540486,2229520 8537049,2225887 8479816,2169890 8483377,2173394 8540486))
28352;POLYGON((1508061 8572436,1563020 8570405,1560855 8514381,1506011 8516485,1508061 8572436))
28353;POLYGON((852955 8588299,907322 8587565,906505 8532165,852248 8532925,852955 8588299))
28354;POLYGON((201386 8588928,255707 8589451,256197 8534119,201984 8533577,201386 8588928))
28355;POLYGON((-453173 8574354,-398352 8576163,-396531 8520347,-451238 8518473,-453173 8574354))
28356;POLYGON((-1117389 8543800,-1061499 8546991,-1058249 8490117,-1114012 8486810,-1117389 8543800))
28357;POLYGON((-1798374 8495568,-1740798 8500323,-1735935 8441767,-1793365 8436842,-1798374 8495568))
28358;POLYGON((-2504046 8426826,-2444084 8433432,-2437315 8372488,-2497101 8365648,-2504046 8426826))
3113;POLYGON((-1568020 1741642,-1512108 1744835,-1508857 1687939,-1564642 1684631,-1568020 1741642))
3111;POLYGON((1703989 5235257,1762864 5239283,1766802 5179393,1708241 5175388,1703989 5235257))
3107;POLYGON((1371454 4160132,1428580 4158281,1426562 4100167,1369705 4102009,1371454 4160132))
3308;POLYGON((8292615 6773125,8350057 6777809,8354682 6719363,8297520 6714701,8292615 6773125))
3112;POLYGON((469817 -1494338,525065 -1496317,522939 -1552540,467915 -1550569,469817 -1494338))
3577;POLYGON((689830 -1362634,744967 -1365442,742092 -1419818,687167 -1417021,689830 -1362634))
