4326;POLYGON((138.5 -15.5,139.0 -15.5,139.0 -16.0,138.5 -16.0,138.5 -15.5))
28348;POLYGON((4281341 7963615,4343914 7952428,4332068 7887807,4269770 7899295,4281341 7963615))
28349;POLYGON((3551485 8078920,3610949 8070548,3602075 8009143,3542830 8017746,3551485 8078920))
28350;POLYGON((2853888 8164143,2911001 8158048,2904529 8099081,2847596 8105348,2853888 8164143))
28351;POLYGON((2180167 8224537,2235584 8220358,2231129 8163157,2175868 8167455,2180167 8224537))
28352;POLYGON((1522958 8263555,1577261 8261061,1574578 8205025,1520415 8207591,1522958 8263555))
28353;POLYGON((875589 8283302,929315 8282361,928263 8226939,874669 8227907,875589 8283302))
28354;POLYGON((231792 8284806,285455 8285369,285979 8230034,232448 8229454,231792 8284806))
28355;POLYGON((-414553 8268144,-360443 8270241,-358315 8214469,-412287 8212312,-414553 8268144))
28356;POLYGON((-1069673 8232453,-1014587 8236193,-1010745 8179444,-1065680 8175597,-1069673 8232453))
28357;POLYGON((-1740153 8175820,-1683522 8181407,-1677757 8123100,-1734215 8117354,-1740153 8175820))
28358;POLYGON((-2433220 8095044,-2374410 8102804,-2366389 8042292,-2424992 8034317,-2433220 8095044))
3113;POLYGON((-1520285 1430174,-1465178 1433915,-1461334 1377144,-1516291 1373296,-1520285 1430174))
3111;POLYGON((1755784 4910327,1812952 4914086,1816668 4855205,1759809 4851467,1755784 4910327))
3107;POLYGON((1389718 3841422,1445368 3839490,1443245 3782169,1387860 3784092,1389718 3841422))
3308;POLYGON((8347382 6456068,8403306 6460493,8407726 6402881,8352079 6398477,8347382 6456068))
3112;POLYGON((486411 -1803231,540430 -1805274,538214 -1860933,484417 -1858899,486411 -1803231))
3577;POLYGON((702107 -1664332,756063 -1667186,753052 -1722082,699311 -1719240,702107 -1664332))
