4326;POLYGON((138.0 -34.25,138.5 -34.25,138.5 -34.75,138.0 -34.75,138.0 -34.25))
28348;POLYGON((3595610 5672602,3644095 5654692,3622202 5596378,3574156 5614353,3595610 5672602))
28349;POLYGON((3018342 5860631,3066130 5846769,3049156 5789247,3001747 5803175,3018342 5860631))
28350;POLYGON((2449138 6003546,2496286 5993223,2483613 5936448,2436801 5946829,2449138 6003546))
28351;POLYGON((1886894 6106534,1933520 6099378,1924697 6043221,1878376 6050421,1886894 6106534))
28352;POLYGON((1329941 6173257,1376199 6169016,1370917 6113300,1324944 6117568,1329941 6173257))
28353;POLYGON((776275 6206051,822341 6204578,820419 6149097,774629 6150580,776275 6206051))
28354;POLYGON((223724 6206051,269781 6207296,271153 6151833,225370 6150580,223724 6206051))
28355;POLYGON((-329941 6173257,-283705 6177262,-278993 6121600,-324944 6117568,-329941 6173257))
28356;POLYGON((-886894 6106534,-840305 6113438,-832090 6057369,-878376 6050421,-886894 6106534))
28357;POLYGON((-1449138 6003546,-1402038 6013594,-1390034 5956932,-1436801 5946829,-1449138 6003546))
28358;POLYGON((-2018342 5860631,-1970611 5874182,-1954391 5816790,-2001747 5803175,-2018342 5860631))
3113;POLYGON((-1337435 -696574,-1290828 -689666,-1282610 -745758,-1328914 -752708,-1337435 -696574))
3111;POLYGON((1855153 2781469,1901140 2784735,1904927 2729355,1859231 2726110,1855153 2781469))
3107;POLYGON((1275842 1747173,1321800 1745790,1320006 1690435,1274304 1691811,1275842 1747173))
3308;POLYGON((8472667 4353520,8518525 4357371,8523030 4302128,8477436 4298300,8472667 4353520))
3112;POLYGON((366758 -3862563,412584 -3864113,410606 -3919330,364999 -3917787,366758 -3862563))
3577;POLYGON((549920 -3751523,595708 -3753765,592876 -3809384,547305 -3807152,549920 -3751523))
