4326;POLYGON((137.75 -30.25,138.25 -30.25,138.25 -30.75,137.75 -30.75,137.75 -30.25))
28348;POLYGON((3733491 6153228,3785342 6136244,3765454 6076566,3714017 6093664,3733491 6153228))
28349;POLYGON((3119106 6330605,3169777 6317587,3154508 6259228,3104190 6272348,3119106 6330605))
28350;POLYGON((2517710 6464213,2567390 6454600,2556087 6397366,2506715 6407061,2517710 6464213))
28351;POLYGON((1926768 6559684,1975682 6553080,1967882 6496721,1919243 6503386,1926768 6559684))
28352;POLYGON((1343415 6620908,1391811 6617046,1387202 6561286,1339061 6565185,1343415 6620908))
28353;POLYGON((764614 6650311,812749 6649040,811151 6593588,763262 6594871,764614 6650311))
28354;POLYGON((187250 6649040,235385 6650311,236737 6594871,188848 6593588,187250 6649040))
28355;POLYGON((-391811 6617046,-343415 6620908,-339061 6565185,-387202 6561286,-391811 6617046))
28356;POLYGON((-975682 6553080,-926768 6559684,-919243 6503386,-967882 6496721,-975682 6553080))
28357;POLYGON((-1567390 6454600,-1517710 6464213,-1506715 6407061,-1556087 6397366,-1567390 6454600))
28358;POLYGON((-2169777 6317587,-2119106 6330605,-2104190 6272348,-2154508 6259228,-2169777 6317587))
3113;POLYGON((-1426258 -249853,-1377325 -243246,-1369797 -299566,-1418454 -306234,-1426258 -249853))
3111;POLYGON((1798305 3223532,1846613 3227091,1850564 3171461,1802548 3167924,1798305 3223532))
3107;POLYGON((1264125 2190224,1312134 2188890,1310470 2133600,1262717 2134926,1264125 2190224))
3308;POLYGON((8410543 4793079,8458506 4797221,8463144 4741974,8415446 4737854,8410543 4793079))
3112;POLYGON((356970 -3422049,404549 -3423564,402694 -3478380,355334 -3476872,356970 -3422049))
3577;POLYGON((547146 -3303659,594687 -3305894,591947 -3361858,544625 -3359634,547146 -3303659))
