4326;POLYGON((138.5 -11.5,139.0 -11.5,139.0 -12.0,138.5 -12.0,138.5 -11.5))
28348;POLYGON((4361538 8482268,4426041 8473664,4417029 8408127,4352740 8417069,4361538 8482268))
28349;POLYGON((3611301 8570703,3672291 8564297,3665575 8502354,3604753 8509016,3611301 8570703))
28350;POLYGON((2897283 8635788,2955649 8631142,2950769 8571884,2892541 8576718,2897283 8635788))
28351;POLYGON((2209774 8681772,2266265 8678594,2262915 8621259,2206542 8624566,2209774 8681772))
28352;POLYGON((1540453 8711419,1595720 8709525,1593706 8653451,1538544 8655423,1540453 8711419))
28353;POLYGON((881914 8726406,936551 8725692,935762 8670280,881224 8671023,881914 8726406))
28354;POLYGON((227280 8727547,281847 8727975,282241 8672655,227772 8672210,227280 8727547))
28355;POLYGON((-430138 8714903,-375082 8716495,-373486 8660706,-428438 8659049,-430138 8714903))
28356;POLYGON((-1097167 8687790,-1041041 8690633,-1038153 8633788,-1094166 8630830,-1097167 8687790))
28357;POLYGON((-1781097 8644688,-1723266 8648945,-1718924 8590407,-1776623 8585978,-1781097 8644688))
28358;POLYGON((-2490066 8583035,-2429809 8588967,-2423748 8528012,-2483845 8521842,-2490066 8583035))
3113;POLYGON((-1547790 1885689,-1491642 1888533,-1488754 1831666,-1544788 1828706,-1547790 1885689))
3111;POLYGON((1723126 5387899,1782803 5391822,1786616 5331410,1727256 5327507,1723126 5387899))
3107;POLYGON((1404750 4305237,1462547 4303230,1460379 4244717,1402853 4246715,1404750 4305237))
3308;POLYGON((8309359 6922336,8367515 6926938,8372033 6868051,8314160 6863471,8309359 6922336))
3112;POLYGON((502496 -1354219,558301 -1356329,556051 -1412844,500471 -1410742,502496 -1354219))
3577;POLYGON((724299 -1228522,779961 -1231466,776994 -1285569,721544 -1282636,724299 -1228522))
