4326;POLYGON((138.25 -10.75,138.75 -10.75,138.75 -11.25,138.25 -11.25,138.25 -10.75))
28348;POLYGON((4341786 8584213,4406425 8576222,4398064 8510712,4333624 8519044,4341786 8584213))
28349;POLYGON((3590099 8666287,3651200 8660346,3644978 8598449,3584033 8604646,3590099 8666287))
28350;POLYGON((2874817 8726583,2933285 8722283,2928774 8663075,2870434 8667562,2874817 8726583))
28351;POLYGON((2186089 8769056,2242682 8766127,2239597 8708837,2183114 8711894,2186089 8769056))
28352;POLYGON((1515486 8796273,1570865 8794544,1569027 8738504,1513747 8740309,1515486 8796273))
28353;POLYGON((855516 8809780,910280 8809155,909587 8753760,854917 8754412,855516 8809780))
28354;POLYGON((199220 8810315,253937 8810761,254352 8755436,199728 8754971,199220 8810315))
28355;POLYGON((-460181 8797907,-404945 8799447,-403400 8743623,-458539 8742015,-460181 8797907))
28356;POLYGON((-1129621 8771879,-1073275 8774599,-1070515 8717681,-1126755 8714842,-1129621 8771879))
28357;POLYGON((-1816533 8730760,-1758428 8734815,-1754295 8676154,-1812276 8671921,-1816533 8730760))
28358;POLYGON((-2529249 8672078,-2468645 8677721,-2462884 8616576,-2523337 8610688,-2529249 8672078))
3113;POLYGON((-1580257 1969811,-1523889 1972531,-1521128 1915591,-1577390 1912751,-1580257 1969811))
3111;POLYGON((1686834 5476792,1746979 5480905,1750971 5420181,1691145 5416089,1686834 5476792))
3107;POLYGON((1378500 4394249,1436709 4392362,1434668 4333589,1376731 4335466,1378500 4394249))
3308;POLYGON((8272850 7008549,8331418 7013325,8336099 6954177,8277814 6949424,8272850 7008549))
3112;POLYGON((477467 -1268217,533614 -1270228,531470 -1326939,475548 -1324936,477467 -1268217))
3577;POLYGON((700429 -1146164,756413 -1149015,753560 -1202954,697787 -1200114,700429 -1146164))
