4326;POLYGON((138.5 -23.75,139.0 -23.75,139.0 -24.25,138.5 -24.25,138.5 -23.75))
28348;POLYGON((4049460 6919859,4106665 6904445,4089588 6842297,4032757 6857913,4049460 6919859))
28349;POLYGON((3376896 7079923,3432030 7068228,3419055 7008301,3364228 7020162,3376896 7079923))
28350;POLYGON((2726353 7199647,2779850 7191045,2770286 7132891,2717050 7141621,2726353 7199647))
28351;POLYGON((2092735 7285220,2145011 7279280,2138381 7222455,2086333 7228486,2092735 7285220))
28352;POLYGON((1471137 7340823,1522594 7337261,1518582 7281334,1467333 7284951,1471137 7340823))
28353;POLYGON((856824 7369058,907851 7367711,906274 7312263,855445 7313631,856824 7369058))
28354;POLYGON((245178 7371211,296158 7372018,296945 7316638,246162 7315819,245178 7371211))
28355;POLYGON((-368371 7347379,-317057 7350376,-313872 7294655,-364981 7291611,-368371 7347379))
28356;POLYGON((-988430 7296480,-936396 7301804,-930667 7245326,-982479 7239919,-988430 7296480))
28357;POLYGON((-1619710 7216146,-1566557 7224048,-1558015 7166386,-1610917 7158365,-1619710 7216146))
28358;POLYGON((-2267083 7102483,-2212398 7113355,-2200625 7054069,-2255016 7043042,-2267083 7102483))
3113;POLYGON((-1439011 493836,-1386956 499162,-1381225 442662,-1433057 437253,-1439011 493836))
3111;POLYGON((1820896 3958164,1873063 3961594,1876637 3904962,1824768 3901552,1820896 3958164))
3107;POLYGON((1359510 2909327,1410846 2907544,1408782 2851809,1357703 2853582,1359510 2909327))
3308;POLYGON((8423641 5520924,8475087 5524995,8479374 5469130,8428195 5465079,8423641 5520924))
3112;POLYGON((453818 -2713067,504217 -2714973,502038 -2769711,451857 -2767813,453818 -2713067))
3577;POLYGON((655517 -2579266,705892 -2581930,702827 -2637818,652670 -2635166,655517 -2579266))
