4326;POLYGON((138.25 -25.0,138.75 -25.0,138.75 -25.5,138.25 -25.5,138.25 -25.0))
28348;POLYGON((3979110 6773123,4035283 6757390,4017689 6695760,3961898 6711678,3979110 6773123))
28349;POLYGON((3317677 6936646,3371963 6924690,3358574 6865100,3304604 6877208,3317677 6936646))
28350;POLYGON((2676393 7059048,2729176 7050255,2719307 6992305,2666793 7001217,2676393 7059048))
28351;POLYGON((2050682 7146432,2102340 7140376,2095515 7083661,2044094 7089802,2050682 7146432))
28352;POLYGON((1436043 7202932,1486948 7199332,1482852 7143451,1432164 7147103,1436043 7202932))
28353;POLYGON((828070 7231117,878586 7229811,877036 7174369,826727 7175693,828070 7231117))
28354;POLYGON((222429 7232235,272915 7233167,273843 7177773,223564 7176828,222429 7232235))
28355;POLYGON((-385184 7206337,-334369 7209547,-330922 7153812,-381522 7150556,-385184 7206337))
28356;POLYGON((-999100 7152275,-947593 7157907,-941474 7101438,-992748 7095727,-999100 7152275))
28357;POLYGON((-1623718 7067599,-1571149 7075911,-1562079 7018308,-1614385 7009883,-1623718 7067599))
28358;POLYGON((-2263530 6948318,-2209521 6959709,-2197067 6900567,-2250769 6889028,-2263530 6948318))
3113;POLYGON((-1449685 349575,-1398158 355209,-1392036 298718,-1443330 293005,-1449685 349575))
3111;POLYGON((1804857 3815026,1856272 3818542,1859979 3762160,1808860 3758664,1804857 3815026))
3107;POLYGON((1329648 2770868,1380344 2769225,1378413 2713627,1327974 2715262,1329648 2770868))
3308;POLYGON((8409633 5379342,8460402 5383482,8464809 5327793,8414307 5323675,8409633 5379342))
3112;POLYGON((423986 -2849027,473845 -2850813,471776 -2905513,422135 -2903735,423986 -2849027))
3577;POLYGON((623479 -2717824,673313 -2720362,670354 -2776321,620739 -2773795,623479 -2717824))
