4326;POLYGON((138.25 -34.75,138.75 -34.75,138.75 -35.25,138.25 -35.25,138.25 -34.75))
28348;POLYGON((3598172 5605411,3646245 5587254,3623922 5529090,3576292 5547305,3598172 5605411))
28349;POLYGON((3025445 5796250,3072880 5782165,3055532 5724725,3008481 5738872,3025445 5796250))
28350;POLYGON((2460201 5941673,2507036 5931152,2494047 5874414,2447552 5884989,2460201 5941673))
28351;POLYGON((1901532 6046853,1947870 6039526,1938785 5983378,1892756 5990747,1901532 6046853))
28352;POLYGON((1347928 6115464,1393912 6111077,1388420 6055355,1342725 6059769,1347928 6115464))
28353;POLYGON((797523 6149867,843317 6148271,841231 6092782,795716 6094388,797523 6149867))
28354;POLYGON((248262 6151235,294042 6152374,295292 6096911,249791 6095765,248262 6151235))
28355;POLYGON((-301966 6119613,-256026 6123527,-251398 6067882,-297051 6063944,-301966 6119613))
28356;POLYGON((-855229 6053926,-808960 6060748,-800797 6004724,-846761 5997862,-855229 6053926))
28357;POLYGON((-1413412 5951915,-1366668 5961881,-1354691 5905304,-1401100 5895285,-1413412 5951915))
28358;POLYGON((-1978063 5810021,-1930733 5823481,-1914526 5766224,-1961480 5752703,-1978063 5810021))
3113;POLYGON((-1305757 -749202,-1259470 -742377,-1251305 -798423,-1297286 -805288,-1305757 -749202))
3111;POLYGON((1882077 2727762,1927780 2730888,1931421 2675512,1886008 2672406,1882077 2727762))
3107;POLYGON((1297156 1691150,1342855 1689668,1340932 1634291,1295489 1635764,1297156 1691150))
3308;POLYGON((8500231 4300241,8545834 4303960,8550208 4248689,8504869 4244992,8500231 4300241))
3112;POLYGON((387803 -3918535,433407 -3920169,431316 -3975453,385933 -3973827,387803 -3918535))
3577;POLYGON((570092 -3808246,615658 -3810566,612721 -3866114,567372 -3863805,570092 -3808246))
