4326;POLYGON((138.25 -30.25,138.75 -30.25,138.75 -30.75,138.25 -30.75,138.25 -30.25))
28348;POLYGON((3785342 6136244,3837299 6118898,3816990 6059104,3765454 6076566,3785342 6136244))
28349;POLYGON((3169777 6317587,3220540 6304263,3204914 6245800,3154508 6259228,3169777 6317587))
28350;POLYGON((2567390 6454600,2617143 6444722,2605530 6387402,2556087 6397366,2567390 6454600))
28351;POLYGON((1975682 6553080,2024651 6546236,2016573 6489815,1967882 6496721,1975682 6553080))
28352;POLYGON((1391811 6617046,1440241 6612963,1435374 6557164,1387202 6561286,1391811 6617046))
28353;POLYGON((812749 6649040,860896 6647557,859051 6592090,811151 6593588,812749 6649040))
28354;POLYGON((235385 6650311,283511 6651369,284616 6595940,236737 6594871,235385 6650311))
28355;POLYGON((-343415 6620908,-295050 6624550,-290952 6568861,-339061 6565185,-343415 6620908))
28356;POLYGON((-926768 6559684,-877906 6566052,-870656 6509813,-919243 6503386,-926768 6559684))
28357;POLYGON((-1517710 6464213,-1468104 6473561,-1457413 6416491,-1506715 6407061,-1517710 6464213))
28358;POLYGON((-2119106 6330605,-2068526 6343320,-2053957 6285164,-2104190 6272348,-2119106 6330605))
3113;POLYGON((-1377325 -243246,-1328444 -236876,-1321190 -293137,-1369797 -299566,-1377325 -243246))
3111;POLYGON((1846613 3227091,1894940 3230395,1898599 3174746,1850564 3171461,1846613 3227091))
3107;POLYGON((1312134 2188890,1360137 2187335,1358217 2132052,1310470 2133600,1312134 2188890))
3308;POLYGON((8458506 4797221,8506488 4801134,8510862 4745865,8463144 4741974,8458506 4797221))
3112;POLYGON((404549 -3423564,452122 -3425268,450049 -3480076,402694 -3478380,404549 -3423564))
3577;POLYGON((594687 -3305894,642220 -3308314,639260 -3364268,591947 -3361858,594687 -3305894))
