4326;POLYGON((137.75 -20.0,138.25 -20.0,138.25 -20.5,137.75 -20.5,137.75 -20.0))
28348;POLYGON((4076062 7409404,4135557 7396172,4121244 7333191,4062074 7346666,4076062 7409404))
28349;POLYGON((3378905 7546140,3435912 7536194,3425139 7475836,3368397 7485973,3378905 7546140))
28350;POLYGON((2707802 7647422,2762897 7640183,2755039 7581850,2700166 7589232,2707802 7647422))
28351;POLYGON((2056189 7718926,2109896 7714002,2104529 7657147,2051015 7662170,2056189 7718926))
28352;POLYGON((1418048 7764411,1470851 7761550,1467701 7705663,1415074 7708583,1418048 7764411))
28353;POLYGON((787749 7786155,840107 7785217,839018 7729817,786828 7730775,787749 7786155))
28354;POLYGON((159892 7785217,212250 7786155,213171 7730775,160981 7729817,159892 7785217))
28355;POLYGON((-470851 7761550,-418048 7764411,-415074 7708583,-467701 7705663,-470851 7761550))
28356;POLYGON((-1109896 7714002,-1056189 7718926,-1051015 7662170,-1104529 7657147,-1109896 7714002))
28357;POLYGON((-1762897 7640183,-1707802 7647422,-1700166 7589232,-1755039 7581850,-1762897 7640183))
28358;POLYGON((-2435912 7536194,-2378905 7546140,-2368397 7485973,-2425139 7475836,-2435912 7536194))
3113;POLYGON((-1560524 911521,-1506796 916447,-1501621 859669,-1555155 854643,-1560524 911521))
3111;POLYGON((1710030 4380435,1764416 4384441,1768498 4326963,1714414 4322979,1710030 4380435))
3107;POLYGON((1293197 3332045,1346490 3330565,1344795 3274237,1291762 3275710,1293197 3332045))
3308;POLYGON((8309115 5935558,8362547 5940173,8367290 5883688,8314128 5879096,8309115 5935558))
3112;POLYGON((390496 -2298862,442543 -2300519,440681 -2355549,388853 -2353898,390496 -2298862))
3577;POLYGON((598763 -2157575,650790 -2160020,648069 -2215590,596260 -2213155,598763 -2157575))
