4326;POLYGON((138.5 -31.5,139.0 -31.5,139.0 -32.0,138.5 -32.0,138.5 -31.5))
28348;POLYGON((3760619 5978607,3811563 5960800,3790448 5901406,3739936 5919313,3760619 5978607))
28349;POLYGON((3156157 6165142,3206061 6151411,3189754 6093182,3140217 6107005,3156157 6165142))
28350;POLYGON((2563320 6306618,2612325 6296397,2600157 6239198,2551474 6249496,2563320 6306618))
28351;POLYGON((1980100 6408767,2028392 6401649,2019883 6345272,1971879 6352449,1980100 6408767))
28352;POLYGON((1404047 6475599,1451842 6471307,1446664 6415510,1399136 6419839,1404047 6475599))
28353;POLYGON((832469 6509673,879998 6508045,877956 6452565,830684 6454207,832469 6509673))
28354;POLYGON((262554 6512275,310053 6513250,311072 6457816,263828 6456832,262554 6512275))
28355;POLYGON((-308548 6483503,-260841 6487117,-256725 6431456,-304168 6427810,-308548 6483503))
28356;POLYGON((-883664 6422272,-835517 6428663,-828148 6372508,-876013 6366065,-883664 6422272))
28357;POLYGON((-1465511 6326246,-1416704 6335659,-1405801 6278759,-1454297 6269274,-1465511 6326246))
28358;POLYGON((-2056591 6191672,-2006927 6204478,-1992063 6146612,-2041373 6133716,-2056591 6191672))
3113;POLYGON((-1334203 -380712,-1286038 -374319,-1278666 -430495,-1326550 -436941,-1334203 -380712))
3111;POLYGON((1880281 3089761,1927886 3092891,1931391 3037341,1884078 3034231,1880281 3089761))
3107;POLYGON((1331657 2049934,1379017 2048290,1376969 1993020,1329866 1994656,1331657 2049934))
3308;POLYGON((8493758 4661091,8541088 4664836,8545327 4609591,8498261 4605866,8493758 4661091))
3112;POLYGON((423425 -3561489,470449 -3563267,468263 -3618166,421458 -3616396,423425 -3561489))
3577;POLYGON((611333 -3446929,658313 -3449413,655249 -3505287,608487 -3502814,611333 -3446929))
