4326;POLYGON((138.25 -32.25,138.75 -32.25,138.75 -32.75,138.25 -32.75,138.25 -32.25))
28348;POLYGON((3704392 5898572,3754647 5880801,3733406 5821729,3683583 5839589,3704392 5898572))
28349;POLYGON((3107527 6084794,3156841 6071084,3140427 6013072,3091483 6026867,3107527 6084794))
28350;POLYGON((2521255 6226022,2569746 6215825,2557507 6158760,2509341 6169029,2521255 6226022))
28351;POLYGON((1943815 6327810,1991650 6320729,1983116 6264427,1935573 6271562,1943815 6327810))
28352;POLYGON((1372970 6394048,1420348 6389817,1415199 6334052,1368092 6338317,1372970 6394048))
28353;POLYGON((806215 6427215,853352 6425677,851398 6370201,804523 6371752,806215 6427215))
28354;POLYGON((240911 6428533,288030 6429631,289200 6374187,242343 6373080,240911 6428533))
28355;POLYGON((-325620 6398051,-278297 6401825,-273959 6346156,-321013 6342351,-325620 6398051))
28356;POLYGON((-896026 6334645,-848281 6341235,-840618 6285090,-888075 6278449,-896026 6334645))
28357;POLYGON((-1472826 6235947,-1424458 6245602,-1413183 6188747,-1461233 6179024,-1472826 6235947))
28358;POLYGON((-2058286 6098193,-2009119 6111284,-1993802 6053523,-2042608 6040349,-2058286 6098193))
3113;POLYGON((-1346571 -468374,-1298807 -461781,-1291141 -517948,-1338616 -524592,-1346571 -468374))
3111;POLYGON((1862398 3004836,1909558 3008061,1913206 2952573,1866338 2949368,1862398 3004836))
3107;POLYGON((1305480 1967749,1352459 1966227,1350539 1910944,1303816 1912459,1305480 1967749))
3308;POLYGON((8477053 4576315,8523977 4580141,8528348 4524914,8481688 4521109,8477053 4576315))
3112;POLYGON((397123 -3643054,443823 -3644727,441744 -3699701,395263 -3698036,397123 -3643054))
3577;POLYGON((583735 -3529578,630392 -3531954,627440 -3587776,581002 -3585411,583735 -3529578))
