4326;POLYGON((137.75 -28.25,138.25 -28.25,138.25 -28.75,137.75 -28.75,137.75 -28.25))
28348;POLYGON((3808996 6393135,3862477 6376676,3843563 6316312,3790485 6332912,3808996 6393135))
28349;POLYGON((3176797 6564646,3228842 6552083,3214382 6493302,3162675 6505985,3176797 6564646))
28350;POLYGON((2560153 6693375,2611025 6684127,2600355 6626658,2549776 6636002,2560153 6693375))
28351;POLYGON((1955775 6785124,2005756 6778783,1998408 6722317,1948688 6728727,1955775 6785124))
28352;POLYGON((1360183 6843857,1409566 6840155,1405231 6784367,1356088 6788112,1360183 6843857))
28353;POLYGON((769817 6872036,818902 6870819,817400 6815378,768547 6816610,769817 6872036))
28354;POLYGON((181097 6870819,230182 6872036,231452 6816610,182599 6815378,181097 6870819))
28355;POLYGON((-409566 6840155,-360183 6843857,-356088 6788112,-405231 6784367,-409566 6840155))
28356;POLYGON((-1005756 6778783,-955775 6785124,-948688 6728727,-998408 6722317,-1005756 6778783))
28357;POLYGON((-1611025 6684127,-1560153 6693375,-1549776 6636002,-1600355 6626658,-1611025 6684127))
28358;POLYGON((-2228842 6552083,-2176797 6564646,-2162675 6505985,-2214382 6493302,-2228842 6552083))
3113;POLYGON((-1456343 -24062,-1406343 -17719,-1399254 -74137,-1448993 -80550,-1456343 -24062))
3111;POLYGON((1781291 3446510,1830771 3450155,1834738 3394299,1785551 3390676,1781291 3446510))
3107;POLYGON((1269760 2411562,1318794 2410200,1317128 2354842,1268351 2356197,1269760 2411562))
3308;POLYGON((8390910 5014223,8439932 5018457,8444579 4963103,8395822 4958892,8390910 5014223))
3112;POLYGON((363508 -3203022,411958 -3204564,410107 -3259283,361874 -3257748,363508 -3203022))
3577;POLYGON((557237 -3079593,605656 -3081868,602913 -3137891,554714 -3135625,557237 -3079593))
