4326;POLYGON((138.25 -23.5,138.75 -23.5,138.75 -24.0,138.25 -24.0,138.25 -23.5))
28348;POLYGON((4029082 6958420,4086376 6943279,4069630 6881151,4012705 6896496,4029082 6958420))
28349;POLYGON((3355560 7115542,3410768 7104069,3398062 7044176,3343157 7055814,3355560 7115542))
28350;POLYGON((2704172 7232861,2757737 7224441,2748392 7166324,2695083 7174871,2704172 7232861))
28351;POLYGON((2069727 7316466,2122073 7310675,2115620 7253883,2063499 7259764,2069727 7316466))
28352;POLYGON((1447250 7370457,1498784 7367018,1494915 7311115,1443586 7314610,1447250 7370457))
28353;POLYGON((831947 7397371,883063 7396125,881600 7340689,830680 7341956,831947 7397371))
28354;POLYGON((219150 7398439,270234 7399329,271110 7343944,220222 7343041,219150 7398439))
28355;POLYGON((-395766 7373709,-344328 7376775,-341073 7321028,-392307 7317913,-395766 7373709))
28356;POLYGON((-1017464 7322052,-965281 7327435,-959498 7270905,-1011459 7265438,-1017464 7322052))
28357;POLYGON((-1650724 7241047,-1597391 7249003,-1588806 7191259,-1641889 7183182,-1650724 7241047))
28358;POLYGON((-2300505 7126739,-2245601 7137666,-2233790 7078260,-2288400 7067174,-2300505 7126739))
3113;POLYGON((-1468056 519418,-1415853 524803,-1410067 468251,-1462049 462782,-1468056 519418))
3111;POLYGON((1792807 3984686,1845113 3988263,1848839 3931590,1796831 3928033,1792807 3984686))
3107;POLYGON((1334678 2938027,1386148 2936359,1384211 2880588,1332999 2882247,1334678 2938027))
3308;POLYGON((8395579 5546739,8447149 5550945,8451572 5495054,8400269 5490870,8395579 5546739))
3112;POLYGON((429542 -2684806,480054 -2686616,477983 -2741369,427689 -2739567,429542 -2684806))
3577;POLYGON((631693 -2550067,682183 -2552638,679228 -2608517,628956 -2605957,631693 -2550067))
