4326;POLYGON((137.75 -26.25,138.25 -26.25,138.25 -26.75,137.75 -26.75,137.75 -26.25))
28348;POLYGON((3880521 6635649,3935573 6619816,3917690 6558781,3863025 6574780,3880521 6635649))
28349;POLYGON((3231226 6800272,3284585 6788235,3270968 6729044,3217931 6741220,3231226 6800272))
28350;POLYGON((2600078 6923405,2652079 6914571,2642062 6856876,2590337 6865818,2600078 6923405))
28351;POLYGON((1983004 7010948,2033990 7004903,2027106 6948335,1976366 6954457,1983004 7010948))
28352;POLYGON((1375902 7066895,1426212 7063371,1422156 7007557,1372071 7011128,1375902 7066895))
28353;POLYGON((774693 7093712,824667 7092554,823263 7037124,773505 7038298,774693 7093712))
28354;POLYGON((175332 7092554,225306 7093712,226494 7038298,176736 7037124,175332 7092554))
28355;POLYGON((-426212 7063371,-375902 7066895,-372071 7011128,-422156 7007557,-426212 7063371))
28356;POLYGON((-1033990 7004903,-983004 7010948,-976366 6954457,-1027106 6948335,-1033990 7004903))
28357;POLYGON((-1652079 6914571,-1600078 6923405,-1590337 6865818,-1642062 6856876,-1652079 6914571))
28358;POLYGON((-2284585 6788235,-2231226 6800272,-2217931 6741220,-2270968 6729044,-2284585 6788235))
3113;POLYGON((-1484588 202146,-1433583 208192,-1426942 151679,-1477702 145555,-1484588 202146))
3111;POLYGON((1764196 3670555,1814852 3674287,1818840 3618140,1768478 3614430,1764196 3670555))
3107;POLYGON((1275407 2633333,1325467 2631943,1323797 2576452,1273994 2577836,1275407 2633333))
3308;POLYGON((8371225 5235958,8421308 5240284,8425970 5184757,8376152 5180455,8371225 5235958))
3112;POLYGON((370039 -2984208,419360 -2985779,417510 -3040470,368406 -3038906,370039 -2984208))
3577;POLYGON((567331 -2855469,616627 -2857786,613884 -2913797,564808 -2911490,567331 -2855469))
