4326;POLYGON((137.75 -14.0,138.25 -14.0,138.25 -14.5,137.75 -14.5,137.75 -14.0))
28348;POLYGON((4219560 8172221,4282457 8162327,4272031 8097808,4209380 8108009,4219560 8172221))
28349;POLYGON((3486204 8273990,3545939 8266617,3538163 8205354,3478623 8212960,3486204 8273990))
28350;POLYGON((2785502 8348809,2842868 8343477,2837233 8284658,2780028 8290161,2785502 8348809))
28351;POLYGON((2108710 8401351,2164388 8397740,2160556 8340668,2105017 8344396,2108710 8401351))
28352;POLYGON((1448199 8434657,1502791 8432565,1500548 8376623,1446082 8378783,1448199 8434657))
28353;POLYGON((797076 8450547,851137 8449862,850363 8394485,796421 8395192,797076 8450547))
28354;POLYGON((148862 8449862,202923 8450547,203578 8395192,149636 8394485,148862 8449862))
28355;POLYGON((-502791 8432565,-448199 8434657,-446082 8378783,-500548 8376623,-502791 8432565))
28356;POLYGON((-1164388 8397740,-1108710 8401351,-1105017 8344396,-1160556 8340668,-1164388 8397740))
28357;POLYGON((-1842868 8343477,-1785502 8348809,-1780028 8290161,-1837233 8284658,-1842868 8343477))
28358;POLYGON((-2545939 8266617,-2486204 8273990,-2478623 8212960,-2538163 8205354,-2545939 8266617))
3113;POLYGON((-1615037 1595526,-1559337 1599138,-1555643 1542161,-1611204 1538432,-1615037 1595526))
3111;POLYGON((1656523 5081673,1714593 5085951,1718811 5026563,1661053 5022309,1656523 5081673))
3107;POLYGON((1310628 4016680,1367090 4015112,1365353 3957364,1309158 3958925,1310628 4016680))
3308;POLYGON((8248132 6622472,8304852 6627371,8309724 6569348,8253281 6564473,8248132 6622472))
3112;POLYGON((410372 -1632965,465068 -1634707,463175 -1690667,408701 -1688933,410372 -1632965))
3577;POLYGON((628549 -1496226,683164 -1498793,680489 -1553430,626088 -1550873,628549 -1496226))
