4326;POLYGON((138.5 -40.75,139.0 -40.75,139.0 -41.25,138.5 -41.25,138.5 -40.75))
28348;POLYGON((3344172 4910505,3386836 4891880,3362030 4835885,3319825 4854496,3344172 4910505))
28349;POLYGON((2831992 5107827,2874663 5093164,2855098 5037112,2812839 5051780,2831992 5107827))
28350;POLYGON((2320568 5260210,2363131 5249121,2348298 5193181,2306110 5204282,2320568 5260210))
28351;POLYGON((1810725 5371716,1853146 5363905,1842652 5308133,1800578 5315958,1810725 5371716))
28352;POLYGON((1302513 5445349,1344810 5440605,1338376 5384986,1296408 5389741,1302513 5445349))
28353;POLYGON((795492 5483099,837714 5481292,835167 5425769,793264 5427580,795492 5483099))
28354;POLYGON((288943 5485988,331157 5487070,332429 5431561,290533 5430475,288943 5485988))
28355;POLYGON((-217944 5454093,-175671 5458094,-170546 5402516,-212493 5398505,-217944 5454093))
28356;POLYGON((-725916 5386553,-683529 5393581,-674414 5337864,-716460 5330822,-725916 5386553))
28357;POLYGON((-1235475 5281539,-1192946 5291784,-1179597 5235897,-1221759 5225638,-1235475 5281539))
28358;POLYGON((-1746668 5136222,-1704016 5149958,-1686080 5093931,-1728329 5080187,-1746668 5136222))
3113;POLYGON((-1176395 -1416836,-1133991 -1409805,-1124873 -1465543,-1166934 -1472588,-1176395 -1416836))
3111;POLYGON((1950379 2064693,1992599 2067469,1996104 2011923,1954176 2009167,1950379 2064693))
3107;POLYGON((1298367 1022733,1340972 1021254,1338896 965192,1296550 966663,1298367 1022733))
3308;POLYGON((8577301 3636616,8619727 3639974,8624011 3584140,8581852 3580803,8577301 3636616))
3112;POLYGON((386621 -4588878,429557 -4590502,427307 -4647023,384596 -4645408,386621 -4588878))
3577;POLYGON((559227 -4470177,602203 -4472450,599223 -4526780,556460 -4524518,559227 -4470177))
