4326;POLYGON((138.0 -14.0,138.5 -14.0,138.5 -14.5,138.0 -14.5,138.0 -14.0))
28348;POLYGON((4250971 8167304,4314019 8157290,4303468 8092616,4240669 8102939,4250971 8167304))
28349;POLYGON((3516043 8270327,3575893 8262860,3568018 8201479,3508365 8209181,3516043 8270327))
28350;POLYGON((2814164 8346162,2871615 8340753,2865898 8281846,2808610 8287429,2814164 8346162))
28351;POLYGON((2136535 8399563,2192270 8395885,2188369 8338752,2132773 8342549,2136535 8399563))
28352;POLYGON((1475487 8433626,1530113 8431473,1527807 8375496,1473307 8377719,1475487 8433626))
28353;POLYGON((824103 8450219,878176 8449476,877342 8394086,823389 8394853,824103 8450219))
28354;POLYGON((175896 8450219,229946 8450847,230541 8395502,176610 8394853,175896 8450219))
28355;POLYGON((-475487 8433626,-420927 8435658,-418873 8379817,-473307 8377719,-475487 8433626))
28356;POLYGON((-1136535 8399563,-1080913 8403107,-1077290 8346208,-1132773 8342549,-1136535 8399563))
28357;POLYGON((-1814164 8346162,-1756881 8351417,-1751487 8292852,-1808610 8287429,-1814164 8346162))
28358;POLYGON((-2516043 8270327,-2456421 8277606,-2448936 8216691,-2508365 8209181,-2516043 8270327))
3113;POLYGON((-1587173 1597349,-1531530 1600894,-1527905 1543974,-1583410 1540313,-1587173 1597349))
3111;POLYGON((1685555 5083850,1743636 5087975,1747698 5028577,1689929 5024474,1685555 5083850))
3107;POLYGON((1338860 4015929,1395319 4014230,1393447 3956486,1337256 3958177,1338860 4015929))
3308;POLYGON((8276489 6624956,8333221 6629719,8337954 6571684,8281499 6566945,8276489 6624956))
3112;POLYGON((437721 -1633809,492414 -1635659,490409 -1691616,435939 -1689773,437721 -1633809))
3577;POLYGON((655858 -1497482,710467 -1500156,707685 -1554788,653290 -1552125,655858 -1497482))
