4326;POLYGON((138.5 -23.25,139.0 -23.25,139.0 -23.75,138.5 -23.75,138.5 -23.25))
28348;POLYGON((4065877 6981965,4123452 6966759,4106665 6904445,4049460 6919859,4065877 6981965))
28349;POLYGON((3389335 7139781,3444772 7128255,3432030 7068228,3376896 7079923,3389335 7139781))
28350;POLYGON((2735482 7257727,2789234 7249255,2779850 7191045,2726353 7199647,2735482 7257727))
28351;POLYGON((2099014 7341978,2151514 7336131,2145011 7279280,2092735 7285220,2099014 7341978))
28352;POLYGON((1474866 7396701,1526527 7393196,1522594 7337261,1471137 7340823,1474866 7396701))
28353;POLYGON((858175 7424482,909397 7423157,907851 7367711,856824 7369058,858175 7424482))
28354;POLYGON((244214 7426601,295387 7427394,296158 7372018,245178 7371211,244214 7426601))
28355;POLYGON((-371695 7403152,-320180 7406101,-317057 7350376,-368371 7347379,-371695 7403152))
28356;POLYGON((-994267 7353062,-942015 7358302,-936396 7301804,-988430 7296480,-994267 7353062))
28357;POLYGON((-1628336 7273974,-1574937 7281755,-1566557 7224048,-1619710 7216146,-1628336 7273974))
28358;POLYGON((-2278931 7162012,-2223956 7172725,-2212398 7113355,-2267083 7102483,-2278931 7162012))
3113;POLYGON((-1444850 550440,-1392577 555682,-1386956 499162,-1439011 493836,-1444850 550440))
3111;POLYGON((1817018 4014880,1869482 4018329,1873063 3961594,1820896 3958164,1817018 4014880))
3107;POLYGON((1361318 2965136,1412913 2963344,1410846 2907544,1359510 2909327,1361318 2965136))
3308;POLYGON((8419081 5576841,8470795 5580934,8475087 5524995,8423641 5520924,8419081 5576841))
3112;POLYGON((455780 -2658298,506397 -2660212,504217 -2714973,453818 -2713067,455780 -2658298))
3577;POLYGON((658361 -2523399,708956 -2526075,705892 -2581930,655517 -2579266,658361 -2523399))
