4326;POLYGON((137.75 -15.25,138.25 -15.25,138.25 -15.75,137.75 -15.75,137.75 -15.25))
28348;POLYGON((4193488 8011893,4255757 8001242,4244488 7937010,4182483 7947955,4193488 8011893))
28349;POLYGON((3466778 8121533,3526014 8113584,3517595 8052489,3458569 8060663,3466778 8121533))
28350;POLYGON((2771471 8202250,2828425 8196495,2822316 8137765,2765537 8143686,2771471 8202250))
28351;POLYGON((2099243 8258990,2154564 8255089,2150407 8198057,2095236 8202071,2099243 8258990))
28352;POLYGON((1442770 8294979,1497040 8292718,1494605 8236786,1440472 8239114,1442770 8294979))
28353;POLYGON((795397 8312156,849152 8311415,848312 8256034,794687 8256797,795397 8312156))
28354;POLYGON((150847 8311415,204602 8312156,205312 8256797,151687 8256034,150847 8311415))
28355;POLYGON((-497040 8292718,-442770 8294979,-440472 8239114,-494605 8236786,-497040 8292718))
28356;POLYGON((-1154564 8255089,-1099243 8258990,-1095236 8202071,-1150407 8198057,-1154564 8255089))
28357;POLYGON((-1828425 8196495,-1771471 8202250,-1765537 8143686,-1822316 8137765,-1828425 8196495))
28358;POLYGON((-2526014 8113584,-2466778 8121533,-2458569 8060663,-2517595 8052489,-2526014 8113584))
3113;POLYGON((-1605210 1452819,-1549867 1456721,-1545859 1399780,-1601051 1395764,-1605210 1452819))
3111;POLYGON((1667821 4933605,1725113 4937825,1729299 4878889,1672316 4874692,1667821 4933605))
3107;POLYGON((1306959 3872558,1362754 3871009,1361027 3813608,1305497 3815151,1306959 3872558))
3308;POLYGON((8260979 6477759,8317007 6482598,8321847 6424947,8266095 6420132,8260979 6477759))
3112;POLYGON((406201 -1772697,460342 -1774421,458457 -1830138,404538 -1828421,406201 -1772697))
3577;POLYGON((622388 -1633020,676467 -1635562,673781 -1690430,619917 -1687899,622388 -1633020))
