4326;POLYGON((138.25 -28.75,138.75 -28.75,138.75 -29.25,138.25 -29.25,138.25 -28.75))
28348;POLYGON((3843563 6316312,3896766 6299353,3877191 6239024,3824401 6256118,3843563 6316312))
28349;POLYGON((3214382 6493302,3266195 6480316,3251183 6421522,3199717 6434625,3214382 6493302))
28350;POLYGON((2600355 6626658,2651018 6617053,2639889 6559548,2589525 6569247,2600355 6626658))
28351;POLYGON((1998408 6722317,2048189 6715675,2040460 6659167,1990946 6665878,1998408 6722317))
28352;POLYGON((1405231 6784367,1454410 6780409,1449759 6724585,1400826 6728587,1405231 6784367))
28353;POLYGON((817400 6815378,866266 6813941,864504 6758482,815874 6759935,817400 6815378))
28354;POLYGON((231452 6816610,280294 6817636,281349 6762217,232743 6761180,231452 6816610))
28355;POLYGON((-356088 6788112,-306981 6791642,-303065 6735940,-351928 6732371,-356088 6788112))
28356;POLYGON((-948688 6728727,-899028 6734906,-892093 6678599,-941491 6672355,-948688 6728727))
28357;POLYGON((-1549776 6636002,-1499279 6645088,-1489038 6587860,-1539242 6578684,-1549776 6636002))
28358;POLYGON((-2162675 6505985,-2111071 6518372,-2097085 6459925,-2148351 6447425,-2162675 6505985))
3113;POLYGON((-1399254 -74137,-1349574 -67956,-1342636 -124285,-1392054 -130532,-1399254 -74137))
3111;POLYGON((1834738 3394299,1883943 3397664,1887612 3341850,1838700 3338506,1834738 3394299))
3107;POLYGON((1317128 2354842,1365899 2353262,1363978 2297935,1315463 2299508,1317128 2354842))
3308;POLYGON((8444579 4963103,8493356 4967080,8497735 4911737,8449224 4907782,8444579 4963103))
3112;POLYGON((410107 -3259283,458333 -3261011,456263 -3315740,408255 -3314020,410107 -3259283))
3577;POLYGON((602913 -3137891,651102 -3140345,648141 -3196348,600170 -3193905,602913 -3137891))
