4326;POLYGON((138.75 -15.0,139.25 -15.0,139.25 -15.5,138.75 -15.5,138.75 -15.0))
28348;POLYGON((4323958 8022648,4386949 8011637,4375312 7946734,4312591 7958054,4323958 8022648))
28349;POLYGON((3589691 8136122,3649484 8127882,3640767 8066283,3581189 8074760,3589691 8136122))
28350;POLYGON((2888612 8220036,2945986 8214031,2939621 8154936,2882424 8161117,2888612 8220036))
28351;POLYGON((2212103 8279625,2267730 8275495,2263336 8218213,2207861 8222466,2212103 8279625))
28352;POLYGON((1552632 8318329,1607107 8315842,1604439 8259763,1550101 8262324,1552632 8318329))
28353;POLYGON((903404 8338253,957272 8337278,956188 8281843,902448 8282847,903404 8338253))
28354;POLYGON((258053 8340444,311836 8340930,312281 8285604,258625 8285103,258053 8340444))
28355;POLYGON((-389619 8325013,-335405 8326985,-333410 8271240,-387490 8269209,-389619 8325013))
28356;POLYGON((-1045914 8291157,-990734 8294719,-987083 8238009,-1042117 8234341,-1045914 8291157))
28357;POLYGON((-1717491 8237054,-1660770 8242401,-1655264 8184139,-1711818 8178634,-1717491 8237054))
28358;POLYGON((-2411669 8159631,-2352763 8167076,-2345083 8106610,-2403788 8098949,-2411669 8159631))
3113;POLYGON((-1496517 1488901,-1441316 1492464,-1437663 1435732,-1492718 1432063,-1496517 1488901))
3111;POLYGON((1780484 4971289,1837972 4974917,1841544 4915853,1784366 4912244,1780484 4971289))
3107;POLYGON((1419540 3897947,1475451 3895876,1473190 3838427,1417544 3840488,1419540 3897947))
3308;POLYGON((8370771 6516060,8426982 6520373,8431275 6462606,8375341 6458314,8370771 6516060))
3112;POLYGON((515530 -1748470,569766 -1750629,567436 -1806376,513421 -1804226,515530 -1748470))
3577;POLYGON((731985 -1610920,786150 -1613891,783037 -1668692,729086 -1665733,731985 -1610920))
