4326;POLYGON((139.0 -31.75,139.5 -31.75,139.5 -32.25,139.0 -32.25,139.0 -31.75))
28348;POLYGON((3801035 5931080,3851851 5912851,3830182 5853453,3779805 5871778,3801035 5931080))
28349;POLYGON((3197932 6122282,3247733 6108189,3230953 6049927,3181526 6064111,3197932 6122282))
28350;POLYGON((2606261 6267789,2655172 6257254,2642600 6200010,2594015 6210623,2606261 6267789))
28351;POLYGON((2024152 6373457,2072351 6366062,2063492 6309643,2015585 6317096,2024152 6373457))
28352;POLYGON((1449262 6443407,1496957 6438869,1491473 6383039,1444049 6387615,1449262 6443407))
28353;POLYGON((878981 6480306,926395 6478451,924080 6422955,876925 6424825,878981 6480306))
28354;POLYGON((310561 6485534,357926 6486295,358695 6430865,311587 6430097,310561 6485534))
28355;POLYGON((-258790 6459286,-211241 6462691,-207359 6407061,-254645 6403627,-258790 6459286))
28356;POLYGON((-831845 6400583,-783883 6406760,-776745 6350666,-824425 6344439,-831845 6400583))
28357;POLYGON((-1411270 6307202,-1362680 6316386,-1352016 6259582,-1400296 6250329,-1411270 6307202))
28358;POLYGON((-1999518 6175533,-1950107 6188084,-1935503 6130352,-1984563 6117716,-1999518 6175533))
3113;POLYGON((-1282364 -402410,-1234384 -396230,-1227243 -452346,-1274942 -458575,-1282364 -402410))
3111;POLYGON((1929639 3065111,1977114 3067982,1980326 3012434,1933143 3009580,1929639 3065111))
3107;POLYGON((1377993 2020655,1425217 2018796,1422913 1963535,1375946 1965384,1377993 2020655))
3308;POLYGON((8543208 4637213,8590423 4640722,8594398 4585460,8547446 4581971,8543208 4637213))
3112;POLYGON((469356 -3590711,516263 -3592672,513858 -3647584,467170 -3645633,469356 -3590711))
3577;POLYGON((656781 -3477355,703642 -3480017,700360 -3535860,653717 -3533211,656781 -3477355))
