4326;POLYGON((139.5 -35.5,140.0 -35.5,140.0 -36.0,139.5 -36.0,139.5 -35.5))
28348;POLYGON((3683877 5472027,3731393 5452863,3707625 5394855,3660567 5414065,3683877 5472027))
28349;POLYGON((3117163 5674189,3164136 5659212,3145530 5601811,3098956 5616842,3117163 5674189))
28350;POLYGON((2557061 5829639,2603490 5818327,2589405 5761563,2543329 5772925,2557061 5829639))
28351;POLYGON((2003075 5943750,2049032 5935716,2038990 5879514,1993353 5887589,2003075 5943750))
28352;POLYGON((1454012 6020407,1499617 6015379,1493282 5959603,1447975 5964659,1454012 6020407))
28353;POLYGON((908256 6062185,953654 6059994,950816 6004472,905704 6006675,908256 6062185))
28354;POLYGON((363955 6070472,409305 6071046,409870 6015589,364803 6015011,363955 6070472))
28355;POLYGON((-180833 6045543,-135368 6048902,-131380 5993315,-176556 5989937,-180833 6045543))
28356;POLYGON((-728022 5986571,-682287 5992826,-674745 5936925,-720175 5930636,-728022 5986571))
28357;POLYGON((-1279365 5891587,-1233223 5900947,-1221878 5844570,-1267687 5835164,-1279365 5891587))
28358;POLYGON((-1836296 5757380,-1789646 5770164,-1774114 5713192,-1820395 5700354,-1836296 5757380))
3113;POLYGON((-1178501 -816583,-1132748 -810326,-1125204 -866249,-1170651 -872540,-1178501 -816583))
3111;POLYGON((2001171 2652025,2046476 2654526,2049388 2599121,2004375 2596636,2001171 2652025))
3107;POLYGON((1407928 1603994,1453223 1602002,1450657 1546600,1405619 1548582,1407928 1603994))
3308;POLYGON((8620237 4226170,8665484 4229315,8669199 4173962,8624217 4170835,8620237 4226170))
3112;POLYGON((498167 -4005893,543422 -4007965,540776 -4063340,495741 -4061279,498167 -4005893))
3577;POLYGON((679096 -3897649,724312 -3900395,720838 -3955804,675839 -3953071,679096 -3897649))
