4326;POLYGON((139.5 -8.75,140.0 -8.75,140.0 -9.25,139.5 -9.25,139.5 -8.75))
28348;POLYGON((4534902 8828947,4601162 8821946,4593843 8755168,4527757 8762546,4534902 8828947))
28349;POLYGON((3766328 8900869,3828672 8895658,3823220 8832868,3761012 8838362,3766328 8900869))
28350;POLYGON((3038073 8953892,3097497 8950098,3093520 8890275,3034206 8894277,3038073 8953892))
28351;POLYGON((2339365 8991637,2396692 8989011,2393931 8931322,2336697 8934092,2339365 8991637))
28352;POLYGON((1661133 9016464,1717070 9014848,1715358 8958580,1659504 8960285,1661133 9016464))
28353;POLYGON((995437 9029822,1050613 9029125,1049854 8973644,994754 8974380,995437 9029822))
28354;POLYGON((334999 9032458,390006 9032640,390157 8977354,335225 8977161,334999 9032458))
28355;POLYGON((-327183 9024515,-271764 9025588,-270694 8969912,-326035 8968780,-327183 9024515))
28356;POLYGON((-998206 9005556,-941770 9007579,-939723 8950910,-996073 8948777,-998206 9005556))
28357;POLYGON((-1685625 8974502,-1627516 8977592,-1624372 8919275,-1682383 8916017,-1685625 8974502))
28358;POLYGON((-2397881 8929482,-2337349 8933830,-2332916 8873119,-2393328 8868533,-2397881 8929482))
3113;POLYGON((-1448791 2203579,-1392333 2205602,-1390285 2148912,-1446657 2146777,-1448791 2203579))
3111;POLYGON((1823047 5731760,1884529 5735154,1887772 5673467,1826614 5670091,1823047 5731760))
3107;POLYGON((1533875 4625875,1593155 4623267,1590400 4563785,1531396 4566381,1533875 4625875))
3308;POLYGON((8402149 7258607,8461913 7262761,8465938 7202782,8406462 7198648,8402149 7258607))
3112;POLYGON((627811 -1045499,684844 -1048110,682108 -1105357,625304 -1102756,627811 -1045499))
3577;POLYGON((852974 -939200,909767 -942650,906417 -996079,849833 -992642,852974 -939200))
