4326;POLYGON((139.25 -43.0,139.75 -43.0,139.75 -43.5,139.25 -43.5,139.25 -43.0))
28348;POLYGON((3294203 4631928,3334755 4612903,3308524 4557774,3268438 4576755,3294203 4631928))
28349;POLYGON((2805823 4834413,2846611 4819301,2825737 4763802,2785373 4778896,2805823 4834413))
28350;POLYGON((2315800 4992266,2356657 4980720,2340669 4925095,2300202 4936637,2315800 4992266))
28351;POLYGON((1825574 5109169,1866414 5100917,1854942 5045291,1814463 5053546,1825574 5109169))
28352;POLYGON((1335759 5187916,1376557 5182758,1369326 5127179,1328873 5132340,1335759 5187916))
28353;POLYGON((846433 5230414,887196 5228226,884033 5172687,843605 5174878,846433 5230414))
28354;POLYGON((357358 5237699,398113 5238427,398944 5182899,358521 5182171,357358 5237699))
28355;POLYGON((-131822 5209949,-91044 5213611,-86202 5158058,-126641 5154393,-131822 5209949))
28356;POLYGON((-621420 5146487,-580600 5153172,-571629 5097571,-612096 5090883,-621420 5146487))
28357;POLYGON((-1111513 5045771,-1070658 5055640,-1057343 5000006,-1097823 4990136,-1111513 5045771))
28358;POLYGON((-1601741 4905378,-1560904 4918668,-1542931 4863074,-1583363 4849793,-1601741 4905378))
3113;POLYGON((-1071858 -1656994,-1031022 -1650307,-1022047 -1705930,-1062530 -1712621,-1071858 -1656994))
3111;POLYGON((2028854 1818419,2069780 1820786,2072860 1764990,2032227 1762640,2028854 1818419))
3107;POLYGON((1352315 767454,1393738 765728,1391253 709243,1350091 710959,1352315 767454))
3308;POLYGON((8659671 3389641,8700913 3392607,8704823 3336360,8663850 3333413,8659671 3389641))
3112;POLYGON((440345 -4846827,482255 -4848663,479637 -4905836,437955 -4904011,440345 -4846827))
3577;POLYGON((609865 -4716968,651874 -4719437,648617 -4773071,606817 -4770614,609865 -4716968))
