4326;POLYGON((139.5 -25.5,140.0 -25.5,140.0 -26.0,139.5 -26.0,139.5 -25.5))
28348;POLYGON((4101689 6671221,4157903 6654411,4139036 6592496,4083226 6609490,4101689 6671221))
28349;POLYGON((3439789 6846391,3494108 6833547,3479673 6773679,3425687 6786677,3439789 6846391))
28350;POLYGON((2798279 6978473,2851066 6968936,2840327 6910743,2787822 6920402,2798279 6978473))
28351;POLYGON((2172791 7074039,2224410 7067348,2216848 7010441,2165477 7017222,2172791 7074039))
28352;POLYGON((1558973 7137598,1609784 7133444,1605053 7077432,1554467 7081643,1558973 7137598))
28353;POLYGON((952533 7172025,1002891 7170223,1000782 7114721,950636 7116547,952533 7172025))
28354;POLYGON((349242 7178836,399499 7179308,399919 7123933,349872 7123454,349242 7178836))
28355;POLYGON((-255096 7158328,-204592 7161094,-201624 7105465,-251912 7102660,-255096 7158328))
28356;POLYGON((-864693 7109605,-813589 7114787,-807944 7058520,-858816 7053268,-864693 7109605))
28357;POLYGON((-1483806 7030496,-1431745 7038327,-1423170 6981035,-1474971 6973101,-1483806 7030496))
28358;POLYGON((-2116758 6917352,-2063377 6928201,-2051472 6869492,-2104553 6858508,-2116758 6917352))
3113;POLYGON((-1315226 306888,-1264102 312072,-1258455 255783,-1309346 250529,-1315226 306888))
3111;POLYGON((1936690 3766900,1987850 3769724,1990812 3713387,1939947 3710579,1936690 3766900))
3107;POLYGON((1454056 2710737,1504472 2708519,1501900 2652996,1451741 2655203,1454056 2710737))
3308;POLYGON((8540599 5333517,8591147 5337031,8594883 5281353,8544602 5277857,8540599 5333517))
3112;POLYGON((546223 -2908551,595843 -2910823,593231 -2965489,543828 -2963227,546223 -2908551))
3577;POLYGON((744756 -2780475,794344 -2783487,790836 -2839434,741467 -2836435,744756 -2780475))
