4326;POLYGON((139.5 -14.5,140.0 -14.5,140.0 -15.0,139.5 -15.0,139.5 -14.5))
28348;POLYGON((4429980 8071222,4493705 8060140,4482012 7994627,4418559 8006033,4429980 8071222))
28349;POLYGON((3688022 8185481,3748384 8177178,3739616 8115133,3679468 8123685,3688022 8185481))
28350;POLYGON((2980991 8270192,3038804 8264117,3032377 8204704,2974739 8210965,2980991 8270192))
28351;POLYGON((2299917 8330740,2355878 8326520,2351400 8269025,2295589 8273375,2299917 8330740))
28352;POLYGON((1637021 8370673,1691742 8368072,1688960 8311867,1634372 8314550,1637021 8370673))
28353;POLYGON((985328 8392195,1039369 8391071,1038133 8335585,984217 8336745,985328 8392195))
28354;POLYGON((338353 8396445,392241 8396739,392487 8341431,338722 8341127,338353 8396445))
28355;POLYGON((-310187 8383642,-255929 8385371,-254189 8329706,-308320 8327924,-310187 8383642))
28356;POLYGON((-966648 8353118,-911480 8356372,-908154 8299803,-963183 8296448,-966648 8353118))
28357;POLYGON((-1637718 8303228,-1581064 8308186,-1575971 8250125,-1632466 8245015,-1637718 8303228))
28358;POLYGON((-2330734 8231143,-2271949 8238093,-2264794 8177887,-2323389 8170727,-2330734 8231143))
3113;POLYGON((-1417220 1550886,-1362031 1554141,-1358704 1497550,-1413753 1494194,-1417220 1550886))
3111;POLYGON((1863296 5035872,1921122 5039064,1924238 4979793,1866723 4976618,1863296 5035872))
3107;POLYGON((1505803 3952324,1561965 3949853,1559299 3892284,1503403 3894743,1505803 3952324))
3308;POLYGON((8450928 6580353,8507445 6584282,8511334 6526338,8455094 6522428,8450928 6580353))
3112;POLYGON((599326 -1695952,653771 -1698444,651103 -1754272,596881 -1751790,599326 -1695952))
3577;POLYGON((816443 -1560753,870804 -1564055,867375 -1618744,813228 -1615456,816443 -1560753))
