4326;POLYGON((139.0 -20.75,139.5 -20.75,139.5 -21.25,139.0 -21.25,139.0 -20.75))
28348;POLYGON((4202905 7280773,4262483 7266383,4246852 7203017,4187624 7217652,4202905 7280773))
28349;POLYGON((3504912 7429864,3561973 7418988,3550145 7358280,3493367 7369351,3504912 7429864))
28350;POLYGON((2833437 7541120,2888540 7533126,2879830 7474499,2824963 7482641,2833437 7541120))
28351;POLYGON((2182098 7620767,2235753 7615224,2229691 7558142,2176240 7563791,2182098 7620767))
28352;POLYGON((1545009 7672980,1597692 7669604,1593969 7613568,1541472 7617009,1545009 7672980))
28353;POLYGON((916658 7700361,968817 7698988,967253 7643523,915269 7644924,916658 7700361))
28354;POLYGON((291766 7704232,343835 7704795,344354 7649445,292459 7648870,291766 7704232))
28355;POLYGON((-334852 7684776,-282441 7687304,-279813 7631611,-332044 7629035,-334852 7684776))
28356;POLYGON((-968430 7641062,-915236 7645675,-910373 7589177,-963372 7584475,-968430 7641062))
28357;POLYGON((-1614386 7570938,-1559946 7577868,-1552608 7520077,-1606827 7513017,-1614386 7570938))
28358;POLYGON((-2278467 7470797,-2222287 7480408,-2212089 7420809,-2268008 7411023,-2278467 7470797))
3113;POLYGON((-1419003 838552,-1365788 843167,-1360923 786647,-1413943 781943,-1419003 838552))
3111;POLYGON((1851473 4303701,1905454 4306966,1908770 4249633,1855090 4246387,1851473 4303701))
3107;POLYGON((1423289 3243444,1476171 3241362,1473830 3185192,1421208 3187263,1423289 3243444))
3308;POLYGON((8449238 5861877,8502316 5865822,8506372 5809433,8453563 5805508,8449238 5861877))
3112;POLYGON((517316 -2385900,569017 -2388061,566611 -2442995,515129 -2440843,517316 -2385900))
3577;POLYGON((724239 -2247420,775913 -2250356,772644 -2305979,721188 -2303056,724239 -2247420))
