4326;POLYGON((139.5 -40.75,140.0 -40.75,140.0 -41.25,139.5 -41.25,139.5 -40.75))
28348;POLYGON((3429491 4872903,3472136 4853573,3446399 4797615,3404222 4816926,3429491 4872903))
28349;POLYGON((2917340 5078186,2960020 5062892,2939621 5006834,2897359 5022131,2917340 5078186))
28350;POLYGON((2405706 5237748,2448292 5226086,2432701 5170121,2390495 5181794,2405706 5237748))
28351;POLYGON((1895579 5355830,1938024 5347490,1926829 5291689,1884736 5300044,1895579 5355830))
28352;POLYGON((1387116 5435610,1429431 5430366,1422335 5374725,1380351 5379981,1387116 5435610))
28353;POLYGON((879941 5479244,922172 5476953,918984 5421419,877074 5423715,879941 5479244))
28354;POLYGON((373370 5487912,415580 5488513,416216 5433007,374323 5432405,373370 5487912))
28355;POLYGON((-133405 5461849,-91147 5465359,-86671 5409797,-128606 5406279,-133405 5461849))
28356;POLYGON((-641153 5400350,-598788 5406863,-590352 5351173,-632379 5344647,-641153 5400350))
28357;POLYGON((-1150429 5301751,-1107924 5311443,-1095302 5255584,-1137445 5245878,-1150429 5301751))
28358;POLYGON((-1661373 5163391,-1618738 5176523,-1601595 5120514,-1643835 5107373,-1661373 5163391))
3113;POLYGON((-1091599 -1403033,-1049217 -1396518,-1040778 -1452229,-1082821 -1458758,-1091599 -1403033))
3111;POLYGON((2034833 2070023,2077080 2072355,2080002 2016776,2038047 2014460,2034833 2070023))
3107;POLYGON((1383571 1019577,1426161 1017703,1423565 961663,1381235 963526,1383571 1019577))
3308;POLYGON((8662168 3643128,8704625 3646080,8708374 3590207,8666185 3587274,8662168 3643128))
3112;POLYGON((472487 -4592296,515409 -4594261,512709 -4650763,470012 -4648808,472487 -4592296))
3577;POLYGON((645170 -4474890,688127 -4477500,684722 -4531805,641977 -4529209,645170 -4474890))
