4326;POLYGON((138.75 -10.25,139.25 -10.25,139.25 -10.75,138.75 -10.75,138.75 -10.25))
28348;POLYGON((4414422 8641824,4479597 8633991,4471406 8568037,4406425 8576222,4414422 8641824))
28349;POLYGON((3657148 8722296,3718660 8716468,3712559 8654252,3651200 8660346,3657148 8722296))
28350;POLYGON((2937596 8781520,2996377 8777290,2991942 8717858,2933285 8722283,2937596 8781520))
28351;POLYGON((2245629 8823430,2302457 8820529,2299405 8763092,2242682 8766127,2245629 8823430))
28352;POLYGON((1572620 8850588,1628171 8848845,1626321 8792720,1570865 8794544,1572620 8850588))
28353;POLYGON((910941 8864550,965823 8863867,965072 8808441,910280 8809155,910941 8864550))
28354;POLYGON((253541 8866084,308328 8866425,308636 8811117,253937 8810761,253541 8866084))
28355;POLYGON((-406420 8855274,-351158 8856656,-349775 8800894,-404945 8799447,-406420 8855274))
28356;POLYGON((-1075910 8831527,-1019579 8834027,-1017044 8777215,-1073275 8774599,-1075910 8831527))
28357;POLYGON((-1762376 8793500,-1704327 8797263,-1700495 8738751,-1758428 8734815,-1762376 8793500))
28358;POLYGON((-2474151 8738912,-2413644 8744170,-2408280 8683220,-2468645 8677721,-2474151 8738912))
3113;POLYGON((-1526525 2029482,-1470172 2031983,-1467636 1975148,-1523889 1972531,-1526525 2029482))
3111;POLYGON((1742972 5541850,1803457 5545667,1807144 5484702,1746979 5480905,1742972 5541850))
3107;POLYGON((1438756 4451313,1497228 4449147,1494908 4390206,1436709 4392362,1438756 4451313))
3308;POLYGON((8326723 7072660,8385597 7077178,8390009 7017821,8331418 7013325,8326723 7072660))
3112;POLYGON((535764 -1213384,592129 -1215628,589753 -1272463,533614 -1270228,535764 -1213384))
3577;POLYGON((759259 -1095191,815442 -1098273,812385 -1152085,756413 -1149015,759259 -1095191))
