4326;POLYGON((139.25 -13.75,139.75 -13.75,139.75 -14.25,139.25 -14.25,139.25 -13.75))
28348;POLYGON((4414500 8174437,4478456 8163976,4467445 8098436,4403746 8109226,4414500 8174437))
28349;POLYGON((3670096 8282200,3730643 8274375,3722399 8212343,3662055 8220419,3670096 8282200))
28350;POLYGON((2961023 8361945,3018997 8356232,3012967 8296851,2955159 8302751,2961023 8361945))
28351;POLYGON((2278103 8418781,2334215 8414828,2330029 8357370,2274059 8361453,2278103 8418781))
28352;POLYGON((1613403 8456063,1668276 8453645,1665696 8397473,1610949 8399971,1613403 8456063))
28353;POLYGON((959829 8475863,1014031 8474849,1012916 8419382,958832 8420430,959829 8475863))
28354;POLYGON((310787 8479235,364857 8479571,365149 8424262,311196 8423914,310787 8479235))
28355;POLYGON((-340115 8466356,-285645 8468061,-283931 8412368,-338279 8410606,-340115 8466356))
28356;POLYGON((-999353 8436547,-943935 8439710,-940707 8383075,-995993 8379807,-999353 8436547))
28357;POLYGON((-1673774 8388185,-1616814 8392982,-1611896 8334805,-1668703 8329849,-1673774 8388185))
28358;POLYGON((-2370916 8318492,-2311751 8325208,-2304853 8264817,-2363835 8257883,-2370916 8318492))
3113;POLYGON((-1449938 1634348,-1394498 1637512,-1391269 1580855,-1446577 1577585,-1449938 1634348))
3111;POLYGON((1828994 5123376,1887281 5126747,1890567 5067206,1832594 5063853,1828994 5123376))
3107;POLYGON((1481128 4040110,1537697 4037753,1535154 3979962,1478853 3982309,1481128 4040110))
3308;POLYGON((8416199 6665446,8473124 6669540,8477167 6611375,8420521 6607301,8416199 6665446))
3112;POLYGON((575610 -1610832,630393 -1613231,627830 -1669217,573269 -1666827,575610 -1610832))
3577;POLYGON((793910 -1477297,848598 -1480511,845284 -1535064,790810 -1531863,793910 -1477297))
