4326;POLYGON((139.25 -18.75,139.75 -18.75,139.75 -19.25,139.25 -19.25,139.25 -18.75))
28348;POLYGON((4291306 7528149,4352354 7514645,4337848 7450512,4277129 7464288,4291306 7528149))
28349;POLYGON((3577660 7667835,3635900 7657657,3624956 7596463,3566979 7606854,3577660 7667835))
28350;POLYGON((2893445 7771877,2949521 7764404,2941470 7705485,2885613 7713120,2893445 7771877))
28351;POLYGON((2231413 7846375,2285898 7841185,2280287 7783946,2225990 7789251,2231413 7846375))
28352;POLYGON((1585037 7895399,1638453 7892216,1634985 7836112,1581738 7839367,1585037 7895399))
28353;POLYGON((948304 7921482,1001137 7920146,999636 7864671,946962 7866037,948304 7921482))
28354;POLYGON((315516 7925928,368234 7926372,368627 7871037,316066 7870583,315516 7925928))
28355;POLYGON((-318892 7908954,-265826 7911200,-263520 7855523,-316422 7853227,-318892 7908954))
28356;POLYGON((-960542 7869721,-906654 7873881,-902320 7817368,-956031 7813115,-960542 7869721))
28357;POLYGON((-1615291 7806235,-1560079 7812524,-1553495 7754654,-1608506 7748227,-1615291 7806235))
28358;POLYGON((-2289429 7715114,-2232346 7723875,-2223156 7664084,-2280000 7655135,-2289429 7715114))
3113;POLYGON((-1411111 1067301,-1357202 1071462,-1352867 1014927,-1406599 1010673,-1411111 1067301))
3111;POLYGON((1864515 4535991,1919716 4539184,1922911 4481303,1868014 4478128,1864515 4535991))
3107;POLYGON((1458612 3468063,1512534 3465816,1510046 3409272,1456386 3411508,1458612 3468063))
3308;POLYGON((8458937 6090422,8513109 6094318,8517059 6037501,8463159 6033625,8458937 6090422))
3112;POLYGON((552375 -2166673,604948 -2168975,602422 -2224123,550070 -2221830,552375 -2166673))
3577;POLYGON((762686 -2026924,815222 -2030012,811859 -2085390,759539 -2082315,762686 -2026924))
