4326;POLYGON((139.5 -31.5,140.0 -31.5,140.0 -32.0,139.5 -32.0,139.5 -31.5))
28348;POLYGON((3862597 5942622,3913723 5924068,3891727 5864474,3841045 5883128,3862597 5942622))
28349;POLYGON((3256048 6137365,3306117 6122999,3289061 6064583,3239368 6079043,3256048 6137365))
28350;POLYGON((2661398 6285901,2710540 6275128,2697721 6217770,2648906 6228623,2661398 6285901))
28351;POLYGON((2076735 6394284,2125132 6386671,2116040 6330174,2067936 6337848,2076735 6394284))
28352;POLYGON((1499670 6466787,1547532 6462039,1541817 6406164,1494224 6410952,1499670 6466787))
28353;POLYGON((927540 6506199,975097 6504134,972541 6448621,925242 6450703,927540 6506199))
28354;POLYGON((357546 6514008,405033 6514550,405542 6459127,358309 6458581,357546 6514008))
28355;POLYGON((-213161 6490508,-165505 6493676,-161912 6438071,-209307 6434876,-213161 6490508))
28356;POLYGON((-787415 6434814,-739357 6440728,-732546 6384674,-780326 6378710,-787415 6434814))
28357;POLYGON((-1367959 6344807,-1319276 6353694,-1308988 6296934,-1357365 6287978,-1367959 6344807))
28358;POLYGON((-1957341 6216985,-1907831 6229194,-1893665 6171502,-1942828 6159206,-1957341 6216985))
3113;POLYGON((-1237917 -368165,-1189841 -362249,-1183027 -418325,-1230825 -424291,-1237917 -368165))
3111;POLYGON((1975506 3095771,2023141 3098401,2026063 3042817,1978720 3040203,1975506 3095771))
3107;POLYGON((1426368 2046426,1473710 2044343,1471151 1989094,1424065 1991166,1426368 2046426))
3308;POLYGON((8588436 4668355,8635800 4671648,8639510 4616364,8592410 4613090,8588436 4668355))
3112;POLYGON((517465 -3565233,564473 -3567385,561851 -3622265,515061 -3620122,517465 -3565233))
3577;POLYGON((705284 -3452081,752243 -3454934,748741 -3510782,702000 -3507943,705284 -3452081))
