4326;POLYGON((139.25 -11.0,139.75 -11.0,139.75 -11.5,139.25 -11.5,139.25 -11.0))
28348;POLYGON((4467170 8535095,4532397 8526531,4523434 8460365,4458419 8469284,4467170 8535095))
28349;POLYGON((3709404 8623165,3770947 8616780,3764259 8554379,3702882 8561033,3709404 8623165))
28350;POLYGON((2989647 8688154,3048432 8683503,3043553 8623920,2984902 8628768,2989647 8688154))
28351;POLYGON((2297825 8734378,2354627 8731166,2351246 8673613,2294558 8676962,2297825 8734378))
28352;POLYGON((1625363 8764659,1680852 8762696,1678770 8706493,1623383 8708540,1625363 8764659))
28353;POLYGON((964684 8780727,1019463 8779904,1018564 8724441,963880 8725299,964684 8780727))
28354;POLYGON((308795 8783463,363435 8783736,363670 8728437,309125 8728153,308795 8783463))
28355;POLYGON((-349059 8773013,-293997 8774397,-292615 8718696,-347578 8717254,-349059 8773013))
28356;POLYGON((-1015733 8748812,-959666 8751381,-957061 8694693,-1013020 8692014,-1015733 8748812))
28357;POLYGON((-1698513 8709504,-1640809 8713406,-1636833 8655095,-1694414 8651026,-1698513 8709504))
28358;POLYGON((-2405505 8652761,-2345445 8658233,-2339858 8597580,-2399768 8591876,-2405505 8652761))
3113;POLYGON((-1466324 1946735,-1410235 1949305,-1407629 1892595,-1463610 1889914,-1466324 1946735))
3111;POLYGON((1808982 5454302,1869007 5457774,1872355 5397120,1812649 5393666,1808982 5454302))
3107;POLYGON((1493751 4360803,1551804 4358383,1549223 4299718,1491441 4302126,1493751 4360803))
3308;POLYGON((8392210 6988213,8450679 6992418,8454788 6933319,8396601 6929135,8392210 6988213))
3112;POLYGON((588568 -1300830,644584 -1303283,641992 -1359910,586200 -1357467,588568 -1300830))
3577;POLYGON((810854 -1179034,866709 -1182317,863431 -1236290,807787 -1233019,810854 -1179034))
