4326;POLYGON((138.75 -13.0,139.25 -13.0,139.25 -13.5,138.75 -13.5,138.75 -13.0))
28348;POLYGON((4365959 8282195,4429958 8272472,4419743 8207086,4355984 8217139,4365959 8282195))
28349;POLYGON((3621057 8382255,3681646 8374999,3674015 8313116,3613615 8320623,3621057 8382255))
28350;POLYGON((2911413 8456086,2969441 8450807,2963880 8391557,2906008 8397020,2911413 8456086))
28351;POLYGON((2227720 8508431,2283906 8504805,2280073 8447451,2224020 8451205,2227720 8508431))
28352;POLYGON((1561948 8542393,1616924 8540211,1614598 8484111,1559741 8486370,1561948 8542393))
28353;POLYGON((906918 8559865,961258 8559010,960314 8503579,906085 8504464,906918 8559865))
28354;POLYGON((255950 8561785,310200 8562212,310588 8506894,256448 8506453,255950 8561785))
28355;POLYGON((-397450 8548255,-342748 8549985,-341008 8494232,-395595 8492441,-397450 8548255))
28356;POLYGON((-1059889 8518552,-1004173 8521679,-1000989 8464921,-1056578 8461685,-1059889 8518552))
28357;POLYGON((-1738389 8471042,-1681051 8475740,-1676243 8417363,-1733435 8412500,-1738389 8471042))
28358;POLYGON((-2440731 8402954,-2381083 8409506,-2374365 8348817,-2433837 8342037,-2440731 8402954))
3113;POLYGON((-1510498 1716385,-1454760 1719513,-1451575 1662733,-1507185 1659495,-1510498 1716385))
3111;POLYGON((1764835 5209313,1823573 5213020,1827190 5153209,1768766 5149521,1764835 5209313))
3107;POLYGON((1427570 4129204,1484552 4127093,1482268 4069067,1425555 4071168,1427570 4129204))
3308;POLYGON((8352371 6748565,8409694 6752963,8414034 6694578,8356990 6690201,8352371 6748565))
3112;POLYGON((524001 -1524443,579129 -1526637,576781 -1582795,521877 -1580609,524001 -1524443))
3577;POLYGON((743530 -1392617,798549 -1395635,795458 -1450051,740652 -1447045,743530 -1392617))
