4326;POLYGON((139.0 -37.25,139.5 -37.25,139.5 -37.75,139.0 -37.75,139.0 -37.25))
28348;POLYGON((3555533 5288924,3601413 5269995,3577409 5212700,3531986 5231655,3555533 5288924))
28349;POLYGON((3007119 5488833,3052655 5474013,3033828 5417097,2988695 5431954,3007119 5488833))
28350;POLYGON((2463206 5642641,2508355 5631456,2494112 5574994,2449323 5586217,2463206 5642641))
28351;POLYGON((1923766 5755246,1968564 5747341,1958457 5691304,1913988 5699241,1923766 5755246))
28352;POLYGON((1388040 5830211,1432569 5825337,1426283 5769628,1382062 5774524,1388040 5830211))
28353;POLYGON((854813 5869889,899188 5867893,896528 5812378,852450 5814383,854813 5869889))
28354;POLYGON((322622 5875519,366970 5876339,367854 5820863,323801 5820039,322622 5875519))
28355;POLYGON((-210088 5847275,-165638 5850937,-161182 5795342,-205330 5791664,-210088 5847275))
28356;POLYGON((-744831 5784277,-700157 5790895,-691993 5735036,-736347 5728391,-744831 5784277))
28357;POLYGON((-1282921 5684552,-1237926 5694334,-1225799 5638093,-1270448 5628275,-1282921 5684552))
28358;POLYGON((-1825297 5544954,-1779923 5558209,-1763452 5501519,-1808444 5488225,-1825297 5544954))
3113;POLYGON((-1195317 -1018956,-1150626 -1012336,-1142458 -1068216,-1186830 -1074864,-1195317 -1018956))
3111;POLYGON((1968111 2455492,2012384 2458169,2015587 2402774,1971606 2400115,1968111 2455492))
3107;POLYGON((1355433 1411618,1399838 1409870,1397522 1354302,1353374 1356039,1355433 1411618))
3308;POLYGON((8589871 4029074,8634175 4032367,8638163 3976915,8594124 3973642,8589871 4029074))
3112;POLYGON((445171 -4198257,489661 -4200117,487222 -4255815,442954 -4253965,445171 -4198257))
3577;POLYGON((623248 -4088746,667716 -4091273,664476 -4146397,620224 -4143883,623248 -4088746))
