4326;POLYGON((139.25 -36.0,139.75 -36.0,139.75 -36.5,139.25 -36.5,139.25 -36.0))
28348;POLYGON((3637053 5423531,3684091 5404507,3660350 5346715,3613769 5365780,3637053 5423531))
28349;POLYGON((3075684 5624236,3122238 5609367,3103650 5552119,3057496 5567036,3075684 5624236))
28350;POLYGON((2520306 5778499,2566362 5767280,2552305 5710615,2506603 5721880,2520306 5778499))
28351;POLYGON((1970546 5891529,2016168 5883584,2006173 5827439,1960874 5835423,1970546 5891529))
28352;POLYGON((1425330 5967096,1470626 5962161,1464366 5906411,1419371 5911372,1425330 5967096))
28353;POLYGON((883151 6007689,928258 6005603,925531 5950085,880712 5952184,883151 6007689))
28354;POLYGON((342269 6014635,387337 6015329,388053 5959865,343271 5959167,342269 6014635))
28355;POLYGON((-199149 5988159,-153966 5991655,-149784 5936062,-194674 5932547,-199149 5988159))
28356;POLYGON((-742900 5927398,-697457 5933812,-689673 5877915,-734806 5871469,-742900 5927398))
28357;POLYGON((-1290606 5830359,-1244778 5839901,-1233138 5783551,-1278629 5773966,-1290606 5830359))
28358;POLYGON((-1843550 5693822,-1797249 5706811,-1781370 5649905,-1827296 5636868,-1843550 5693822))
3113;POLYGON((-1193384 -875779,-1147924 -869363,-1140137 -925282,-1185287 -931730,-1193384 -875779))
3111;POLYGON((1981873 2595305,2026880 2597908,2029938 2542514,1985222 2539927,1981873 2595305))
3107;POLYGON((1383096 1549494,1428139 1547617,1425700 1492171,1380914 1494037,1383096 1549494))
3308;POLYGON((8601731 4169191,8646706 4172426,8650555 4117054,8605845 4113838,8601731 4169191))
3112;POLYGON((473221 -4060315,518260 -4062287,515720 -4117751,470902 -4115788,473221 -4060315))
3577;POLYGON((653335 -3951771,698340 -3954416,694979 -4009753,650191 -4007121,653335 -3951771))
