4326;POLYGON((139.25 -42.5,139.75 -42.5,139.75 -43.0,139.25 -43.0,139.25 -42.5))
28348;POLYGON((3319811 4687280,3360830 4668216,3334755 4612903,3294203 4631928,3319811 4687280))
28349;POLYGON((2826127 4890049,2867338 4874924,2846611 4819301,2805823 4834413,2826127 4890049))
28350;POLYGON((2331273 5047965,2372516 5036420,2356657 4980720,2315800 4992266,2331273 5047965))
28351;POLYGON((1836587 5164826,1877788 5156579,1866414 5100917,1825574 5109169,1836587 5164826))
28352;POLYGON((1342582 5243502,1383721 5238350,1376557 5182758,1335759 5187916,1342582 5243502))
28353;POLYGON((849234 5285947,890328 5283762,887196 5228226,846433 5230414,849234 5285947))
28354;POLYGON((356207 5293223,397291 5293949,398113 5238427,357358 5237699,356207 5293223))
28355;POLYGON((-136955 5265510,-95842 5269166,-91044 5213611,-131822 5209949,-136955 5265510))
28356;POLYGON((-630661 5202115,-589492 5208794,-580600 5153172,-621420 5146487,-630661 5202115))
28357;POLYGON((-1125089 5101461,-1083861 5111326,-1070658 5055640,-1111513 5045771,-1125089 5101461))
28358;POLYGON((-1619980 4961059,-1578739 4974355,-1560904 4918668,-1601741 4905378,-1619980 4961059))
3113;POLYGON((-1081102 -1601345,-1039917 -1594664,-1031022 -1650307,-1071858 -1656994,-1081102 -1601345))
3111;POLYGON((2025484 1874140,2066703 1876524,2069780 1820786,2028854 1818419,2025484 1874140))
3107;POLYGON((1354534 823843,1396219 822106,1393738 765728,1352315 767454,1354534 823843))
3308;POLYGON((8655498 3445775,8697010 3448761,8700913 3392607,8659671 3389641,8655498 3445775))
3112;POLYGON((442729 -4789802,484865 -4791648,482255 -4848663,440345 -4846827,442729 -4789802))
3577;POLYGON((612921 -4663160,655142 -4665641,651874 -4719437,609865 -4716968,612921 -4663160))
