4326;POLYGON((138.75 -33.75,139.25 -33.75,139.25 -34.25,138.75 -34.25,138.75 -33.75))
28348;POLYGON((3690259 5704128,3739275 5685739,3716930 5627141,3668358 5645600,3690259 5704128))
28349;POLYGON((3107027 5897389,3155283 5883122,3137919 5825382,3090045 5839719,3107027 5897389))
28350;POLYGON((2532572 6044826,2580132 6034145,2567101 5977213,2519879 5987956,2532572 6044826))
28351;POLYGON((1965714 6151915,2012702 6144428,2003530 6088169,1956847 6095705,1965714 6151915))
28352;POLYGON((1404693 6222547,1451271 6217984,1445631 6162213,1399337 6166808,1404693 6222547))
28353;POLYGON((847411 6259241,893763 6257440,891457 6201943,845377 6203757,847411 6259241))
28354;POLYGON((291589 6263288,337909 6264187,338857 6208738,292808 6207833,291589 6263288))
28355;POLYGON((-265109 6234832,-218627 6238461,-214393 6182832,-260596 6179177,-265109 6234832))
28356;POLYGON((-824989 6172871,-778157 6179359,-770488 6123329,-817024 6116797,-824989 6172871))
28357;POLYGON((-1390206 6075203,-1342853 6084783,-1331478 6028152,-1378507 6018514,-1390206 6075203))
28358;POLYGON((-1962624 5938301,-1914610 5951320,-1899119 5893929,-1946766 5880841,-1962624 5938301))
3113;POLYGON((-1275506 -630211,-1228655 -623720,-1220984 -679772,-1267538 -686306,-1275506 -630211))
3111;POLYGON((1920496 2841686,1966797 2844608,1970149 2789181,1924139 2786278,1920496 2841686))
3107;POLYGON((1346698 1800345,1392903 1798633,1390725 1743316,1344777 1745018,1346698 1800345))
3308;POLYGON((8537090 4414454,8583239 4417995,8587346 4362734,8541461 4359213,8537090 4414454))
3112;POLYGON((437580 -3809811,483616 -3811644,481311 -3866781,435495 -3864957,437580 -3809811))
3577;POLYGON((621543 -3699281,667536 -3701803,664374 -3757464,618599 -3754953,621543 -3699281))
