4326;POLYGON((139.25 -35.5,139.75 -35.5,139.75 -36.0,139.25 -36.0,139.25 -35.5))
28348;POLYGON((3660134 5481469,3707629 5462492,3684091 5404507,3637053 5423531,3660134 5481469))
28349;POLYGON((3093694 5681556,3140644 5666741,3122238 5609367,3075684 5624236,3093694 5681556))
28350;POLYGON((2533862 5835187,2580270 5824019,2566362 5767280,2520306 5778499,2533862 5835187))
28351;POLYGON((1980109 5947670,2026049 5939766,2016168 5883584,1970546 5891529,1980109 5947670))
28352;POLYGON((1431219 6022831,1476812 6017924,1470626 5962161,1425330 5967096,1431219 6022831))
28353;POLYGON((885561 6063193,930954 6061119,928258 6005603,883151 6007689,885561 6063193))
28354;POLYGON((341278 6070098,386630 6070788,387337 6015329,342269 6014635,341278 6070098))
28355;POLYGON((-203572 6043775,-158098 6047252,-153966 5991655,-199149 5988159,-203572 6043775))
28356;POLYGON((-750900 5983350,-705151 5989729,-697457 5933812,-742900 5927398,-750900 5983350))
28357;POLYGON((-1302451 5886805,-1256289 5896301,-1244778 5839901,-1290606 5830359,-1302451 5886805))
28358;POLYGON((-1859638 5750874,-1812965 5763809,-1797249 5706811,-1843550 5693822,-1859638 5750874))
3113;POLYGON((-1201388 -819805,-1155621 -813424,-1147924 -869363,-1193384 -875779,-1201388 -819805))
3111;POLYGON((1978524 2650686,2023822 2653305,2026880 2597908,1981873 2595305,1978524 2650686))
3107;POLYGON((1385278 1604912,1430577 1603024,1428139 1547617,1383096 1549494,1385278 1604912))
3308;POLYGON((8597619 4224516,8642859 4227770,8646706 4172426,8601731 4169191,8597619 4224516))
3112;POLYGON((475537 -4004924,520796 -4006906,518260 -4062287,473221 -4060315,475537 -4004924))
3577;POLYGON((656484 -3896342,701705 -3899000,698340 -3954416,653335 -3951771,656484 -3896342))
