4326;POLYGON((138.75 -14.75,139.25 -14.75,139.25 -15.25,138.75 -15.25,138.75 -14.75))
28348;POLYGON((4329513 8054990,4392637 8044136,4381174 7979170,4318317 7990336,4329513 8054990))
28349;POLYGON((3593844 8166829,3653742 8158710,3645159 8097073,3585473 8105432,3593844 8166829))
28350;POLYGON((2891634 8249511,2949094 8243595,2942829 8184478,2885542 8190572,2891634 8249511))
28351;POLYGON((2214174 8308212,2269874 8304143,2265550 8246852,2209999 8251044,2214174 8308212))
28352;POLYGON((1553868 8346333,1608409 8343884,1605784 8287802,1551377 8290326,1553868 8346333))
28353;POLYGON((903870 8365956,957801 8364996,956734 8309561,902930 8310550,903870 8365956))
28354;POLYGON((257774 8368113,311619 8368592,312056 8313267,258337 8312774,257774 8368113))
28355;POLYGON((-390657 8352916,-336379 8354858,-334415 8299112,-388563 8297111,-390657 8352916))
28356;POLYGON((-1047767 8319570,-992516 8323079,-988923 8266362,-1044030 8262747,-1047767 8319570))
28357;POLYGON((-1720261 8266275,-1663458 8271543,-1658038 8213266,-1714677 8207840,-1720261 8266275))
28358;POLYGON((-2415518 8189995,-2356514 8197331,-2348953 8136835,-2407759 8129282,-2415518 8189995))
3113;POLYGON((-1498371 1517325,-1443098 1520835,-1439504 1464097,-1494633 1460480,-1498371 1517325))
3111;POLYGON((1778538 5000879,1836182 5004517,1839759 4945363,1782426 4941745,1778538 5000879))
3107;POLYGON((1420539 3926728,1476584 3924652,1474320 3867134,1418541 3869200,1420539 3926728))
3308;POLYGON((8368482 6544987,8424831 6549311,8429130 6491471,8373058 6487169,8368482 6544987))
3112;POLYGON((516585 -1720557,570933 -1722720,568600 -1778515,514475 -1776360,516585 -1720557))
3577;POLYGON((733433 -1583548,787705 -1586525,784594 -1641280,730536 -1638315,733433 -1583548))
