4326;POLYGON((138.75 -17.0,139.25 -17.0,139.25 -17.5,138.75 -17.5,138.75 -17.0))
28348;POLYGON((4276454 7765029,4338319 7752813,4325305 7688445,4263740 7700948,4276454 7765029))
28349;POLYGON((3554119 7891119,3613017 7881952,3603239 7820669,3544581 7830060,3554119 7891119))
28350;POLYGON((2862701 7984598,2919337 7977902,2912183 7918980,2855744 7925842,2862701 7984598))
28351;POLYGON((2194331 8051098,2249323 8046485,2244377 7989284,2189555 7994013,2194331 8051098))
28352;POLYGON((1542022 8094342,1595927 8091562,1592920 8035507,1539169 8038358,1542022 8094342))
28353;POLYGON((899400 8116619,952730 8115529,951508 8060088,898323 8061207,899400 8116619))
28354;POLYGON((260451 8119069,313700 8119612,314201 8064277,261096 8063720,260451 8119069))
28355;POLYGON((-380698 8101814,-327041 8104019,-324791 8048283,-378299 8046022,-380698 8101814))
28356;POLYGON((-1030005 8063978,-975435 8067957,-971322 8011300,-1025729 8007220,-1030005 8063978))
28357;POLYGON((-1693734 8003579,-1637711 8009545,-1631517 7951413,-1687353 7945297,-1693734 8003579))
28358;POLYGON((-2378691 7917288,-2320621 7925578,-2311999 7865362,-2369845 7856868,-2378691 7917288))
3113;POLYGON((-1480602 1261633,-1426011 1265614,-1421896 1208935,-1476325 1204853,-1480602 1261633))
3111;POLYGON((1795944 4736139,1852197 4739689,1855728 4681296,1799782 4677766,1795944 4736139))
3107;POLYGON((1411585 3668894,1466437 3666862,1464196 3609920,1409608 3611942,1411585 3668894))
3308;POLYGON((8388984 6285920,8444093 6290149,8448346 6232929,8393511 6228722,8388984 6285920))
3112;POLYGON((507116 -1970957,560468 -1973081,558152 -2028484,505021 -2026369,507116 -1970957))
3577;POLYGON((720363 -1830692,773668 -1833615,770535 -1888753,717446 -1885841,720363 -1830692))
