4326;POLYGON((139.0 -30.25,139.5 -30.25,139.5 -30.75,139.0 -30.75,139.0 -30.25))
28348;POLYGON((3863318 6110088,3915434 6092190,3894480 6032220,3842795 6050236,3863318 6110088))
28349;POLYGON((3245956 6297484,3296860 6283693,3280689 6225072,3230150 6238969,3245956 6297484))
28350;POLYGON((2642049 6439681,2691917 6429397,2679832 6371948,2630279 6382319,2642049 6439681))
28351;POLYGON((2049157 6542725,2098210 6535519,2089711 6479000,2040938 6486271,2049157 6542725))
28352;POLYGON((1464469 6610838,1512952 6606421,1507697 6550560,1459473 6555019,1464469 6610838))
28353;POLYGON((884975 6646735,933143 6644932,930926 6589440,883006 6591261,884975 6646735))
28354;POLYGON((307570 6651819,355684 6652560,356420 6597142,308552 6596394,307570 6651819))
28355;POLYGON((-270879 6626288,-222559 6629601,-218841 6573962,-266908 6570617,-270879 6626288))
28356;POLYGON((-853495 6569147,-804709 6575163,-797865 6519008,-846380 6512937,-853495 6569147))
28357;POLYGON((-1443327 6478137,-1393827 6487095,-1383586 6430143,-1432787 6421107,-1443327 6478137))
28358;POLYGON((-2043269 6349565,-1992822 6361833,-1978768 6303825,-2028873 6291459,-2043269 6349565))
3113;POLYGON((-1304023 -233779,-1255218 -227762,-1248372 -283938,-1296905 -290012,-1304023 -233779))
3111;POLYGON((1919110 3231953,1967461 3234876,1970681 3179200,1922622 3176294,1919110 3231953))
3107;POLYGON((1384136 2186473,1432126 2184585,1429823 2129317,1382088 2131196,1384136 2186473))
3308;POLYGON((8530486 4803004,8578495 4806573,8582472 4751274,8534728 4747725,8530486 4803004))
3112;POLYGON((475905 -3426192,523467 -3428180,521067 -3482974,473724 -3480995,475905 -3426192))
3577;POLYGON((665982 -3309594,713499 -3312294,710212 -3368229,662914 -3365542,665982 -3309594))
