4326;POLYGON((139.75 -35.0,140.25 -35.0,140.25 -35.5,139.75 -35.5,139.75 -35.0))
28348;POLYGON((3730960 5520673,3778958 5501373,3755167 5443140,3707629 5462492,3730960 5520673))
28349;POLYGON((3158866 5724240,3206261 5709159,3187640 5651601,3140644 5666741,3158866 5724240))
28350;POLYGON((2594027 5880831,2640829 5869430,2626721 5812563,2580270 5824019,2594027 5880831))
28351;POLYGON((2035817 5995984,2082110 5987863,2072024 5931601,2026049 5939766,2035817 5995984))
28352;POLYGON((1482924 6073698,1528835 6068578,1522428 6012774,1476812 6017924,1482924 6073698))
28353;POLYGON((933616 6116633,979302 6114340,976357 6058812,930954 6061119,933616 6116633))
28354;POLYGON((385932 6126243,431560 6126699,431979 6071248,386630 6070788,385932 6126243))
28355;POLYGON((-162181 6102850,-116438 6106072,-112641 6050493,-158098 6047252,-162181 6102850))
28356;POLYGON((-712754 6045667,-666731 6051763,-659430 5995860,-705151 5989729,-712754 6045667))
28357;POLYGON((-1267671 5952750,-1221220 5961928,-1210167 5905526,-1256289 5896301,-1267671 5952750))
28358;POLYGON((-1828516 5820901,-1781522 5833478,-1766337 5776443,-1812965 5763809,-1828516 5820901))
3113;POLYGON((-1163227 -757464,-1117186 -751366,-1109882 -807291,-1155621 -813424,-1163227 -757464))
3111;POLYGON((2020763 2708711,2066365 2711108,2069133 2655687,2023822 2653305,2020763 2708711))
3107;POLYGON((1433013 1658397,1478559 1656287,1475867 1600926,1430577 1603024,1433013 1658397))
3308;POLYGON((8639013 4283090,8684533 4286144,8688113 4230807,8642859 4227770,8639013 4283090))
3112;POLYGON((523328 -3951604,568798 -3953777,566046 -4009068,520796 -4006906,523328 -3951604))
3577;POLYGON((705076 -3843512,750503 -3846360,746916 -3901835,701705 -3899000,705076 -3843512))
