4326;POLYGON((140.25 -26.0,140.75 -26.0,140.75 -26.5,140.25 -26.5,140.25 -26.0))
28348;POLYGON((4167004 6583860,4223065 6566309,4203290 6504312,4147647 6522043,4167004 6583860))
28349;POLYGON((3506719 6767066,3560915 6753609,3545734 6693628,3491882 6707238,3506719 6767066))
28350;POLYGON((2866620 6905817,2919291 6895770,2907934 6837460,2855555 6847630,2866620 6905817))
28351;POLYGON((2242565 7006966,2294059 6999846,2285984 6942835,2234744 6950047,2242565 7006966))
28352;POLYGON((1630366 7075250,1681031 7070730,1675870 7014641,1625436 7019220,1630366 7075250))
28353;POLYGON((1025863 7113735,1076045 7111616,1073571 7056072,1023607 7058218,1025863 7113735))
28354;POLYGON((424940 7124100,474980 7124292,475087 7068918,425261 7068724,424940 7124100))
28355;POLYGON((-176493 7106793,-126254 7109303,-123562 7053727,-173582 7051184,-176493 7106793))
28356;POLYGON((-782532 7061067,-731753 7066003,-726359 7009852,-776905 7004851,-782532 7061067))
28357;POLYGON((-1397303 6984914,-1345637 6992496,-1337305 6935392,-1388711 6927713,-1397303 6984914))
28358;POLYGON((-2024977 6874882,-1972076 6885459,-1960424 6827024,-2013026 6816319,-2024977 6874882))
3113;POLYGON((-1233033 258331,-1182233 263269,-1176838 207096,-1227403 202093,-1233033 258331))
3111;POLYGON((2016250 3714691,2067135 3717098,2069649 3660825,2019059 3658432,2016250 3714691))
3107;POLYGON((1526976 2651806,1577119 2649251,1574165 2593792,1524278 2596334,1526976 2651806))
3308;POLYGON((8620030 5283010,8670336 5286144,8673669 5230496,8623630 5227378,8620030 5283010))
3112;POLYGON((617929 -2966694,667318 -2969251,664380 -3023895,615209 -3021350,617929 -2966694))
3577;POLYGON((815516 -2841006,864866 -2844294,861028 -2900235,811897 -2896961,815516 -2841006))
