4326;POLYGON((140.25 -43.75,140.75 -43.75,140.75 -44.25,140.25 -44.25,140.25 -43.75))
28348;POLYGON((3335166 4510982,3374943 4491344,3347539 4436603,3308236 4456184,3335166 4510982))
28349;POLYGON((2855381 4720706,2895498 4705001,2873545 4649741,2833860 4665417,2855381 4720706))
28350;POLYGON((2372895 4885487,2413156 4873377,2396188 4817883,2356325 4829982,2372895 4885487))
28351;POLYGON((1889464 5008972,1929760 5000184,1917402 4944618,1877477 4953404,1889464 5008972))
28352;POLYGON((1405968 5093978,1446252 5088310,1438223 5032746,1398290 5038416,1405968 5093978))
28353;POLYGON((922703 5142482,962966 5139801,959081 5084257,919158 5086940,922703 5142482))
28354;POLYGON((439617 5155620,479872 5155863,480040 5100329,440122 5100086,439617 5155620))
28355;POLYGON((-43497 5133702,-3231 5136874,994 5081329,-38929 5078155,-43497 5133702))
28356;POLYGON((-526825 5076212,-486537 5082389,-478156 5026823,-518089 5020645,-526825 5076212))
28357;POLYGON((-1010351 4981804,-970056 4991129,-957326 4935565,-997246 4926242,-1010351 4981804))
28358;POLYGON((-1493656 4848292,-1453410 4860980,-1436042 4805497,-1475886 4792823,-1493656 4848292))
3113;POLYGON((-977225 -1727297,-936922 -1721118,-928538 -1776706,-968487 -1782886,-977225 -1727297))
3111;POLYGON((2114899 1739197,2155407 1741114,2157905 1685192,2117691 1683290,2114899 1739197))
3107;POLYGON((1431032 679059,1472045 676969,1469028 620340,1428277 622416,1431032 679059))
3308;POLYGON((8747634 3310941,8788499 3313487,8791879 3257053,8751284 3254524,8747634 3310941))
3112;POLYGON((519886 -4936470,561438 -4938621,558352 -4996021,517028 -4993882,519886 -4936470))
3577;POLYGON((688677 -4802439,730352 -4805215,726692 -4858567,685226 -4855804,688677 -4802439))
