4326;POLYGON((140.5 -34.5,141.0 -34.5,141.0 -35.0,140.5 -35.0,140.5 -34.5))
28348;POLYGON((3826784 5550044,3875321 5530228,3851043 5471708,3802974 5491580,3826784 5550044))
28349;POLYGON((3248610 5759215,3296485 5743703,3277450 5685919,3229978 5701495,3248610 5759215))
28350;POLYGON((2678376 5920595,2725604 5908818,2711122 5851785,2664248 5863621,2678376 5920595))
28351;POLYGON((2115396 6040030,2162064 6031566,2151621 5975193,2105270 5983705,2115396 6040030))
28352;POLYGON((1558277 6121762,1604522 6116313,1597752 6060445,1551801 6065928,1558277 6121762))
28353;POLYGON((1005197 6168643,1051182 6166020,1047854 6110467,1002149 6113107,1005197 6168643))
28354;POLYGON((454098 6182289,500000 6182402,500000 6126956,454373 6126842,454098 6182289))
28355;POLYGON((-97182 6163167,-51182 6166020,-47854 6110467,-93573 6107595,-97182 6163167))
28356;POLYGON((-650796 6110621,-604522 6116313,-597752 6060445,-643731 6054718,-650796 6110621))
28357;POLYGON((-1208775 6022839,-1162064 6031566,-1151621 5975193,-1198010 5966416,-1208775 6022839))
28358;POLYGON((-1772883 5896748,-1725604 5908818,-1711122 5851785,-1758043 5839655,-1772883 5896748))
3113;POLYGON((-1101245 -692484,-1054953 -686790,-1048180 -742680,-1094177 -748409,-1101245 -692484))
3111;POLYGON((2086548 2767657,2132458 2769708,2134790 2714255,2089170 2712217,2086548 2767657))
3107;POLYGON((1504148 1710478,1549934 1708039,1546859 1652728,1501329 1655154,1504148 1710478))
3308;POLYGON((8703851 4342917,8749656 4345661,8752838 4290318,8707298 4287590,8703851 4342917))
3112;POLYGON((594389 -3899718,640065 -3902174,636987 -3957375,591530 -3954931,594389 -3899718))
3577;POLYGON((776913 -3792315,822540 -3795445,818622 -3850966,773213 -3847851,776913 -3792315))
