4326;POLYGON((139.75 -29.5,140.25 -29.5,140.25 -30.0,139.75 -30.0,139.75 -29.5))
28348;POLYGON((3972825 6173504,4025758 6155229,4004523 6094784,3952026 6113187,3972825 6173504))
28349;POLYGON((3346485 6364916,3398082 6350818,3381676 6291848,3330446 6306061,3346485 6364916))
28350;POLYGON((2734933 6510524,2785393 6499970,2773085 6442277,2722940 6452926,2734933 6510524))
28351;POLYGON((2135490 6616718,2185053 6609253,2176318 6552578,2127034 6560114,2135490 6616718))
28352;POLYGON((1545138 6687973,1594064 6683289,1588541 6627342,1539871 6632073,1545138 6687973))
28353;POLYGON((960679 6727199,1009238 6725107,1006707 6669586,958390 6671700,960679 6727199))
28354;POLYGON((378835 6735965,427303 6736382,427663 6680977,379435 6680557,378835 6735965))
28355;POLYGON((-203696 6714618,-155045 6717560,-151780 6661961,-200185 6658989,-203696 6714618))
28356;POLYGON((-790216 6662310,-741107 6667894,-734807 6611794,-783653 6606154,-790216 6662310))
28357;POLYGON((-1383974 6576935,-1334140 6585388,-1324551 6528484,-1374095 6519951,-1383974 6576935))
28358;POLYGON((-1988111 6454963,-1937297 6466640,-1924021 6408650,-1974504 6396870,-1988111 6454963))
3113;POLYGON((-1240719 -140580,-1191591 -134994,-1185288 -191117,-1234154 -196758,-1240719 -140580))
3111;POLYGON((1987026 3319867,2035838 3322433,2038623 3266655,1990104 3264104,1987026 3319867))
3107;POLYGON((1459766 2266471,1508127 2264231,1505439 2208964,1457334 2211192,1459766 2266471))
3308;POLYGON((8596737 4891273,8645167 4894523,8648749 4839164,8600583 4835932,8596737 4891273))
3112;POLYGON((551005 -3347116,598880 -3349404,596156 -3404139,548498 -3401862,551005 -3347116))
3577;POLYGON((742352 -3229782,790181 -3232781,786563 -3288726,738953 -3285741,742352 -3229782))
