4326;POLYGON((140.0 -39.75,140.5 -39.75,140.5 -40.25,140.0 -40.25,140.0 -39.75))
28348;POLYGON((3523094 4966065,3566670 4946352,3540806 4890019,3497702 4909723,3523094 4966065))
28349;POLYGON((3000339 5175390,3043865 5159792,3023366 5103469,2980261 5119077,3000339 5175390))
28350;POLYGON((2479065 5338247,2522421 5326331,2506725 5270193,2463747 5282128,2479065 5338247))
28351;POLYGON((1960097 5459207,2003252 5450637,1991921 5394739,1949113 5403329,1960097 5459207))
28352;POLYGON((1443413 5541687,1486394 5536220,1479112 5480537,1436457 5486020,1443413 5541687))
28353;POLYGON((928450 5588018,971318 5585500,967881 5529960,925327 5532486,928450 5588018))
28354;POLYGON((414329 5599511,457164 5599870,457476 5544374,414951 5544015,414329 5599511))
28355;POLYGON((-99963 5576490,-57074 5579736,-53005 5524179,-95578 5520923,-99963 5576490))
28356;POLYGON((-615414 5518304,-572394 5524529,-564454 5468815,-607142 5462573,-615414 5518304))
28357;POLYGON((-1132818 5423309,-1089613 5432689,-1077579 5376751,-1120429 5367351,-1132818 5423309))
28358;POLYGON((-1652587 5288818,-1609183 5301619,-1592719 5245444,-1635736 5232625,-1652587 5288818))
3113;POLYGON((-1065849 -1285033,-1022812 -1278805,-1014869 -1334541,-1057574 -1340785,-1065849 -1285033))
3111;POLYGON((2071242 2183406,2114084 2185546,2116711 2130022,2074160 2127897,2071242 2183406))
3107;POLYGON((1431340 1129537,1474439 1127441,1471592 1071576,1428752 1073660,1431340 1129537))
3308;POLYGON((8697139 3757615,8740143 3760398,8743617 3704646,8700880 3701881,8697139 3757615))
3112;POLYGON((520789 -4481650,564151 -4483808,561240 -4540039,518102 -4537892,520789 -4481650))
3577;POLYGON((694961 -4368496,738334 -4371301,734699 -4425852,691540 -4423061,694961 -4368496))
