4326;POLYGON((140.0 -9.0,140.5 -9.0,140.5 -9.5,140.0 -9.5,140.0 -9.0))
28348;POLYGON((4597552 8788546,4664102 8781181,4656402 8714063,4590035 8721813,4597552 8788546))
28349;POLYGON((3825983 8864257,3888544 8858768,3882802 8795714,3820383 8801492,3825983 8864257))
28350;POLYGON((3095536 8920183,3155115 8916174,3150915 8856153,3091451 8860374,3095536 8920183))
28351;POLYGON((2395331 8960165,2452758 8957373,2449825 8899542,2392494 8902482,2395331 8960165))
28352;POLYGON((1716226 8986713,1772212 8984971,1770369 8928612,1714467 8930448,1716226 8986713))
28353;POLYGON((1050238 9001384,1105417 9000591,1104558 8945068,1049458 8945903,1050238 9001384))
28354;POLYGON((390080 9004997,445042 9005110,445119 8949828,390235 8949710,390080 9004997))
28355;POLYGON((-271236 8997750,-215912 8998774,-214893 8943154,-270137 8942074,-271236 8997750))
28356;POLYGON((-940761 8979244,-884475 8981237,-882459 8924678,-938657 8922579,-940761 8979244))
28357;POLYGON((-1625965 8948431,-1568070 8951508,-1564941 8893364,-1622736 8890124,-1625965 8948431))
28358;POLYGON((-2335163 8903470,-2274922 8907820,-2270488 8847356,-2330608 8842776,-2335163 8903470))
3113;POLYGON((-1391323 2177256,-1335016 2179250,-1332999 2122669,-1389218 2120569,-1391323 2177256))
3111;POLYGON((1886152 5704281,1947489 5707343,1950402 5645759,1889389 5642712,1886152 5704281))
3107;POLYGON((1591776 4593502,1650905 4590626,1647880 4531254,1589026 4534116,1591776 4593502))
3308;POLYGON((8463928 7232746,8523567 7236605,8527299 7176709,8467946 7172869,8463928 7232746))
3112;POLYGON((683475 -1076752,740383 -1079585,737423 -1136746,680743 -1133924,683475 -1076752))
3577;POLYGON((908093 -969349,964767 -973014,961204 -1026492,904739 -1022840,908093 -969349))
