4326;POLYGON((139.75 -36.75,140.25 -36.75,140.25 -37.25,139.75 -37.25,139.75 -36.75))
28348;POLYGON((3648403 5317893,3694784 5298439,3670278 5240910,3624362 5260393,3648403 5317893))
28349;POLYGON((3094289 5523542,3140279 5508277,3121018 5451177,3075435 5466482,3094289 5523542))
28350;POLYGON((2545221 5682310,2590779 5670733,2576139 5614137,2530942 5625755,2545221 5682310))
28351;POLYGON((2001134 5799380,2046301 5791116,2035810 5734990,1990972 5743290,2001134 5799380))
28352;POLYGON((1461209 5878540,1506073 5873322,1499398 5817565,1454841 5822808,1461209 5878540))
28353;POLYGON((924154 5922326,968836 5919987,965765 5864456,921378 5866807,924154 5922326))
28354;POLYGON((388414 5932131,433049 5932598,433486 5877130,389142 5876661,388414 5932131))
28355;POLYGON((-147674 5908267,-102946 5911553,-98988 5855980,-143418 5852678,-147674 5908267))
28356;POLYGON((-685747 5849974,-640794 5856185,-633190 5800348,-677829 5794109,-685747 5849974))
28357;POLYGON((-1227271 5755395,-1181981 5764729,-1170490 5708493,-1215440 5699122,-1227271 5755395))
28358;POLYGON((-1773369 5621488,-1727668 5634246,-1711922 5577523,-1757248 5564723,-1773369 5621488))
3113;POLYGON((-1136210 -953233,-1091239 -947020,-1083632 -1002879,-1128289 -1009121,-1136210 -953233))
3111;POLYGON((2031467 2514817,2076050 2517161,2078817 2461749,2034525 2459421,2031467 2514817))
3107;POLYGON((1424479 1464432,1469128 1462364,1466428 1406863,1422037 1408919,1424479 1464432))
3308;POLYGON((8652480 4089356,8697072 4092349,8700660 4036909,8656333 4033934,8652480 4089356))
3112;POLYGON((514449 -4145516,559148 -4147651,556382 -4203238,511904 -4201113,514449 -4145516))
3577;POLYGON((693300 -4037391,737969 -4040192,734399 -4095388,689947 -4092601,693300 -4037391))
