4326;POLYGON((140.0 -40.25,140.5 -40.25,140.5 -40.75,140.0 -40.75,140.0 -40.25))
28348;POLYGON((3497702 4909723,3540806 4890019,3514768 4833885,3472136 4853573,3497702 4909723))
28349;POLYGON((2980261 5119077,3023366 5103469,3002704 5047278,2960020 5062892,2980261 5119077))
28350;POLYGON((2463747 5282128,2506725 5270193,2490888 5214136,2448292 5226086,2463747 5282128))
28351;POLYGON((1949113 5403329,1991921 5394739,1980481 5338883,1938024 5347490,1949113 5403329))
28352;POLYGON((1436457 5486020,1479112 5480537,1471755 5424870,1429431 5430366,1436457 5486020))
28353;POLYGON((925327 5532486,967881 5529960,964407 5474420,922172 5476953,925327 5532486))
28354;POLYGON((414951 5544015,457476 5544374,457790 5488874,415580 5488513,414951 5544015))
28355;POLYGON((-95578 5520923,-53005 5524179,-48894 5468623,-91147 5465359,-95578 5520923))
28356;POLYGON((-607142 5462573,-564454 5468815,-556434 5413119,-598788 5406863,-607142 5462573))
28357;POLYGON((-1120429 5367351,-1077579 5376751,-1065431 5320861,-1107924 5311443,-1120429 5367351))
28358;POLYGON((-1635736 5232625,-1592719 5245444,-1576112 5189356,-1618738 5176523,-1635736 5232625))
3113;POLYGON((-1057574 -1340785,-1014869 -1334541,-1006846 -1390258,-1049217 -1396518,-1057574 -1340785))
3111;POLYGON((2074160 2127897,2116711 2130022,2119339 2074465,2077080 2072355,2074160 2127897))
3107;POLYGON((1428752 1073660,1471592 1071576,1468742 1015632,1426161 1017703,1428752 1073660))
3308;POLYGON((8700880 3701881,8743617 3704646,8747094 3648828,8704625 3646080,8700880 3701881))
3112;POLYGON((518102 -4537892,561240 -4540039,558323 -4596397,515409 -4594261,518102 -4537892))
3577;POLYGON((691540 -4423061,734699 -4425852,731073 -4480277,688127 -4477500,691540 -4423061))
