4326;POLYGON((140.0 -22.25,140.5 -22.25,140.5 -22.75,140.0 -22.75,140.0 -22.25))
28348;POLYGON((4273380 7061332,4332328 7045538,4315014 6982209,4256446 6998235,4273380 7061332))
28349;POLYGON((3582118 7225437,3638666 7213431,3625489 7152649,3569248 7164844,3582118 7225437))
28350;POLYGON((2916358 7348747,2971008 7339849,2961224 7281099,2906830 7290144,2916358 7348747))
28351;POLYGON((2270287 7437999,2323510 7431739,2316603 7374526,2263603 7380893,2270287 7437999))
28352;POLYGON((1638448 7497768,1690685 7493832,1686313 7437687,1634276 7441691,1638448 7497768))
28353;POLYGON((1015664 7530966,1067339 7529168,1065293 7473640,1013806 7475469,1015664 7530966))
28354;POLYGON((396957 7539160,448480 7539416,448664 7484068,397327 7483808,396957 7539160))
28355;POLYGON((-222563 7522730,-170786 7525051,-168361 7469450,-219948 7467089,-222563 7522730))
28356;POLYGON((-847804 7480911,-795360 7485405,-790584 7429114,-842823 7424542,-847804 7480911))
28357;POLYGON((-1483800 7411712,-1430263 7418598,-1422905 7361162,-1476212 7354161,-1483800 7411712))
28358;POLYGON((-2135811 7311710,-2080731 7321334,-2070423 7262281,-2125234 7252500,-2135811 7311710))
3113;POLYGON((-1298330 678339,-1245866 682835,-1241087 626522,-1293346 621947,-1298330 678339))
3111;POLYGON((1968476 4138267,2021587 4140920,2024283 4083916,1971472 4081278,1968476 4138267))
3107;POLYGON((1521252 3070808,1573334 3068275,1570485 3012370,1518662 3014890,1521252 3070808))
3308;POLYGON((8566750 5700569,8619055 5703953,8622554 5647799,8570517 5644432,8566750 5700569))
3112;POLYGON((612841 -2555071,663867 -2557610,661031 -2612402,610223 -2609873,612841 -2555071))
3577;POLYGON((817105 -2420474,868101 -2423772,864387 -2479510,813609 -2476227,817105 -2420474))
