4326;POLYGON((140.5 -25.0,141.0 -25.0,141.0 -25.5,140.5 -25.5,140.5 -25.0))
28348;POLYGON((4233279 6699528,4290258 6682172,4270856 6619681,4214292 6637233,4233279 6699528))
28349;POLYGON((3563106 6880546,3618055 6867258,3603182 6806948,3548572 6820401,3563106 6880546))
28350;POLYGON((2914805 7017531,2968107 7007611,2956984 6949093,2903967 6959144,2914805 7017531))
28351;POLYGON((2283786 7117467,2335822 7110424,2327900 7053294,2276112 7060434,2283786 7117467))
28352;POLYGON((1665517 7185170,1716661 7180674,1711569 7124527,1660649 7129087,1665517 7185170))
28353;POLYGON((1055555 7223760,1106175 7221605,1103683 7166044,1053274 7168230,1055555 7223760))
28354;POLYGON((449544 7234959,500000 7235052,500000 7179686,449750 7179591,449544 7234959))
28355;POLYGON((-156824 7219261,-106175 7221605,-103683 7166044,-154122 7163666,-156824 7219261))
28356;POLYGON((-767866 7175974,-716661 7180674,-711569 7124527,-762549 7119760,-767866 7175974))
28357;POLYGON((-1387949 7103156,-1335822 7110424,-1327900 7053294,-1379777 7045926,-1387949 7103156))
28358;POLYGON((-2021531 6997431,-1968107 7007611,-1956984 6949093,-2010119 6938780,-2021531 6997431))
3113;POLYGON((-1218361 373283,-1167136 377984,-1162042 321815,-1213041 317047,-1218361 373283))
3111;POLYGON((2036355 3828720,2087839 3831020,2090212 3774566,2039025 3772280,2036355 3828720))
3107;POLYGON((1557709 2761628,1608360 2758929,1605271 2703383,1554878 2706068,1557709 2761628))
3308;POLYGON((8638238 5396057,8689084 5399103,8692291 5343332,8641711 5340303,8638238 5396057))
3112;POLYGON((648284 -2858626,698103 -2861305,695055 -2915959,645454 -2913292,648284 -2858626))
3577;POLYGON((847645 -2730779,897426 -2734194,893482 -2790093,843919 -2786693,847645 -2730779))
