4326;POLYGON((140.0 -19.75,140.5 -19.75,140.5 -20.25,140.0 -20.25,140.0 -19.75))
28348;POLYGON((4353298 7379394,4414063 7364865,4398374 7300650,4337961 7315446,4353298 7379394))
28349;POLYGON((3642680 7529965,3700689 7518973,3688807 7457652,3631080 7468856,3642680 7529965))
28350;POLYGON((2961097 7642641,3016960 7634524,3008170 7575469,2952540 7583749,2961097 7642641))
28351;POLYGON((2301629 7723953,2355897 7718256,2349708 7660894,2295640 7666707,2301629 7723953))
28352;POLYGON((1657991 7778293,1711167 7774717,1707256 7718520,1654259 7722169,1657991 7778293))
28353;POLYGON((1024363 7808438,1076919 7806806,1075091 7751279,1022703 7752945,1024363 7808438))
28354;POLYGON((395226 7815874,447614 7816106,447779 7760774,395556 7760537,395226 7815874))
28355;POLYGON((-234806 7800962,-182137 7803068,-179970 7747463,-232468 7745312,-234806 7800962))
28356;POLYGON((-871145 7762976,-817741 7767060,-813467 7710704,-866687 7706535,-871145 7762976))
28357;POLYGON((-1519394 7700026,-1464776 7706295,-1458180 7648688,-1512590 7642291,-1519394 7700026))
28358;POLYGON((-2185507 7608839,-2129162 7617626,-2119895 7558235,-2175998 7549274,-2185507 7608839))
3113;POLYGON((-1321680 960514,-1268255 964600,-1263979 908222,-1317220 904051,-1321680 960514))
3111;POLYGON((1953401 4425035,2008018 4427762,2010744 4370136,1956430 4367424,1953401 4425035))
3107;POLYGON((1534258 3351623,1587640 3349027,1584769 3292700,1531648 3295283,1534258 3351623))
3308;POLYGON((8547822 5982627,8601477 5986099,8605005 5929473,8551621 5926019,8547822 5982627))
3112;POLYGON((625963 -2280430,678082 -2283024,675234 -2338038,623334 -2335455,625963 -2280430))
3577;POLYGON((834538 -2142440,886622 -2145808,882925 -2201292,831059 -2197938,834538 -2142440))
