4326;POLYGON((139.75 -9.0,140.25 -9.0,140.25 -9.5,139.75 -9.5,139.75 -9.0))
28348;POLYGON((4564418 8792163,4630779 8784886,4623172 8717961,4556992 8725618,4564418 8792163))
28349;POLYGON((3794809 8866950,3857228 8861530,3851557 8798621,3789280 8804327,3794809 8866950))
28350;POLYGON((3065825 8922146,3125299 8918192,3121157 8858278,3061797 8862441,3065825 8922146))
28351;POLYGON((2366672 8961525,2424026 8958781,2421141 8901024,2363883 8903915,2366672 8961525))
28352;POLYGON((1688267 8987554,1744207 8985852,1742407 8929541,1686551 8931333,1688267 8987554))
28353;POLYGON((1022664 9001752,1077823 9000997,1077003 8945496,1021924 8946291,1022664 9001752))
28354;POLYGON((362597 9004913,417562 9005063,417678 8949779,362791 8949621,362597 9004913))
28355;POLYGON((-298920 8997208,-243567 8998272,-242509 8942624,-297780 8941504,-298920 8997208))
28356;POLYGON((-968944 8978215,-912605 8980251,-910545 8923640,-966796 8921495,-968944 8978215))
28357;POLYGON((-1654975 8946857,-1596997 8949982,-1593818 8891757,-1651694 8888465,-1654975 8946857))
28358;POLYGON((-2365370 8901251,-2305014 8905660,-2300520 8845081,-2360754 8840440,-2365370 8901251))
3113;POLYGON((-1419517 2176227,-1363156 2178264,-1361095 2121630,-1417368 2119485,-1419517 2176227))
3111;POLYGON((1855490 5702628,1916818 5705852,1919893 5644276,1858888 5641069,1855490 5702628))
3107;POLYGON((1562207 4594837,1621342 4592098,1618454 4532719,1559594 4535445,1562207 4594837))
3308;POLYGON((8434115 7230709,8493745 7234711,8497620 7174824,8438277 7170842,8434115 7230709))
3112;POLYGON((655017 -1075421,711930 -1078140,709085 -1135307,652399 -1132598,655017 -1075421))
3577;POLYGON((879750 -967600,936432 -971154,932973 -1024639,876501 -1021098,879750 -967600))
