4326;POLYGON((140.5 -23.75,141.0 -23.75,141.0 -24.25,140.5 -24.25,140.5 -23.75))
28348;POLYGON((4279448 6856103,4337442 6839268,4318797 6776281,4261206 6793331,4279448 6856103))
28349;POLYGON((3598380 7031425,3654156 7018571,3639902 6957954,3584454 6970986,3598380 7031425))
28350;POLYGON((2941072 7163793,2995068 7154216,2984429 7095521,2930708 7105238,2941072 7163793))
28351;POLYGON((2302367 7260196,2355004 7253407,2347439 7196187,2295039 7203080,2302367 7260196))
28352;POLYGON((1677296 7325429,1728982 7321098,1724124 7264919,1672652 7269317,1677296 7325429))
28353;POLYGON((1061072 7362583,1112200 7360509,1109825 7304947,1058897 7307054,1061072 7362583))
28354;POLYGON((449046 7373361,500000 7373451,500000 7318094,449242 7318003,449046 7373361))
28355;POLYGON((-163360 7358252,-112200 7360509,-109825 7304947,-160783 7302655,-163360 7358252))
28356;POLYGON((-780733 7316572,-728982 7321098,-724124 7264919,-775659 7260322,-780733 7316572))
28357;POLYGON((-1407739 7246400,-1355004 7253407,-1347439 7196187,-1399934 7189074,-1407739 7246400))
28358;POLYGON((-2049195 7144387,-1995068 7154216,-1984429 7095521,-2038279 7085549,-2049195 7144387))
3113;POLYGON((-1231232 513936,-1179462 518464,-1174602 462262,-1226157 457664,-1231232 513936))
3111;POLYGON((2029661 3970239,2081888 3972572,2084272 3915877,2032342 3913557,2029661 3970239))
3107;POLYGON((1564799 2900771,1616094 2898038,1612997 2842350,1561960 2845069,1564799 2900771))
3308;POLYGON((8629536 5535731,8681051 5538817,8684267 5482880,8633020 5479810,8629536 5535731))
3112;POLYGON((655363 -2721894,705725 -2724601,702675 -2779297,652531 -2776601,655363 -2721894))
3577;POLYGON((856951 -2591105,907279 -2594557,903339 -2650391,853230 -2646953,856951 -2591105))
