4326;POLYGON((140.25 -12.25,140.75 -12.25,140.75 -12.75,140.25 -12.75,140.25 -12.25))
28348;POLYGON((4574303 8351643,4639676 8341739,4629290 8275133,4564161 8285396,4574303 8351643))
28349;POLYGON((3815068 8453666,3876711 8446256,3868934 8383473,3807481 8391157,3815068 8453666))
28350;POLYGON((3094469 8529323,3153297 8523890,3147587 8463992,3088912 8469629,3094469 8529323))
28351;POLYGON((2402539 8583636,2459320 8579835,2455314 8522040,2398663 8525985,2402539 8583636))
28352;POLYGON((1730785 8619917,1786182 8617525,1783644 8561157,1728362 8563640,1730785 8619917))
28353;POLYGON((1071711 8640232,1126320 8639116,1125110 8583570,1070607 8584729,1071711 8640232))
28354;POLYGON((418429 8645688,472810 8645789,472862 8590497,418586 8590392,418429 8645688))
28355;POLYGON((-235675 8636575,-180973 8637897,-179656 8582305,-234249 8580932,-235675 8636575))
28356;POLYGON((-897255 8612406,-841671 8615022,-839017 8558559,-894484 8555844,-897255 8612406))
28357;POLYGON((-1573319 8571854,-1516245 8575908,-1512107 8517965,-1569048 8513757,-1573319 8571854))
28358;POLYGON((-2271571 8512572,-2212330 8518307,-2206463 8458201,-2265545 8452251,-2271571 8512572))
3113;POLYGON((-1347801 1810275,-1292194 1812892,-1289539 1756407,-1345028 1753691,-1347801 1810275))
3111;POLYGON((1936603 5309652,1995866 5312455,1998554 5252294,1939607 5249506,1936603 5309652))
3107;POLYGON((1602729 4209378,1660080 4206456,1656978 4148232,1599896 4151140,1602729 4209378))
3308;POLYGON((8518710 6848886,8576511 6852488,8580027 6793795,8522506 6790211,8518710 6848886))
3112;POLYGON((693557 -1447265,748991 -1450134,745964 -1506431,690755 -1503573,693557 -1447265))
3577;POLYGON((913813 -1320926,969112 -1324610,965393 -1378830,910306 -1375160,913813 -1320926))
