4326;POLYGON((139.75 -17.5,140.25 -17.5,140.25 -18.0,139.75 -18.0,139.75 -17.5))
28348;POLYGON((4387146 7675648,4449269 7662552,4435288 7597745,4373483 7611134,4387146 7675648))
28349;POLYGON((3662113 7811045,3721206 7801182,3710665 7739530,3651826 7749622,3662113 7811045))
28350;POLYGON((2968782 7911924,3025547 7904671,3017783 7845453,2961227 7852878,2968782 7911924))
28351;POLYGON((2299312 7984388,2354365 7979324,2348926 7921902,2294052 7927089,2299312 7984388))
28352;POLYGON((1646741 8032507,1700634 8029356,1697225 7973157,1643492 7976385,1646741 8032507))
28353;POLYGON((1004722 8058829,1057968 8057428,1056413 8001921,1003317 8003356,1004722 8058829))
28354;POLYGON((367295 8064695,420380 8064974,420601 8009653,367663 8009368,367295 8064695))
28355;POLYGON((-271336 8050400,-217929 8052372,-215922 7996739,-269176 7994718,-271336 8050400))
28356;POLYGON((-917010 8015223,-862789 8018988,-858893 7962534,-912950 7958676,-917010 8015223))
28357;POLYGON((-1575822 7957348,-1520263 7963104,-1514276 7905289,-1569648 7899393,-1575822 7957348))
28358;POLYGON((-2254343 7873641,-2196875 7881708,-2188466 7821944,-2245713 7813686,-2254343 7873641))
3113;POLYGON((-1367563 1212859,-1313320 1216626,-1309423 1160150,-1363501 1156290,-1367563 1212859))
3111;POLYGON((1911692 4684533,1967672 4687476,1970582 4629207,1914908 4626280,1911692 4684533))
3107;POLYGON((1518774 3607645,1573341 3605118,1570578 3548315,1516274 3550830,1518774 3607645))
3308;POLYGON((8503200 6236874,8558072 6240557,8561769 6183425,8507170 6179761,8503200 6236874))
3112;POLYGON((611274 -2030811,664386 -2033348,661633 -2088656,608741 -2086129,611274 -2030811))
3577;POLYGON((823613 -1891872,876677 -1895200,873108 -1950387,820260 -1947074,823613 -1891872))
