4326;POLYGON((140.0 -23.25,140.5 -23.25,140.5 -23.75,140.0 -23.75,140.0 -23.25))
28348;POLYGON((4239203 6935315,4297386 6919063,4279448 6856103,4221656 6872573,4239203 6935315))
28349;POLYGON((3556131 7104359,3612059 7091980,3598380 7031425,3542769 7043983,3556131 7104359))
28350;POLYGON((2897113 7231602,2951245 7222414,2941072 7163793,2887206 7173121,2897113 7231602))
28351;POLYGON((2256782 7323817,2309555 7317345,2302367 7260196,2249824 7266770,2256782 7323817))
28352;POLYGON((1630016 7385623,1681850 7381552,1677296 7325429,1625671 7329566,1630016 7385623))
28353;POLYGON((1011909 7419972,1063204 7418111,1061072 7362583,1009973 7364474,1011909 7419972))
28354;POLYGON((397704 7428452,448853 7428716,449046 7373361,398089 7373093,397704 7428452))
28355;POLYGON((-217279 7411449,-165886 7413851,-163360 7358252,-214554 7355812,-217279 7411449))
28356;POLYGON((-837738 7368187,-785708 7372836,-780733 7316572,-832550 7311848,-837738 7368187))
28357;POLYGON((-1468470 7296647,-1415397 7303763,-1407739 7246400,-1460574 7239173,-1468470 7296647))
28358;POLYGON((-2114449 7193364,-2059910 7203298,-2049195 7144387,-2103457 7134303,-2114449 7193364))
3113;POLYGON((-1288260 565571,-1236209 570222,-1231232 513936,-1283070 509210,-1288260 565571))
3111;POLYGON((1974462 4024401,2026975 4027023,2029661 3970239,1977447 3967631,1974462 4024401))
3107;POLYGON((1516075 2959044,1567640 2956537,1564799 2900771,1513492 2903266,1516075 2959044))
3308;POLYGON((8574279 5588376,8626047 5591726,8629536 5535731,8578036 5532399,8574279 5588376))
3112;POLYGON((607606 -2664644,658196 -2667162,655363 -2721894,604990 -2719386,607606 -2664644))
3577;POLYGON((810111 -2532020,860671 -2535289,856951 -2591105,806610 -2587850,810111 -2532020))
