4326;POLYGON((140.25 -34.5,140.75 -34.5,140.75 -35.0,140.25 -35.0,140.25 -34.5))
28348;POLYGON((3802536 5559807,3851046 5540184,3827003 5481692,3778958 5501373,3802536 5559807))
28349;POLYGON((3224694 5766847,3272541 5751500,3253707 5693749,3206261 5709159,3224694 5766847))
28350;POLYGON((2654782 5926374,2701984 5914743,2687679 5857740,2640829 5869430,2654782 5926374))
28351;POLYGON((2092077 6044164,2138725 6035831,2128441 5979482,2082110 5987863,2092077 6044164))
28352;POLYGON((1535165 6124396,1581396 6119068,1574773 6063217,1528835 6068578,1535165 6124396))
28353;POLYGON((982210 6169868,1028188 6167360,1025000 6111816,979302 6114340,982210 6169868))
28354;POLYGON((431146 6182147,477049 6182374,477187 6126928,431560 6126699,431146 6182147))
28355;POLYGON((-120188 6161653,-74180 6164622,-70712 6109060,-116438 6106072,-120188 6161653))
28356;POLYGON((-673945 6107684,-627655 6113498,-620738 6057612,-666731 6051763,-673945 6107684))
28357;POLYGON((-1232146 6018376,-1185414 6027236,-1174811 5970837,-1221220 5961928,-1232146 6018376))
28358;POLYGON((-1796542 5890602,-1749237 5902820,-1734576 5845757,-1781522 5833478,-1796542 5890602))
3113;POLYGON((-1124403 -695423,-1078095 -689607,-1071175 -745514,-1117186 -751366,-1124403 -695423))
3111;POLYGON((2063597 2766541,2109502 2768713,2111979 2713266,2066365 2711108,2063597 2766541))
3107;POLYGON((1481250 1711619,1527042 1709285,1524095 1653967,1478559 1656287,1481250 1711619))
3308;POLYGON((8680953 4341463,8726752 4344317,8730066 4288981,8684533 4286144,8680953 4341463))
3112;POLYGON((571547 -3898558,617228 -3900923,614260 -3956130,568798 -3953777,571547 -3898558))
3577;POLYGON((754095 -3790818,799728 -3793858,795919 -3849386,750503 -3846360,754095 -3790818))
