4326;POLYGON((140.0 -36.75,140.5 -36.75,140.5 -37.25,140.0 -37.25,140.0 -36.75))
28348;POLYGON((3671590 5308213,3717984 5288572,3693244 5231029,3647317 5250698,3671590 5308213))
28349;POLYGON((3117280 5515950,3163287 5500522,3143821 5443401,3098222 5458870,3117280 5515950))
28350;POLYGON((2567996 5676558,2613572 5664836,2598749 5608219,2553536 5619983,2567996 5676558))
28351;POLYGON((2023714 5795281,2068895 5786885,2058239 5730741,2013388 5739173,2023714 5795281))
28352;POLYGON((1483639 5875962,1528513 5870620,1521684 5814850,1477117 5820217,1483639 5875962))
28353;POLYGON((946494 5921186,991181 5918729,987963 5863192,943571 5865661,946494 5921186))
28354;POLYGON((410732 5932394,455366 5932743,455657 5877276,411314 5876925,410732 5932394))
28355;POLYGON((-125309 5909939,-80587 5913107,-76777 5857541,-121201 5854359,-125309 5909939))
28356;POLYGON((-663268 5853111,-618327 5859196,-610878 5803373,-655507 5797260,-663268 5853111))
28357;POLYGON((-1204622 5760096,-1159349 5769294,-1148025 5713077,-1192961 5703841,-1204622 5760096))
28358;POLYGON((-1750514 5627904,-1704831 5640512,-1689271 5583811,-1734581 5571161,-1750514 5627904))
3113;POLYGON((-1113722 -950095,-1068763 -944008,-1061311 -999853,-1105958 -1005968,-1113722 -950095))
3111;POLYGON((2053757 2516018,2098346 2518245,2100968 2462826,2056669 2460614,2053757 2516018))
3107;POLYGON((1446805 1463424,1491448 1461253,1488621 1405758,1444234 1407917,1446805 1463424))
3308;POLYGON((8674775 4090879,8719374 4093765,8722828 4038317,8678494 4035448,8674775 4090879))
3112;POLYGON((536800 -4146561,581495 -4148786,578617 -4204367,534144 -4202154,536800 -4146561))
3577;POLYGON((715636 -4038770,760299 -4041658,756622 -4096847,712174 -4093973,715636 -4038770))
