4326;POLYGON((139.75 -15.75,140.25 -15.75,140.25 -16.25,139.75 -16.25,139.75 -15.75))
28348;POLYGON((4432241 7902586,4495425 7890563,4482684 7825233,4419794 7837570,4432241 7902586))
28349;POLYGON((3696005 8026702,3755937 8017673,3746359 7955708,3686660 7964981,3696005 8026702))
28350;POLYGON((2993642 8118957,3051095 8112331,3044055 8052939,2986792 8059747,2993642 8118957))
28351;POLYGON((2316604 8185113,2372245 8180493,2367321 8122987,2311842 8127736,2316604 8185113))
28352;POLYGON((1657415 8228992,1711834 8226120,1708751 8169892,1654476 8172845,1657415 8228992))
28353;POLYGON((1009338 8252977,1063075 8251701,1061669 8196195,1008067 8197507,1009338 8252977))
28354;POLYGON((366086 8258321,419655 8258575,419854 8203263,366419 8203002,366086 8258321))
28355;POLYGON((-278430 8245297,-224523 8247094,-222708 8191458,-276477 8189610,-278430 8245297))
28356;POLYGON((-930354 8213235,-875590 8216668,-872065 8160174,-926680 8156645,-930354 8213235))
28357;POLYGON((-1596125 8160438,-1539949 8165692,-1534527 8107773,-1590533 8102374,-1596125 8160438))
28358;POLYGON((-2282754 8083969,-2224553 8091344,-2216924 8031377,-2274923 8023800,-2282754 8083969))
3113;POLYGON((-1380912 1410949,-1326126 1414383,-1322600 1357867,-1377236 1354336,-1380912 1410949))
3111;POLYGON((1900367 4889685,1957425 4892685,1960363 4833846,1903614 4830863,1900367 4889685))
3107;POLYGON((1527564 3807439,1583055 3804869,1580272 3747642,1525046 3750200,1527564 3807439))
3308;POLYGON((8489233 6437791,8545067 6441538,8548794 6383946,8493235 6380218,8489233 6437791))
3112;POLYGON((620167 -1836575,674052 -1839150,671285 -1894739,617621 -1892175,620167 -1836575))
3577;POLYGON((835310 -1699290,889128 -1702664,885577 -1757571,831974 -1754210,835310 -1699290))
