4326;POLYGON((139.75 -20.75,140.25 -20.75,140.25 -21.25,139.75 -21.25,139.75 -20.75))
28348;POLYGON((4292360 7259065,4352294 7244178,4336126 7180437,4276552 7195575,4292360 7259065))
28349;POLYGON((3590573 7413451,3647917 7402176,3635657 7341168,3578603 7352644,3590573 7413451))
28350;POLYGON((2916145 7529047,2971463 7520721,2962393 7461863,2907316 7470344,2916145 7529047))
28351;POLYGON((2262619 7612380,2316429 7606549,2310056 7549302,2256454 7555244,2262619 7612380))
28352;POLYGON((1624057 7667851,1676837 7664216,1672834 7608075,1620241 7611781,1624057 7667851))
28353;POLYGON((994906 7698240,1047106 7696622,1045278 7641111,993254 7642761,994906 7698240))
28354;POLYGON((369866 7705017,421922 7705339,422182 7649999,370298 7649670,369866 7705017))
28355;POLYGON((-256253 7688505,-203908 7690782,-201549 7635157,-253715 7632836,-256253 7688505))
28356;POLYGON((-888669 7647914,-835598 7652256,-831025 7595884,-883904 7591458,-888669 7647914))
28357;POLYGON((-1532772 7581255,-1478514 7587878,-1471503 7530277,-1525544 7523529,-1532772 7581255))
28358;POLYGON((-2194259 7485122,-2138325 7494372,-2128511 7435029,-2184190 7425610,-2194259 7485122))
3113;POLYGON((-1339211 845407,-1286119 849751,-1281545 793357,-1334444 788929,-1339211 845407))
3111;POLYGON((1932451 4308492,1986456 4311331,1989320 4253974,1935616 4251150,1932451 4308492))
3107;POLYGON((1502609 3240230,1555475 3237781,1552744 3181628,1500137 3184065,1502609 3240230))
3308;POLYGON((8528862 5867699,8581967 5871263,8585618 5814846,8532783 5811301,8528862 5867699))
3112;POLYGON((594863 -2389219,646550 -2391688,643816 -2446607,592348 -2444148,594863 -2389219))
3577;POLYGON((801746 -2251899,853401 -2255138,849806 -2310741,798368 -2307516,801746 -2251899))
