4326;POLYGON((139.75 -19.25,140.25 -19.25,140.25 -19.75,139.75 -19.75,139.75 -19.25))
28348;POLYGON((4337848 7450512,4398827 7436418,4383648 7372171,4323012 7386536,4337848 7450512))
28349;POLYGON((3624956 7596463,3683137 7585816,3671659 7524502,3613752 7535362,3624956 7596463))
28350;POLYGON((2941470 7705485,2997483 7697639,2989009 7638610,2933223 7646619,2941470 7705485))
28351;POLYGON((2280287 7783946,2334694 7778459,2328749 7721128,2274536 7726732,2280287 7783946))
28352;POLYGON((1634985 7836112,1688301 7832695,1684570 7776526,1631429 7780017,1634985 7836112))
28353;POLYGON((999636 7864671,1052340 7863150,1050637 7807641,998097 7809195,999636 7864671))
28354;POLYGON((368627 7871037,421179 7871340,421421 7816009,369030 7815700,368627 7871037))
28355;POLYGON((-263520 7855523,-210664 7857663,-208466 7802035,-261156 7799848,-263520 7855523))
28356;POLYGON((-902320 7817368,-848695 7821451,-844433 7765040,-897878 7760869,-902320 7817368))
28357;POLYGON((-1553495 7754654,-1498612 7760888,-1492069 7703184,-1546749 7696818,-1553495 7754654))
28358;POLYGON((-2223156 7664084,-2166486 7672805,-2157314 7613261,-2213743 7604360,-2223156 7664084))
3113;POLYGON((-1352867 1014927,-1299221 1019012,-1294958 962578,-1348423 958406,-1352867 1014927))
3111;POLYGON((1922911 4481303,1977824 4484190,1980708 4426434,1926098 4423563,1922911 4481303))
3107;POLYGON((1510046 3409272,1563695 3406787,1560950 3350356,1507563 3352829,1510046 3409272))
3308;POLYGON((8517059 6037501,8570977 6041119,8574647 5984395,8521001 5980795,8517059 6037501))
3112;POLYGON((602422 -2224123,654766 -2226624,652024 -2281701,599900 -2279210,602422 -2224123))
3577;POLYGON((811859 -2085390,864166 -2088669,860582 -2144099,808491 -2140833,811859 -2085390))
