4326;POLYGON((140.25 -38.75,140.75 -38.75,140.75 -39.25,140.25 -39.25,140.25 -38.75))
28348;POLYGON((3595599 5069521,3640120 5049621,3614379 4992888,3570332 5012789,3595599 5069521))
28349;POLYGON((3062179 5280658,3106549 5264934,3086175 5208335,3042224 5224080,3062179 5280658))
28350;POLYGON((2531333 5444816,2575450 5432803,2559850 5376492,2516108 5388532,2531333 5444816))
28351;POLYGON((2003660 5566850,2047513 5558194,2036231 5502201,1992721 5510883,2003660 5566850))
28352;POLYGON((1478922 5650375,1522555 5644818,1515260 5589097,1471949 5594673,1478922 5650375))
28353;POLYGON((956341 5697858,999832 5695237,996312 5639693,953129 5642324,956341 5697858))
28354;POLYGON((434827 5710698,478276 5710935,478428 5655450,435284 5655212,434827 5710698))
28355;POLYGON((-86840 5689272,-43332 5692375,-39503 5636821,-82701 5633707,-86840 5689272))
28356;POLYGON((-609867 5632951,-566203 5639010,-558586 5583270,-601926 5577190,-609867 5632951))
28357;POLYGON((-1135283 5540073,-1091387 5549269,-1079759 5493250,-1123307 5484029,-1135283 5540073))
28358;POLYGON((-1663753 5407893,-1619590 5420497,-1603612 5364159,-1647392 5351529,-1663753 5407893))
3113;POLYGON((-1060300 -1170341,-1016619 -1164279,-1008999 -1220042,-1052356 -1226124,-1060300 -1170341))
3111;POLYGON((2087121 2295457,2130551 2297511,2133030 2242033,2089891 2239992,2087121 2295457))
3107;POLYGON((1458315 1240042,1501925 1237819,1498956 1182103,1455605 1184312,1458315 1240042))
3308;POLYGON((8711438 3870336,8754981 3873049,8758314 3817409,8715037 3814713,8711438 3870336))
3112;POLYGON((548052 -4370593,591855 -4372860,588845 -4428848,545264 -4426592,548052 -4370593))
3577;POLYGON((723728 -4260403,767524 -4263321,763766 -4318101,720185 -4315197,723728 -4260403))
