4326;POLYGON((140.5 -37.5,141.0 -37.5,141.0 -38.0,140.5 -38.0,140.5 -37.5))
28348;POLYGON((3680800 5202334,3726510 5182278,3701002 5125023,3655766 5145095,3680800 5202334))
28349;POLYGON((3134021 5414890,3179443 5399074,3159294 5342120,3114288 5357969,3134021 5414890))
28350;POLYGON((2591281 5579940,2636342 5567864,2620924 5511331,2576235 5523443,2591281 5579940))
28351;POLYGON((2052868 5702685,2097579 5693970,2086414 5637855,2042039 5646602,2052868 5702685))
28352;POLYGON((1518240 5786971,1562671 5781344,1555413 5725573,1511296 5731223,1518240 5786971))
28353;POLYGON((986339 5835423,1030592 5832710,1027018 5777160,983065 5779885,986339 5835423))
28354;POLYGON((455804 5849541,500000 5849658,500000 5794184,456101 5794067,455804 5849541))
28355;POLYGON((-74856 5829759,-30592 5832710,-27018 5777160,-70980 5774196,-74856 5829759))
28356;POLYGON((-607122 5775468,-562671 5781344,-555413 5725573,-599548 5719672,-607122 5775468))
28357;POLYGON((-1142318 5684986,-1097579 5693970,-1086414 5637855,-1130813 5628839,-1142318 5684986))
28358;POLYGON((-1681433 5555493,-1636342 5567864,-1620924 5511331,-1665642 5498923,-1681433 5555493))
3113;POLYGON((-1057554 -1027768,-1013086 -1021890,-1005825 -1077683,-1049977 -1083586,-1057554 -1027768))
3111;POLYGON((2102279 2435114,2146442 2437087,2148773 2381644,2104901 2379684,2102279 2435114))
3107;POLYGON((1487206 1377992,1531454 1375635,1528365 1320077,1484374 1322421,1487206 1377992))
3308;POLYGON((8724556 4010578,8768770 4013226,8771963 3957702,8728015 3955069,8724556 4010578))
3112;POLYGON((577177 -4232193,621531 -4234578,618424 -4290293,574292 -4287920,577177 -4232193))
3577;POLYGON((754785 -4124408,799113 -4127448,795229 -4182483,751117 -4179457,754785 -4124408))
