4326;POLYGON((141.5 -38.0,142.0 -38.0,142.0 -38.5,141.5 -38.5,141.5 -38.0))
28348;POLYGON((3746250 5104572,3791508 5083739,3764842 5026680,3720070 5047518,3746250 5104572))
28349;POLYGON((3204324 5325940,3249377 5309424,3228203 5252556,3183576 5269098,3204324 5325940))
28350;POLYGON((2665642 5498923,2710386 5486217,2694062 5429702,2649698 5442440,2665642 5498923))
28351;POLYGON((2130813 5628839,2175237 5619552,2163268 5563420,2119189 5572738,2130813 5628839))
28352;POLYGON((1599548 5719672,1643703 5713520,1635726 5657719,1591892 5663894,1599548 5719672))
28353;POLYGON((1070980 5774196,1114952 5770992,1110727 5715417,1067060 5718634,1070980 5774196))
28354;POLYGON((543898 5794067,587798 5793713,587198 5738232,543599 5738588,543898 5794067))
28355;POLYGON((16934 5779885,60877 5782371,63885 5726843,20244 5724347,16934 5779885))
28356;POLYGON((-511296 5731223,-467196 5736624,-460491 5680911,-504275 5675489,-511296 5731223))
28357;POLYGON((-1042039 5646602,-997689 5655083,-987085 5599070,-1031097 5590561,-1042039 5646602))
28358;POLYGON((-1576235 5523443,-1531572 5535262,-1516748 5478877,-1561040 5467025,-1576235 5523443))
3113;POLYGON((-961690 -1072031,-917574 -1066628,-910866 -1122362,-954667 -1127786,-961690 -1072031))
3111;POLYGON((2192655 2383373,2236546 2384872,2238295 2329394,2194695 2327905,2192655 2383373))
3107;POLYGON((1572344 1317530,1616311 1314780,1612705 1259196,1568995 1261931,1572344 1317530))
3308;POLYGON((8815924 3960124,8859895 3962336,8862558 3906737,8818853 3904539,8815924 3960124))
3112;POLYGON((662547 -4292841,706659 -4295565,703103 -4351356,659213 -4348646,662547 -4292841))
3577;POLYGON((839330 -4185681,883417 -4189053,879111 -4243955,835238 -4240600,839330 -4185681))
