4326;POLYGON((141.5 -19.5,142.0 -19.5,142.0 -20.0,141.5 -20.0,141.5 -19.5))
28348;POLYGON((4544451 7367251,4606192 7351846,4589583 7286707,4528212 7302397,4544451 7367251))
28349;POLYGON((3823452 7527108,3882236 7515418,3869621 7453376,3811131 7465294,3823452 7527108))
28350;POLYGON((3133715 7647346,3190181 7638648,3180780 7579048,3124555 7587922,3133715 7647346))
28351;POLYGON((2468016 7735110,2522736 7728906,2516012 7671154,2461497 7677487,2468016 7735110))
28352;POLYGON((1819840 7795243,1873334 7791202,1868929 7734754,1815617 7738881,1819840 7795243))
28353;POLYGON((1183201 7830871,1235953 7828787,1233644 7773137,1181060 7775265,1183201 7830871))
28354;POLYGON((552466 7843770,604935 7843541,604609 7788206,552303 7788440,552466 7843770))
28355;POLYGON((-77817 7834569,-25179 7836184,-23538 7780691,-76011 7779042,-77817 7834569))
28356;POLYGON((-713088 7802820,-659824 7806357,-656136 7750230,-709223 7746617,-713088 7802820))
28357;POLYGON((-1358937 7746948,-1304571 7752586,-1298652 7695327,-1352821 7689571,-1358937 7746948))
28358;POLYGON((-2021280 7664073,-1965302 7672108,-1956843 7613188,-2012590 7604989,-2021280 7664073))
3113;POLYGON((-1163561 1000373,-1110276 1003912,-1106587 947763,-1159695 944149,-1163561 1000373))
3111;POLYGON((2116229 4461233,2171034 4463105,2172853 4405375,2118352 4403514,2116229 4461233))
3107;POLYGON((1696062 3371279,1749533 3367934,1745878 3311604,1692668 3314933,1696062 3371279))
3308;POLYGON((8707338 6020640,8761173 6023348,8763890 5966624,8710327 5963930,8707338 6020640))
3112;POLYGON((783931 -2261318,836125 -2264541,832619 -2319545,780644 -2316336,783931 -2261318))
3577;POLYGON((992812 -2125452,1044962 -2129440,1040616 -2184846,988684 -2180875,992812 -2125452))
