4326;POLYGON((141.25 -26.0,141.75 -26.0,141.75 -26.5,141.25 -26.5,141.25 -26.0))
28348;POLYGON((4279296 6548377,4335700 6530059,4315065 6467696,4259095 6486198,4279296 6548377))
28349;POLYGON((3615254 6739840,3669738 6725754,3653852 6665460,3599723 6679704,3615254 6739840))
28350;POLYGON((2972076 6885459,3024977 6874882,3013026 6816319,2960424 6827024,2972076 6885459))
28351;POLYGON((2345637 6992496,2397303 6984914,2388711 6927713,2337305 6935392,2345637 6992496))
28352;POLYGON((1731753 7066003,1782532 7061067,1776905 7004851,1726359 7009852,1731753 7066003))
28353;POLYGON((1126254 7109303,1176493 7106793,1173582 7051184,1123562 7053727,1126254 7109303))
28354;POLYGON((525019 7124292,575059 7124100,574738 7068724,524912 7068918,525019 7124292))
28355;POLYGON((-76045 7111616,-25863 7113735,-23607 7058218,-73571 7056072,-76045 7111616))
28356;POLYGON((-681031 7070730,-630366 7075250,-625436 7019220,-675870 7014641,-681031 7070730))
28357;POLYGON((-1294059 6999846,-1242565 7006966,-1234744 6950047,-1285984 6942835,-1294059 6999846))
28358;POLYGON((-1919291 6895770,-1866620 6905817,-1855555 6847630,-1907934 6837460,-1919291 6895770))
3113;POLYGON((-1131492 267998,-1080807 272520,-1075875 216468,-1126329 211887,-1131492 267998))
3111;POLYGON((2118032 3719238,2168940 3721110,2170862 3664814,2120250 3662952,2118032 3719238))
3107;POLYGON((1627250 2646463,1677367 2643444,1673899 2588016,1624038 2591019,1627250 2646463))
3308;POLYGON((8720656 5289038,8770989 5291690,8773790 5236012,8723723 5233374,8720656 5289038))
3112;POLYGON((716696 -2972004,766063 -2974954,762690 -3029573,713541 -3026636,716696 -2972004))
3577;POLYGON((914203 -2847775,963525 -2851450,959250 -2907359,910146 -2903700,914203 -2847775))
