4326;POLYGON((141.0 -11.0,141.5 -11.0,141.5 -11.5,141.0 -11.5,141.0 -11.0))
28348;POLYGON((4697033 8504201,4763537 8494889,4753793 8427415,4687518 8437112,4697033 8504201))
28349;POLYGON((3925997 8600101,3988511 8593135,3981216 8529743,3918880 8537001,3925997 8600101))
28350;POLYGON((3196275 8671296,3255779 8666176,3250411 8605858,3191049 8611195,3196275 8671296))
28351;POLYGON((2497248 8722645,2554555 8719037,2550762 8660966,2493574 8664728,2497248 8722645))
28352;POLYGON((1819958 8757355,1875765 8755042,1873320 8698511,1817618 8700922,1819958 8757355))
28353;POLYGON((1156583 8777442,1211510 8776295,1210274 8720676,1155444 8721873,1156583 8777442))
28354;POLYGON((500000 8784020,554622 8783975,554528 8728686,500000 8728734,500000 8784020))
28355;POLYGON((-156583 8777442,-101704 8778497,-100661 8722973,-155444 8721873,-156583 8777442))
28356;POLYGON((-819958 8757355,-764247 8759566,-762011 8703229,-817618 8700922,-819958 8757355))
28357;POLYGON((-1497248 8722645,-1440091 8726138,-1436535 8668370,-1493574 8664728,-1497248 8722645))
28358;POLYGON((-2196275 8671296,-2136984 8676280,-2131898 8616390,-2191049 8611195,-2196275 8671296))
3113;POLYGON((-1270473 1955281,-1214741 1957493,-1212503 1901134,-1268132 1898826,-1270473 1955281))
3111;POLYGON((2019141 5465073,2079219 5467441,2081452 5406736,2021693 5404381,2019141 5465073))
3107;POLYGON((1696882 4351159,1754888 4347800,1751357 4289183,1693622 4292527,1696882 4351159))
3308;POLYGON((8596936 7001705,8655468 7004930,8658586 6945772,8600337 6942562,8596936 7001705))
3112;POLYGON((784579 -1310391,840557 -1313624,837175 -1370210,781424 -1366990,784579 -1310391))
3577;POLYGON((1006286 -1191480,1062090 -1195528,1058073 -1249450,1002480 -1245418,1006286 -1191480))
