4326;POLYGON((141.0 -27.25,141.5 -27.25,141.5 -27.75,141.0 -27.75,141.0 -27.25))
28348;POLYGON((4200655 6402554,4255890 6383987,4234754 6322248,4179959 6340978,4200655 6402554))
28349;POLYGON((3549232 6596857,3602754 6582549,3586446 6522669,3533286 6537120,3549232 6596857))
28350;POLYGON((2916557 6744856,2968649 6734103,2956370 6675800,2904586 6686670,2916557 6744856))
28351;POLYGON((2299068 6853627,2350036 6845928,2341218 6788876,2290518 6796664,2299068 6853627))
28352;POLYGON((1693020 6928118,1743180 6923131,1737432 6866985,1687515 6872033,1693020 6928118))
28353;POLYGON((1094604 6971585,1144273 6969094,1141349 6913504,1091907 6916026,1094604 6971585))
28354;POLYGON((500000 6985874,549497 6985775,549274 6930390,500000 6930490,500000 6985874))
28355;POLYGON((-94604 6971585,-44960 6973874,-42491 6918343,-91907 6916026,-94604 6971585))
28356;POLYGON((-693020 6928118,-642914 6932891,-637649 6876863,-687515 6872033,-693020 6928118))
28357;POLYGON((-1299068 6853627,-1248180 6861089,-1239896 6804212,-1290518 6796664,-1299068 6853627))
28358;POLYGON((-1916557 6744856,-1864570 6755338,-1852903 6697267,-1904586 6686670,-1916557 6744856))
3113;POLYGON((-1143486 125330,-1093359 130105,-1088093 74055,-1137978 69223,-1143486 125330))
3111;POLYGON((2098491 3577652,2148655 3579629,2150719 3523533,2100849 3521567,2098491 3577652))
3107;POLYGON((1594483 2509334,1643966 2506468,1640632 2451127,1591405 2453978,1594483 2509334))
3308;POLYGON((8703489 5148576,8753150 5151312,8756078 5095762,8706682 5093040,8703489 5148576))
3112;POLYGON((684392 -3107198,733221 -3110018,729957 -3164649,681345 -3161841,684392 -3107198))
3577;POLYGON((879667 -2985863,928450 -2989401,924283 -3045338,875719 -3041816,879667 -2985863))
