4326;POLYGON((141.25 -21.25,141.75 -21.25,141.75 -21.75,141.25 -21.75,141.25 -21.25))
28348;POLYGON((4455987 7149125,4516283 7132936,4498652 7068612,4438744 7085057,4455987 7149125))
28349;POLYGON((3750335 7317381,3807967 7305061,3794535 7243546,3737214 7256074,3750335 7317381))
28350;POLYGON((3072988 7444209,3128511 7435029,3118486 7375756,3063219 7385098,3072988 7444209))
28351;POLYGON((2417577 7536820,2471503 7530277,2464337 7472711,2410631 7479374,2417577 7536820))
28352;POLYGON((1778223 7600128,1831025 7595884,1826350 7539526,1773743 7543849,1778223 7600128))
28353;POLYGON((1149423 7637310,1201549 7635157,1199136 7579534,1147192 7581727,1149423 7637310))
28354;POLYGON((525938 7650163,577817 7649999,577552 7594656,525850 7594823,525938 7650163))
28355;POLYGON((-97334 7639294,-45278 7641111,-43409 7585600,-95284 7583749,-97334 7639294))
28356;POLYGON((-725493 7604191,-672834 7608075,-668741 7551944,-721208 7547988,-725493 7604191))
28357;POLYGON((-1363762 7543161,-1310056 7549302,-1303541 7492083,-1357033 7485830,-1363762 7543161))
28358;POLYGON((-2017616 7453153,-1962393 7461863,-1953127 7403065,-2008101 7394200,-2017616 7453153))
3113;POLYGON((-1175971 801667,-1123291 805553,-1119197 749400,-1171684 745442,-1175971 801667))
3111;POLYGON((2096768 4258774,2150510 4260750,2152466 4203480,2099025 4201514,2096768 4258774))
3107;POLYGON((1657921 3176025,1710488 3172858,1706983 3116833,1654675 3119984,1657921 3176025))
3308;POLYGON((8691336 5821179,8744216 5823966,8747052 5767597,8694441 5764824,8691336 5821179))
3112;POLYGON((746720 -2452140,798155 -2455213,794769 -2510051,743553 -2506990,746720 -2452140))
3577;POLYGON((952642 -2317796,1004039 -2321625,999787 -2377233,948608 -2373420,952642 -2317796))
