4326;POLYGON((140.75 -22.5,141.25 -22.5,141.25 -23.0,140.75 -23.0,140.75 -22.5))
28348;POLYGON((4353172 7005762,4412262 6989313,4394202 6925725,4335506 6942408,4353172 7005762))
28349;POLYGON((3660373 7176868,3717036 7164333,3703258 7103321,3646912 7116048,3660373 7176868))
28350;POLYGON((2993453 7305890,3048184 7296557,3037907 7237615,2983440 7247099,2993453 7305890))
28351;POLYGON((2346668 7399894,2399931 7393268,2392613 7335906,2339577 7342643,2346668 7399894))
28352;POLYGON((1714604 7463704,1766840 7459454,1762117 7403206,1710084 7407529,1714604 7463704))
28353;POLYGON((1092124 7500431,1143753 7498355,1141399 7442774,1089961 7444886,1092124 7500431))
28354;POLYGON((474286 7511806,525713 7511806,525620 7456458,474379 7456458,474286 7511806))
28355;POLYGON((-143753 7498355,-92124 7500431,-89961 7444886,-141399 7442774,-143753 7498355))
28356;POLYGON((-766840 7459454,-714604 7463704,-710084 7407529,-762117 7403206,-766840 7459454))
28357;POLYGON((-1399931 7393268,-1346668 7399894,-1339577 7342643,-1392613 7335906,-1399931 7393268))
28358;POLYGON((-2048184 7296557,-1993453 7305890,-1983440 7247099,-2037907 7237615,-2048184 7296557))
3113;POLYGON((-1217335 656873,-1165078 661125,-1160556 604928,-1212609 600604,-1217335 656873))
3111;POLYGON((2049421 4113621,2102401 4115849,2104646 4058882,2051966 4056667,2049421 4113621))
3107;POLYGON((1597881 3038960,1649815 3036073,1646580 2980225,1594905 2983098,1597881 3038960))
3308;POLYGON((8646896 5677460,8699089 5680461,8702182 5624324,8650258 5621338,8646896 5677460))
3112;POLYGON((687904 -2586354,738805 -2589192,735643 -2643949,684959 -2641123,687904 -2586354))
3577;POLYGON((891683 -2453356,942550 -2456945,938507 -2512682,887859 -2509108,891683 -2453356))
