4326;POLYGON((141.25 -26.75,141.75 -26.75,141.75 -27.25,141.25 -27.25,141.25 -26.75))
28348;POLYGON((4248886 6455186,4304637 6436595,4283565 6374556,4228253 6393320,4248886 6455186))
28349;POLYGON((3591867 6649684,3645816 6635364,3629564 6575274,3575976 6589744,3591867 6649684))
28350;POLYGON((2954527 6797835,3006978 6787067,2994735 6728624,2942590 6739514,2954527 6797835))
28351;POLYGON((2333086 6906854,2384361 6899128,2375551 6841989,2324542 6849807,2333086 6906854))
28352;POLYGON((1723627 6981781,1774054 6976748,1768281 6920556,1718094 6925651,1723627 6981781))
28353;POLYGON((1122198 7025939,1172107 7023380,1169119 6967772,1119435 6970365,1122198 7025939))
28354;POLYGON((524858 7041229,574576 7041034,574247 6985651,524748 6985849,524858 7041229))
28355;POLYGON((-72318 7028299,-22464 7030460,-20148 6974943,-69779 6972754,-72318 7028299))
28356;POLYGON((-673256 6986601,-622938 6991210,-617879 6935198,-667960 6930531,-673256 6986601))
28357;POLYGON((-1281895 6914344,-1230784 6921600,-1222764 6864732,-1273614 6857387,-1281895 6914344))
28358;POLYGON((-1902186 6808332,-1849954 6818562,-1838616 6760478,-1890551 6750131,-1902186 6808332))
3113;POLYGON((-1123714 183836,-1073376 188447,-1068315 132413,-1118416 127745,-1123714 183836))
3111;POLYGON((2121358 3634840,2171823 3636696,2173741 3580519,2123572 3578674,2121358 3634840))
3107;POLYGON((1622434 2563313,1672166 2560317,1668702 2504949,1619226 2507930,1622434 2563313))
3308;POLYGON((8725255 5205562,8775189 5208193,8777986 5152591,8728318 5149974,8725255 5205562))
3112;POLYGON((711963 -3053952,761004 -3056882,757631 -3111501,708808 -3108584,711963 -3053952))
3577;POLYGON((908118 -2931668,957112 -2935318,952836 -2991242,904060 -2987608,908118 -2931668))
