4326;POLYGON((141.0 -23.75,141.5 -23.75,141.5 -24.25,141.0 -24.25,141.0 -23.75))
28348;POLYGON((4337442 6839268,4395641 6822061,4376586 6758857,4318797 6776281,4337442 6839268))
28349;POLYGON((3654156 7018571,3710100 7005415,3695513 6944618,3639902 6957954,3654156 7018571))
28350;POLYGON((2995068 7154216,3049195 7144387,3038279 7085549,2984429 7095521,2995068 7154216))
28351;POLYGON((2355004 7253407,2407739 7246400,2399934 7189074,2347439 7196187,2355004 7253407))
28352;POLYGON((1728982 7321098,1780733 7316572,1775659 7260322,1724124 7264919,1728982 7321098))
28353;POLYGON((1112200 7360509,1163360 7358252,1160783 7302655,1109825 7304947,1112200 7360509))
28354;POLYGON((500000 7373451,550953 7373361,550757 7318003,500000 7318094,500000 7373451))
28355;POLYGON((-112200 7360509,-61072 7362583,-58897 7307054,-109825 7304947,-112200 7360509))
28356;POLYGON((-728982 7321098,-677296 7325429,-672652 7269317,-724124 7264919,-728982 7321098))
28357;POLYGON((-1355004 7253407,-1302367 7260196,-1295039 7203080,-1347439 7196187,-1355004 7253407))
28358;POLYGON((-1995068 7154216,-1941072 7163793,-1930708 7105238,-1984429 7095521,-1995068 7154216))
3113;POLYGON((-1179462 518464,-1127755 522796,-1123109 466662,-1174602 462262,-1179462 518464))
3111;POLYGON((2081888 3972572,2134127 3974631,2136212 3917924,2084272 3915877,2081888 3972572))
3107;POLYGON((1616094 2898038,1667375 2895068,1664021 2839395,1612997 2842350,1616094 2898038))
3308;POLYGON((8681051 5538817,8732580 5541656,8735528 5485704,8684267 5482880,8681051 5538817))
3112;POLYGON((705725 -2724601,756076 -2727509,752809 -2782193,702675 -2779297,705725 -2724601))
3577;POLYGON((907279 -2594557,957593 -2598207,953435 -2654024,903339 -2650391,907279 -2594557))
