4326;POLYGON((140.75 -9.0,141.25 -9.0,141.25 -9.5,140.75 -9.5,140.75 -9.0))
28348;POLYGON((4697521 8777431,4764652 8769795,4756669 8702084,4689728 8710118,4697521 8777431))
28349;POLYGON((3919934 8855972,3982934 8850273,3976974 8786773,3914119 8792771,3919934 8855972))
28350;POLYGON((3184984 8914128,3244887 8909951,3240512 8849600,3180727 8853999,3184984 8914128))
28351;POLYGON((2481528 8955943,2539184 8953010,2536104 8894946,2478547 8898035,2481528 8955943))
28352;POLYGON((1800241 8984069,1856372 8982202,1854399 8925695,1798355 8927661,1800241 8984069))
28353;POLYGON((1133023 9000166,1188270 8999257,1187291 8943663,1132124 8944620,1133023 9000166))
28354;POLYGON((472521 9005138,527478 9005138,527439 8949858,472560 8949858,472521 9005138))
28355;POLYGON((-188270 8999257,-133023 9000166,-132124 8944620,-187291 8943663,-188270 8999257))
28356;POLYGON((-856372 8982202,-800241 8984069,-798355 8927661,-854399 8925695,-856372 8982202))
28357;POLYGON((-1539184 8953010,-1481528 8955943,-1478547 8898035,-1536104 8894946,-1539184 8953010))
28358;POLYGON((-2244887 8909951,-2184984 8914128,-2180727 8853999,-2240512 8849600,-2244887 8909951))
3113;POLYGON((-1306901 2180215,-1250748 2182083,-1248861 2125654,-1304928 2123686,-1306901 2180215))
3111;POLYGON((1978163 5708754,2039521 5711334,2041949 5649728,1980914 5647162,1978163 5708754))
3107;POLYGON((1680464 4589086,1739572 4585800,1736134 4526450,1677302 4529721,1680464 4589086))
3308;POLYGON((8553393 7238427,8613059 7241858,8616360 7181937,8556982 7178523,8553393 7238427))
3112;POLYGON((768832 -1081086,825721 -1084258,822421 -1141400,765759 -1138241,768832 -1081086))
3577;POLYGON((993099 -974929,1049751 -978927,1045874 -1032383,989431 -1028400,993099 -974929))
