4326;POLYGON((140.75 -27.0,141.25 -27.0,141.25 -27.5,140.75 -27.5,140.75 -27.0))
28348;POLYGON((4183230 6442515,4238605 6424227,4217831 6362465,4162889 6380919,4183230 6442515))
28349;POLYGON((3530316 6633772,3583951 6619697,3567943 6559823,3514665 6574042,3530316 6633772))
28350;POLYGON((2896391 6779222,2948582 6768665,2936551 6710382,2884664 6721057,2896391 6779222))
28351;POLYGON((2277771 6885861,2328832 6878326,2320218 6821299,2269423 6828923,2277771 6885861))
28352;POLYGON((1670619 6958565,1720872 6953714,1715292 6897592,1665279 6902501,1670619 6958565))
28353;POLYGON((1071054 7000527,1120823 6998152,1118036 6942577,1068493 6944982,1071054 7000527))
28354;POLYGON((475196 7013540,524803 7013540,524693 6958158,475306 6958158,475196 7013540))
28355;POLYGON((-120823 6998152,-71054 7000527,-68493 6944982,-118036 6942577,-120823 6998152))
28356;POLYGON((-720872 6953714,-670619 6958565,-665279 6902501,-715292 6897592,-720872 6953714))
28357;POLYGON((-1328832 6878326,-1277771 6885861,-1269423 6828923,-1320218 6821299,-1328832 6878326))
28358;POLYGON((-1948582 6768665,-1896391 6779222,-1884664 6721057,-1936551 6710382,-1948582 6768665))
3113;POLYGON((-1171348 150937,-1121076 155789,-1115734 99704,-1165766 94792,-1171348 150937))
3111;POLYGON((2072159 3604632,2122465 3606747,2124678 3550619,2074666 3548517,2072159 3604632))
3107;POLYGON((1571212 2538375,1620830 2535617,1617623 2480251,1568262 2482996,1571212 2538375))
3308;POLYGON((8676999 5174899,8726787 5177762,8729848 5122197,8680327 5119349,8676999 5174899))
3112;POLYGON((661442 -3078538,710386 -3081267,707230 -3135901,658504 -3133184,661442 -3078538))
3577;POLYGON((857190 -2956186,906089 -2959637,902032 -3015580,853352 -3012145,857190 -2956186))
