4326;POLYGON((141.0 -26.0,141.5 -26.0,141.5 -26.5,141.0 -26.5,141.0 -26.0))
28348;POLYGON((4251159 6557391,4307477 6539266,4287059 6476996,4231172 6495303,4251159 6557391))
28349;POLYGON((3588067 6746764,3642478 6732837,3626770 6672622,3572711 6686705,3588067 6746764))
28350;POLYGON((2945669 6890648,2998512 6880204,2986711 6821705,2934165 6832275,2945669 6890648))
28351;POLYGON((2319837 6996200,2371459 6988734,2362998 6931582,2311634 6939143,2319837 6996200))
28352;POLYGON((1706385 7068393,1757135 7063561,1751625 7007378,1701108 7012273,1706385 7068393))
28353;POLYGON((1101146 7110484,1151370 7108073,1148568 7052480,1098563 7054924,1101146 7110484))
28354;POLYGON((500000 7124316,550039 7124220,549825 7068845,500000 7068942,500000 7124316))
28355;POLYGON((-101146 7110484,-50951 7112700,-48586 7057170,-98563 7054924,-101146 7110484))
28356;POLYGON((-706385 7068393,-655692 7073016,-650646 7016957,-701108 7012273,-706385 7068393))
28357;POLYGON((-1319837 6996200,-1268301 7003435,-1260354 6946470,-1311634 6939143,-1319837 6996200))
28358;POLYGON((-1945669 6890648,-1892942 6900826,-1881731 6842578,-1934165 6832275,-1945669 6890648))
3113;POLYGON((-1156855 265660,-1106143 270285,-1101095 214204,-1151576 209518,-1156855 265660))
3111;POLYGON((2092582 3718201,2143485 3720208,2145555 3663916,2094948 3661922,2092582 3718201))
3107;POLYGON((1602186 2647886,1652310 2644983,1648970 2589546,1599103 2592435,1602186 2647886))
3308;POLYGON((8695494 5287621,8745821 5290394,8748755 5234723,8698694 5231965,8695494 5287621))
3112;POLYGON((692008 -2970603,741381 -2973454,738117 -3028080,688962 -3025241,692008 -2970603))
3577;POLYGON((889536 -2846010,938866 -2849588,934700 -2905506,885589 -2901943,889536 -2846010))
