4326;POLYGON((140.75 -21.25,141.25 -21.25,141.25 -21.75,140.75 -21.75,140.75 -21.25))
28348;POLYGON((4395937 7164956,4455987 7149125,4438744 7085057,4379073 7101141,4395937 7164956))
28349;POLYGON((3692900 7329415,3750335 7317381,3737214 7256074,3680083 7268312,3692900 7329415))
28350;POLYGON((3017616 7453153,3072988 7444209,3063219 7385098,3008101 7394200,3017616 7453153))
28351;POLYGON((2363762 7543161,2417577 7536820,2410631 7479374,2357033 7485830,2363762 7543161))
28352;POLYGON((1725493 7604191,1778223 7600128,1773743 7543849,1721208 7547988,1725493 7604191))
28353;POLYGON((1097334 7639294,1149423 7637310,1147192 7581727,1095284 7583749,1097334 7639294))
28354;POLYGON((474061 7650163,525938 7650163,525850 7594823,474149 7594823,474061 7650163))
28355;POLYGON((-149423 7637310,-97334 7639294,-95284 7583749,-147192 7581727,-149423 7637310))
28356;POLYGON((-778223 7600128,-725493 7604191,-721208 7547988,-773743 7543849,-778223 7600128))
28357;POLYGON((-1417577 7536820,-1363762 7543161,-1357033 7485830,-1410631 7479374,-1417577 7536820))
28358;POLYGON((-2072988 7444209,-2017616 7453153,-2008101 7394200,-2063219 7385098,-2072988 7444209))
3113;POLYGON((-1228721 797602,-1175971 801667,-1171684 745442,-1224240 741301,-1228721 797602))
3111;POLYGON((2043038 4256515,2096768 4258774,2099025 4201514,2045595 4199268,2043038 4256515))
3107;POLYGON((1605339 3178948,1657921 3176025,1654675 3119984,1602353 3122893,1605339 3178948))
3308;POLYGON((8638469 5818139,8691336 5821179,8694441 5764824,8641844 5761800,8638469 5818139))
3112;POLYGON((695274 -2449271,746720 -2452140,743553 -2506990,692324 -2504134,695274 -2449271))
3577;POLYGON((901231 -2314168,952642 -2317796,948608 -2373420,897414 -2369808,901231 -2314168))
