4326;POLYGON((140.75 -33.25,141.25 -33.25,141.25 -33.75,140.75 -33.75,140.75 -33.25))
28348;POLYGON((3910191 5687327,3959925 5667490,3935968 5608402,3886700 5628313,3910191 5687327))
28349;POLYGON((3318770 5896471,3367676 5880975,3348933 5822808,3300426 5838382,3318770 5896471))
28350;POLYGON((2737041 6057602,2785170 6045846,2770921 5988573,2723140 6000399,2737041 6057602))
28351;POLYGON((2163899 6176883,2211372 6168423,2201084 6111915,2153922 6120432,2163899 6176883))
28352;POLYGON((1597593 6258760,1644574 6253284,1637871 6197357,1591176 6202872,1597593 6258760))
28353;POLYGON((1035981 6306221,1082660 6303531,1079301 6247967,1032894 6250677,1035981 6306221))
28354;POLYGON((476712 6320969,523287 6320969,523154 6265534,476845 6265534,476712 6320969))
28355;POLYGON((-82660 6303531,-35981 6306221,-32894 6250677,-79301 6247967,-82660 6303531))
28356;POLYGON((-644574 6253284,-597593 6258760,-591176 6202872,-637871 6197357,-644574 6253284))
28357;POLYGON((-1211372 6168423,-1163899 6176883,-1153922 6120432,-1201084 6111915,-1211372 6168423))
28358;POLYGON((-1785170 6045846,-1737041 6057602,-1723140 6000399,-1770921 5988573,-1785170 6045846))
3113;POLYGON((-1095021 -549766,-1048021 -544288,-1041602 -600198,-1088315 -605715,-1095021 -549766))
3111;POLYGON((2103306 2907409,2149950 2909370,2152137 2853863,2105785 2851914,2103306 2907409))
3107;POLYGON((1534404 1847478,1580825 1844897,1577625 1789649,1531460 1792216,1534404 1847478))
3308;POLYGON((8718469 4482598,8764942 4485270,8767990 4429949,8721781 4427292,8718469 4482598))
3112;POLYGON((624633 -3763196,670852 -3765773,667674 -3820805,621674 -3818240,624633 -3763196))
3577;POLYGON((809269 -3654776,855434 -3658034,851397 -3713693,805450 -3710451,809269 -3654776))
