4326;POLYGON((141.0 -27.0,141.5 -27.0,141.5 -27.5,141.0 -27.5,141.0 -27.0))
28348;POLYGON((4210898 6433419,4266351 6414937,4245357 6353091,4190341 6371740,4210898 6433419))
28349;POLYGON((3557117 6626775,3610819 6612540,3594629 6552592,3541288 6566972,3557117 6626775))
28350;POLYGON((2922473 6773977,2974717 6763284,2962533 6704942,2910594 6715754,2922473 6773977))
28351;POLYGON((2303291 6882123,2354392 6874469,2345645 6817397,2294810 6825141,2303291 6882123))
28352;POLYGON((1695739 6956166,1746019 6951209,1740318 6895056,1690279 6900074,1695739 6956166))
28353;POLYGON((1095935 6999364,1145717 6996889,1142817 6941299,1093261 6943805,1095935 6999364))
28354;POLYGON((500000 7013564,549607 7013466,549386 6958083,500000 6958183,500000 7013564))
28355;POLYGON((-95935 6999364,-46179 7001639,-43731 6946108,-93261 6943805,-95935 6999364))
28356;POLYGON((-695739 6956166,-645513 6960910,-640292 6904875,-690279 6900074,-695739 6956166))
28357;POLYGON((-1303291 6882123,-1252271 6889540,-1244054 6832646,-1294810 6825141,-1303291 6882123))
28358;POLYGON((-1922473 6773977,-1870336 6784400,-1858759 6726293,-1910594 6715754,-1922473 6773977))
3113;POLYGON((-1146206 153389,-1095960 158135,-1090737 102079,-1140743 97275,-1146206 153389))
3111;POLYGON((2097311 3605723,2147623 3607706,2149687 3551572,2099670 3549601,2097311 3605723))
3107;POLYGON((1596023 2537025,1645633 2534151,1642299 2478793,1592944 2481652,1596023 2537025))
3308;POLYGON((8701892 5176360,8751686 5179104,8754614 5123532,8705086 5120803,8701892 5176360))
3112;POLYGON((685915 -3079879,734853 -3082705,731589 -3137333,682869 -3134519,685915 -3079879))
3577;POLYGON((881641 -2957888,930534 -2961434,926366 -3017369,877693 -3013839,881641 -2957888))
