4326;POLYGON((141.5 -33.75,142.0 -33.75,142.0 -34.25,141.5 -34.25,141.5 -33.75))
28348;POLYGON((3960624 5598299,4009984 5577795,3985086 5518824,3936204 5539393,3960624 5598299))
28349;POLYGON((3373210 5814896,3421812 5798816,3402256 5740681,3354064 5756833,3373210 5814896))
28350;POLYGON((2794833 5982550,2842700 5970282,2827751 5912992,2780241 5925327,2794833 5982550))
28351;POLYGON((2224683 6107559,2271915 6098648,2261023 6042102,2214109 6051068,2224683 6107559))
28352;POLYGON((1661231 6194509,1707975 6188632,1700749 6132663,1654296 6138580,1661231 6194509))
28353;POLYGON((1102510 6246526,1148943 6243473,1145125 6187878,1098970 6190953,1102510 6246526))
28354;POLYGON((546308 6265450,592619 6265113,592078 6209671,546038 6210010,546308 6265450))
28355;POLYGON((-9697 6251946,36686 6254314,39402 6198795,-6707 6196411,-9697 6251946))
28356;POLYGON((-567840 6205540,-521191 6210696,-515123 6154875,-561484 6149684,-567840 6205540))
28357;POLYGON((-1130358 6124592,-1083263 6132719,-1073629 6076386,-1120414 6068208,-1130358 6124592))
28358;POLYGON((-1699271 6006202,-1651574 6017594,-1638030 5960567,-1685381 5949111,-1699271 6006202))
3113;POLYGON((-1018257 -597529,-971589 -592371,-965519 -648213,-1011899 -653406,-1018257 -597529))
3111;POLYGON((2175317 2854746,2221684 2856330,2223433 2800829,2177358 2799256,2175317 2854746))
3107;POLYGON((1600703 1788286,1646848 1785399,1643264 1730155,1597374 1733026,1600703 1788286))
3308;POLYGON((8791099 4431195,8837326 4433520,8839977 4378170,8794015 4375858,8791099 4431195))
3112;POLYGON((690671 -3822156,736655 -3824996,733144 -3880069,687379 -3877243,690671 -3822156))
3577;POLYGON((874366 -3715381,920294 -3718893,915934 -3774473,870224 -3770978,874366 -3715381))
