4326;POLYGON((140.75 -34.75,141.25 -34.75,141.25 -35.25,140.75 -35.25,140.75 -34.75))
28348;POLYGON((3839052 5510912,3887380 5490873,3862757 5432432,3814901 5452524,3839052 5510912))
28349;POLYGON((3263148 5722608,3310849 5706896,3291513 5649151,3244219 5664923,3263148 5722608))
28350;POLYGON((2694851 5886231,2741927 5874278,2727185 5817257,2680467 5829268,2694851 5886231))
28351;POLYGON((2133598 6007651,2180128 5999031,2169462 5942655,2123253 5951323,2133598 6007651))
28352;POLYGON((1578095 6091140,1624207 6085553,1617248 6029676,1571431 6035297,1578095 6091140))
28353;POLYGON((1026599 6139588,1072451 6136841,1068961 6081280,1023391 6084044,1026599 6139588))
28354;POLYGON((477117 6154651,522882 6154651,522743 6099203,477256 6099203,477117 6154651))
28355;POLYGON((-72451 6136841,-26599 6139588,-23391 6084044,-68961 6081280,-72451 6136841))
28356;POLYGON((-624207 6085553,-578095 6091140,-571431 6035297,-617248 6029676,-624207 6085553))
28357;POLYGON((-1180128 5999031,-1133598 6007651,-1123253 5951323,-1169462 5942655,-1180128 5999031))
28358;POLYGON((-1741927 5874278,-1694851 5886231,-1680467 5829268,-1727185 5817257,-1741927 5874278))
3113;POLYGON((-1074646 -717563,-1028515 -711973,-1021849 -767838,-1067684 -773462,-1074646 -717563))
3111;POLYGON((2110740 2740988,2156510 2742912,2158696 2687459,2113217 2685547,2110740 2740988))
3107;POLYGON((1525569 1681630,1571222 1679092,1568018 1623773,1522621 1626297,1525569 1681630))
3308;POLYGON((8728409 4316651,8774088 4319278,8777138 4263918,8731724 4261307,8728409 4316651))
3112;POLYGON((615745 -3928518,661307 -3931058,658117 -3986289,612775 -3983761,615745 -3928518))
3577;POLYGON((797823 -3821630,843335 -3824842,839311 -3880321,794016 -3877125,797823 -3821630))
