4326;POLYGON((141.25 -22.0,141.75 -22.0,141.75 -22.5,141.25 -22.5,141.25 -22.0))
28348;POLYGON((4429998 7053094,4489710 7036524,4471578 6972497,4412262 6989313,4429998 7053094))
28349;POLYGON((3730553 7225464,3787718 7212834,3773882 7151503,3717036 7164333,3730553 7225464))
28350;POLYGON((3058258 7355567,3113395 7346146,3103057 7286978,3048184 7296557,3058258 7355567))
28351;POLYGON((2407102 7450663,2460697 7443942,2453300 7386430,2399931 7393268,2407102 7450663))
28352;POLYGON((1771467 7515714,1823974 7511352,1819146 7455015,1766840 7459454,1771467 7515714))
28353;POLYGON((1146058 7553936,1197909 7551723,1195416 7496102,1143753 7498355,1146058 7553936))
28354;POLYGON((525805 7567151,577417 7566983,577142 7511635,525713 7511806,525805 7567151))
28355;POLYGON((-94242 7555977,-42459 7557845,-40527 7502333,-92124 7500431,-94242 7555977))
28356;POLYGON((-719030 7519890,-666661 7523882,-662434 7467766,-714604 7463704,-719030 7519890))
28357;POLYGON((-1353614 7457177,-1300231 7463485,-1293506 7406311,-1346668 7399894,-1353614 7457177))
28358;POLYGON((-2003268 7364747,-1948421 7373689,-1938862 7314982,-1993453 7305890,-2003268 7364747))
3113;POLYGON((-1169505 717333,-1117116 721327,-1112887 665189,-1165078 661125,-1169505 717333))
3111;POLYGON((2100152 4172930,2153442 4174890,2155392 4117798,2102401 4115849,2100152 4172930))
3107;POLYGON((1653054 3091994,1705233 3088851,1701735 3032945,1649815 3036073,1653054 3091994))
3308;POLYGON((8695991 5736681,8748468 5739447,8751296 5683212,8699089 5680461,8695991 5736681))
3112;POLYGON((741970 -2534400,793077 -2537454,789695 -2592233,738805 -2589192,741970 -2534400))
3577;POLYGON((946589 -2401251,997659 -2405055,993402 -2460734,942550 -2456945,946589 -2401251))
