4326;POLYGON((141.0 -34.75,141.5 -34.75,141.5 -35.25,141.0 -35.25,141.0 -34.75))
28348;POLYGON((3863209 5500941,3911562 5480707,3886701 5422241,3838824 5442527,3863209 5500941))
28349;POLYGON((3286992 5714794,3334719 5698914,3315178 5641138,3267860 5657079,3286992 5714794))
28350;POLYGON((2718383 5880291,2765483 5868190,2750562 5811140,2703820 5823299,2718383 5880291))
28351;POLYGON((2156858 6003374,2203408 5994622,2192581 5938221,2146353 5947022,2156858 6003374))
28352;POLYGON((1601147 6088377,1647274 6082667,1640166 6026773,1594336 6032517,1601147 6088377))
28353;POLYGON((1049523 6138244,1095383 6135381,1091751 6079810,1046174 6082691,1049523 6138244))
28354;POLYGON((500000 6154680,545764 6154566,545486 6099117,500000 6099232,500000 6154680))
28355;POLYGON((-49523 6138244,-3678 6140875,-611 6085339,-46174 6082691,-49523 6138244))
28356;POLYGON((-601147 6088377,-555049 6093843,-548533 6038016,-594336 6032517,-601147 6088377))
28357;POLYGON((-1156858 6003374,-1110348 6011863,-1100163 5955558,-1146353 5947022,-1156858 6003374))
28358;POLYGON((-1718383 5880291,-1671332 5892098,-1657125 5835164,-1703820 5823299,-1718383 5880291))
3113;POLYGON((-1051577 -714737,-1005460 -709269,-998942 -765118,-1044763 -770619,-1051577 -714737))
3111;POLYGON((2133624 2741980,2179399 2743784,2181439 2688326,2135955 2686533,2133624 2741980))
3107;POLYGON((1548397 1680387,1594043 1677743,1590712 1622433,1545321 1625062,1548397 1680387))
3308;POLYGON((8751247 4317992,8796932 4320509,8799850 4265142,8754429 4262640,8751247 4317992))
3112;POLYGON((638527 -3929765,684084 -3932396,680784 -3987621,635447 -3985002,638527 -3929765))
3577;POLYGON((820581 -3823214,866087 -3826514,861954 -3881986,816665 -3878701,820581 -3823214))
