4326;POLYGON((141.5 -19.0,142.0 -19.0,142.0 -19.5,141.5 -19.5,141.5 -19.0))
28348;POLYGON((4560338 7432288,4622443 7417174,4606192 7351846,4544451 7367251,4560338 7432288))
28349;POLYGON((3835495 7589033,3894567 7577576,3882236 7515418,3823452 7527108,3835495 7589033))
28350;POLYGON((3142662 7706833,3199363 7698314,3190181 7638648,3133715 7647346,3142662 7706833))
28351;POLYGON((2474380 7792765,2529300 7786692,2522736 7728906,2468016 7735110,2474380 7792765))
28352;POLYGON((1823962 7851618,1877633 7847663,1873334 7791202,1819840 7795243,1823962 7851618))
28353;POLYGON((1185290 7886478,1238206 7884439,1235953 7828787,1183201 7830871,1185290 7886478))
28354;POLYGON((552625 7899097,605254 7898873,604935 7843541,552466 7843770,552625 7899097))
28355;POLYGON((-79580 7890096,-26779 7891675,-25179 7836184,-77817 7834569,-79580 7890096))
28356;POLYGON((-716859 7859032,-663422 7862493,-659824 7806357,-713088 7802820,-716859 7859032))
28357;POLYGON((-1364907 7804352,-1310348 7809871,-1304571 7752586,-1358937 7746948,-1364907 7804352))
28358;POLYGON((-2029766 7723214,-1973563 7731083,-1965302 7672108,-2021280 7664073,-2029766 7723214))
3113;POLYGON((-1167334 1056607,-1113876 1060070,-1110276 1003912,-1163561 1000373,-1167334 1056607))
3111;POLYGON((2114101 4519091,2169209 4520973,2171034 4463105,2116229 4461233,2114101 4519091))
3107;POLYGON((1699462 3427724,1753195 3424362,1749533 3367934,1696062 3371279,1699462 3427724))
3308;POLYGON((8704344 6077459,8758451 6080181,8761173 6023348,8707338 6020640,8704344 6077459))
3112;POLYGON((787222 -2206241,839635 -2209478,836125 -2264541,783931 -2261318,787222 -2206241))
3577;POLYGON((996937 -2070093,1049303 -2074097,1044962 -2129440,992812 -2125452,996937 -2070093))
