4326;POLYGON((142.25 -41.0,142.75 -41.0,142.75 -41.5,142.25 -41.5,142.25 -41.0))
28348;POLYGON((3649926 4734166,3692231 4712842,3663754 4657153,3621942 4678439,3649926 4734166))
28349;POLYGON((3140965 4962026,3183432 4944940,3160576 4888973,3118551 4906050,3140965 4962026))
28350;POLYGON((2631402 5141976,2673843 5128689,2656033 5072715,2613990 5086009,2631402 5141976))
28351;POLYGON((2122788 5278692,2165118 5268855,2151892 5213003,2109928 5222852,2122788 5278692))
28352;POLYGON((1615677 5375788,1657879 5369140,1648891 5313442,1607031 5320102,1615677 5375788))
28353;POLYGON((1109962 5435851,1152062 5432215,1147076 5376642,1105301 5380287,1109962 5435851))
28354;POLYGON((605128 5460490,647180 5459768,646062 5404257,604329 5404981,605128 5460490))
28355;POLYGON((100453 5450363,142522 5452536,145243 5397008,103495 5394831,100453 5450363))
28356;POLYGON((-404816 5405200,-362671 5410325,-356039 5354707,-397852 5349571,-404816 5405200))
28357;POLYGON((-911304 5323792,-869039 5332007,-858321 5276245,-900234 5268017,-911304 5323792))
28358;POLYGON((-1419314 5203964,-1376923 5215488,-1361836 5159576,-1403847 5148041,-1419314 5203964))
3113;POLYGON((-855169 -1398180,-813007 -1393053,-806373 -1448694,-848202 -1453831,-855169 -1398180))
3111;POLYGON((2268123 2052291,2310273 2053398,2311589 1997738,2269731 1996638,2268123 2052291))
3107;POLYGON((1615810 978857,1658209 975908,1654185 919909,1612045 922839,1615810 978857))
3308;POLYGON((8897104 3628883,8939489 3630710,8941768 3574720,8899651 3572905,8897104 3628883))
3112;POLYGON((706593 -4633423,749350 -4636319,745410 -4692816,702878 -4689935,706593 -4633423))
3577;POLYGON((879111 -4518455,921895 -4521980,917328 -4576130,874756 -4572623,879111 -4518455))
