4326;POLYGON((142.5 -23.25,143.0 -23.25,143.0 -23.75,142.5 -23.75,142.5 -23.25))
28348;POLYGON((4532241 6850368,4591502 6832237,4571499 6768139,4512666 6786504,4532241 6850368))
28349;POLYGON((3837505 7039483,3894315 7025588,3878969 6964088,3822503 6978179,3837505 7039483))
28350;POLYGON((3169130 7183174,3223956 7172725,3212398 7113355,3157857 7123960,3169130 7183174))
28351;POLYGON((2521649 7289312,2574937 7281755,2566557 7224048,2513513 7231723,2521649 7289312))
28352;POLYGON((1889839 7363343,1942015 7358302,1936396 7301804,1884437 7306926,1889839 7363343))
28353;POLYGON((1268709 7408866,1320180 7406101,1317057 7350376,1265786 7353187,1268709 7408866))
28354;POLYGON((653449 7428011,704612 7427394,703841 7372018,652871 7372645,653449 7428011))
28355;POLYGON((39358 7421654,90602 7423157,92148 7367711,41099 7366183,39358 7421654))
28356;POLYGON((-578243 7389504,-526527 7393196,-522594 7337261,-574104 7333509,-578243 7389504))
28357;POLYGON((-1204102 7330078,-1151514 7336131,-1145011 7279280,-1197373 7273131,-1204102 7330078))
28358;POLYGON((-1843110 7240548,-1789234 7249255,-1779850 7191045,-1833466 7182204,-1843110 7240548))
3113;POLYGON((-1028664 586896,-976928 590590,-972993 534633,-1024523 530880,-1028664 586896))
3111;POLYGON((2237140 4034754,2289703 4035996,2290898 3979160,2238633 3977925,2237140 4034754))
3107;POLYGON((1773768 2944119,1825261 2940419,1821130 2884734,1769894 2888416,1773768 2944119))
3308;POLYGON((8833260 5602646,8885093 5604756,8887241 5548693,8835676 5546594,8833260 5602646))
3112;POLYGON((860446 -2679247,910976 -2682771,907055 -2737435,856742 -2733926,860446 -2679247))
3577;POLYGON((1062769 -2550345,1113254 -2554604,1108444 -2610336,1058176 -2606096,1062769 -2550345))
