4326;POLYGON((141.75 -25.75,142.25 -25.75,142.25 -26.25,141.75 -26.25,141.75 -25.75))
28348;POLYGON((4345907 6561320,4402704 6542704,4381777 6480045,4325419 6498850,4345907 6561320))
28349;POLYGON((3677590 6755952,3732400 6741627,3716277 6681102,3661826 6695590,3677590 6755952))
28350;POLYGON((3030880 6904193,3084050 6893412,3071895 6834677,3019026 6845590,3030880 6904193))
28351;POLYGON((2401545 7013530,2453430 7005764,2444650 6948442,2393026 6956308,2401545 7013530))
28352;POLYGON((1785309 7089181,1836266 7084069,1830453 7027776,1779731 7032957,1785309 7089181))
28353;POLYGON((1177930 7134599,1228309 7131911,1225205 7076264,1175044 7078988,1177930 7134599))
28354;POLYGON((575217 7151787,625366 7151407,624837 7096027,574899 7096412,575217 7151787))
28355;POLYGON((-26976 7141493,23287 7143403,25308 7087913,-24740 7085977,-26976 7141493))
28356;POLYGON((-632798 7103269,-582073 7107554,-577414 7051576,-627911 7047234,-632798 7103269))
28357;POLYGON((-1246424 7035439,-1194888 7042287,-1187385 6985440,-1238671 6978503,-1246424 7035439))
28358;POLYGON((-1872084 6934936,-1819382 6944662,-1808694 6886563,-1861110 6876715,-1872084 6934936))
3113;POLYGON((-1083240 300550,-1032495 304836,-1027834 248836,-1078352 244493,-1083240 300550))
3111;POLYGON((2167977 3749290,2219042 3750900,2220670 3694552,2169901 3692952,2167977 3749290))
3107;POLYGON((1679102 2671176,1729333 2667916,1725607 2612482,1675633 2615725,1679102 2671176))
3308;POLYGON((8769588 5319549,8820067 5321967,8822602 5266250,8772390 5263845,8769588 5319549))
3112;POLYGON((767749 -2947642,817212 -2950795,813622 -3005403,764376 -3002264,767749 -2947642))
3577;POLYGON((965663 -2823501,1015080 -2827377,1010587 -2883261,961388 -2879403,965663 -2823501))
