4326;POLYGON((142.25 -18.25,142.75 -18.25,142.75 -18.75,142.25 -18.75,142.25 -18.25))
28348;POLYGON((4677568 7508058,4740653 7492887,4724403 7426815,4661683 7442298,4677568 7508058))
28349;POLYGON((3942358 7665376,4002204 7653876,3989875 7591179,3930317 7602927,3942358 7665376))
28350;POLYGON((3241314 7783733,3298629 7775162,3289429 7715114,3232346 7723875,3241314 7783733))
28351;POLYGON((2566499 7870428,2621908 7864279,2615291 7806235,2560079 7812524,2566499 7870428))
28352;POLYGON((1910878 7930408,1964939 7926342,1960542 7869721,1906654 7873881,1910878 7930408))
28353;POLYGON((1268074 7966878,1321299 7964684,1318892 7908954,1265826 7911200,1268074 7966878))
28354;POLYGON((632149 7981703,685020 7981270,684483 7925928,631765 7926372,632149 7981703))
28355;POLYGON((-2600 7975620,50388 7976926,51695 7921482,-1137 7920146,-2600 7975620))
28356;POLYGON((-641834 7948327,-588253 7951437,-585037 7895399,-638453 7892216,-641834 7948327))
28357;POLYGON((-1291369 7898448,-1236701 7903522,-1231413 7846375,-1285898 7841185,-1291369 7898448))
28358;POLYGON((-1957375 7823374,-1901085 7830682,-1893445 7771877,-1949521 7764404,-1957375 7823374))
3113;POLYGON((-1092280 1145937,-1038678 1149049,-1035461 1092988,-1088897 1089804,-1092280 1145937))
3111;POLYGON((2194251 4608887,2249830 4610347,2251204 4552248,2195930 4550796,2194251 4608887))
3107;POLYGON((1785756 3507413,1839856 3503651,1835792 3447093,1781953 3450837,1785756 3507413))
3308;POLYGON((8781620 6166917,8836155 6169268,8838476 6112245,8784214 6109906,8781620 6166917))
3112;POLYGON((871274 -2128471,923995 -2132042,920150 -2187179,867648 -2183623,871274 -2128471))
3577;POLYGON((1082143 -1993300,1134809 -1997638,1130152 -2052854,1077702 -2048533,1082143 -1993300))
