4326;POLYGON((142.0 -10.25,142.5 -10.25,142.5 -10.75,142.0 -10.75,142.0 -10.25))
28348;POLYGON((4844603 8587379,4912224 8578224,4902652 8509767,4835256 8519331,4844603 8587379))
28349;POLYGON((4061930 8681666,4125298 8674814,4118130 8610704,4054935 8617868,4061930 8681666))
28350;POLYGON((3323324 8751803,3383479 8746748,3378185 8685916,3318169 8691202,3323324 8751803))
28351;POLYGON((2617569 8802696,2675366 8799102,2671593 8740675,2613911 8744435,2617569 8802696))
28352;POLYGON((1935291 8837594,1991455 8835240,1988971 8778484,1932907 8780948,1935291 8837594))
28353;POLYGON((1268379 8858563,1323550 8857313,1322213 8801582,1267133 8802889,1268379 8858563))
28354;POLYGON((609515 8866776,664283 8866563,664019 8811262,609340 8811484,609515 8866776))
28355;POLYGON((-48209 8862681,6723 8863494,7518 8808050,-47325 8807200,-48209 8862681))
28356;POLYGON((-711653 8846057,-655977 8847939,-654080 8791772,-709660 8789803,-711653 8846057))
28357;POLYGON((-1387956 8815983,-1330922 8819040,-1327816 8761534,-1384743 8758336,-1387956 8815983))
28358;POLYGON((-2084917 8770716,-2025840 8775129,-2021342 8715599,-2080292 8710983,-2084917 8770716))
3113;POLYGON((-1162126 2044018,-1106428 2045900,-1104530 1989711,-1160132 1987742,-1162126 2044018))
3111;POLYGON((2136425 5560980,2197006 5562730,2198609 5501675,2138350 5499933,2136425 5560980))
3107;POLYGON((1818602 4432398,1876983 4428475,1872891 4369631,1814783 4373536,1818602 4432398))
3308;POLYGON((8709747 7096984,8768733 7099668,8771297 7040202,8712594 7037531,8709747 7096984))
3112;POLYGON((901945 -1231975,958233 -1235676,954389 -1292431,898326 -1288745,901945 -1231975))
3577;POLYGON((1124203 -1119149,1180290 -1123659,1175865 -1177376,1119989 -1172883,1124203 -1119149))
