4326;POLYGON((142.5 -42.0,143.0 -42.0,143.0 -42.5,142.5 -42.5,142.5 -42.0))
28348;POLYGON((3614457 4612355,3655759 4590930,3626708 4535714,3585900 4557087,3614457 4612355))
28349;POLYGON((3116768 4841733,3158346 4824504,3134946 4768854,3093813 4786063,3116768 4841733))
28350;POLYGON((2617257 5023524,2658900 5010078,2640600 4954300,2599360 4967744,2617257 5023524))
28351;POLYGON((2117750 5162168,2159350 5152172,2145704 5096425,2104475 5106428,2117750 5162168))
28352;POLYGON((1619059 5261134,1660579 5254335,1651248 5198680,1610076 5205487,1619059 5261134))
28353;POLYGON((1121316 5322930,1162764 5319156,1157513 5263588,1116398 5267369,1121316 5322930))
28354;POLYGON((624227 5349135,665638 5348288,664335 5292768,623250 5293616,624227 5349135))
28355;POLYGON((127280 5340419,168701 5342478,171311 5286948,130218 5284885,127280 5340419))
28356;POLYGON((-370080 5296558,-328606 5301577,-322015 5245983,-363151 5240958,-370080 5296558))
28357;POLYGON((-868282 5216432,-826727 5224538,-815989 5168850,-857187 5160736,-868282 5216432))
28358;POLYGON((-1367432 5098000,-1325806 5109399,-1310652 5053631,-1351895 5042228,-1367432 5098000))
3113;POLYGON((-820420 -1506865,-778929 -1501844,-772335 -1557460,-813488 -1562487,-820420 -1506865))
3111;POLYGON((2292122 1941514,2333691 1942497,2334862 1886739,2293587 1885764,2292122 1941514))
3107;POLYGON((1629216 865299,1671089 862290,1666922 806113,1625308 809104,1629216 865299))
3308;POLYGON((8923125 3517774,8964978 3519478,8967130 3463320,8925545 3461627,8923125 3517774))
3112;POLYGON((720308 -4748000,762609 -4750950,758536 -4807726,716461 -4804792,720308 -4748000))
3577;POLYGON((891594 -4628373,933948 -4631945,929300 -4685796,887157 -4682241,891594 -4628373))
