4326;POLYGON((142.25 -36.75,142.75 -36.75,142.75 -37.25,142.25 -37.25,142.25 -36.75))
28348;POLYGON((3880566 5216821,3927071 5195442,3900156 5137795,3854145 5159194,3880566 5216821))
28349;POLYGON((3324588 5443902,3370751 5426961,3349390 5369664,3303656 5386643,3324588 5443902))
28350;POLYGON((2773369 5621488,2819107 5608427,2802606 5551620,2757248 5564723,2773369 5621488))
28351;POLYGON((2227271 5755395,2272592 5745790,2260420 5689477,2215440 5699122,2227271 5755395))
28352;POLYGON((1685747 5849974,1730724 5843513,1722491 5787617,1677829 5794109,1685747 5849974))
28353;POLYGON((1147674 5908267,1192416 5904742,1187862 5849136,1143418 5852678,1147674 5908267))
28354;POLYGON((611585 5932131,656223 5931432,655203 5875958,610857 5876661,611585 5932131))
28355;POLYGON((75845 5922326,120517 5924430,123000 5868921,78621 5866807,75845 5922326))
28356;POLYGON((-461209 5878540,-416365 5883514,-410302 5827805,-454841 5822808,-461209 5878540))
28357;POLYGON((-1001134 5799380,-955997 5807382,-946162 5751326,-990972 5743290,-1001134 5799380))
28358;POLYGON((-1545221 5682310,-1499697 5693597,-1485777 5637084,-1530942 5625755,-1545221 5682310))
3113;POLYGON((-911584 -924656,-866723 -919681,-860657 -975411,-905213 -980410,-911584 -924656))
3111;POLYGON((2254487 2524193,2299117 2525365,2300428 2469900,2256090 2468736,2254487 2524193))
3107;POLYGON((1647612 1452027,1692201 1448926,1688218 1393503,1643886 1396585,1647612 1452027))
3308;POLYGON((8875568 4102183,8920219 4104108,8922479 4048598,8878094 4046685,8875568 4102183))
3112;POLYGON((737850 -4157972,782498 -4160996,778626 -4216518,734199 -4213508,737850 -4157972))
3577;POLYGON((916524 -4053143,961129 -4056817,956481 -4111933,912091 -4108276,916524 -4053143))
