4326;POLYGON((142.5 -41.75,143.0 -41.75,143.0 -42.25,142.5 -42.25,142.5 -41.75))
28348;POLYGON((3628675 4640071,3670224 4618622,3641253 4563294,3600199 4584694,3628675 4640071))
28349;POLYGON((3128186 4869624,3169986 4852387,3146666 4796659,3105310 4813879,3128186 4869624))
28350;POLYGON((2626152 5051450,2667996 5038004,2649768 4982176,2608326 4995622,2626152 5051450))
28351;POLYGON((2124344 5190058,2166129 5180066,2152542 5124291,2111126 5134292,2124344 5190058))
28352;POLYGON((1623520 5288966,1665212 5282172,1655924 5226504,1614578 5233308,1623520 5288966))
28353;POLYGON((1123758 5350712,1165371 5346941,1160145 5291372,1118863 5295149,1123758 5350712))
28354;POLYGON((624713 5376893,666285 5376047,664988 5320529,623740 5321376,624713 5376893))
28355;POLYGON((125821 5368185,167405 5370242,170003 5314714,128745 5312652,125821 5368185))
28356;POLYGON((-373521 5324363,-331878 5329378,-325318 5273779,-366624 5268757,-373521 5324363))
28357;POLYGON((-873791 5244294,-832060 5252395,-821370 5196690,-862747 5188579,-873791 5244294))
28358;POLYGON((-1375153 5125913,-1333336 5137309,-1318245 5081506,-1359680 5070105,-1375153 5125913))
3113;POLYGON((-823861 -1479049,-782203 -1474033,-775640 -1529653,-816962 -1534678,-823861 -1479049))
3111;POLYGON((2291391 1969370,2333106 1970356,2334277 1914624,2292854 1913645,2291391 1969370))
3107;POLYGON((1631167 893360,1673170 890342,1669006 834214,1627263 837214,1631167 893360))
3308;POLYGON((8921917 3545816,8963904 3547526,8966054 3491410,8924335 3489712,8921917 3545816))
3112;POLYGON((722228 -4719659,764641 -4722617,760574 -4779320,718386 -4776378,722228 -4719659))
3577;POLYGON((893817 -4601383,936277 -4604964,931623 -4658890,889374 -4655326,893817 -4601383))
