4326;POLYGON((142.25 -19.25,142.75 -19.25,142.75 -19.75,142.25 -19.75,142.25 -19.25))
28348;POLYGON((4645430 7376726,4707779 7360940,4690784 7295263,4628813 7311346,4645430 7376726))
28349;POLYGON((3917985 7540592,3977250 7528602,3964331 7466148,3905364 7478375,3917985 7540592))
28350;POLYGON((3223156 7664084,3280000 7655135,3270344 7595228,3213743 7604360,3223156 7664084))
28351;POLYGON((2553495 7754654,2608506 7748227,2601554 7690256,2546749 7696818,2553495 7754654))
28352;POLYGON((1902320 7817368,1956031 7813115,1951407 7756525,1897878 7760869,1902320 7817368))
28353;POLYGON((1263520 7855523,1316422 7853227,1313891 7797502,1261156 7799848,1263520 7855523))
28354;POLYGON((631372 7871037,683933 7870583,683368 7815236,630969 7815700,631372 7871037))
28355;POLYGON((363 7864671,53037 7866037,54412 7810591,1902 7809195,363 7864671))
28356;POLYGON((-634985 7836112,-581738 7839367,-578356 7783342,-631429 7780017,-634985 7836112))
28357;POLYGON((-1280287 7783946,-1225990 7789251,-1220432 7732150,-1274536 7726732,-1280287 7783946))
28358;POLYGON((-1941470 7705485,-1885613 7713120,-1877589 7654412,-1933223 7646619,-1941470 7705485))
3113;POLYGON((-1085428 1033679,-1032160 1036934,-1028776 980888,-1081870 977562,-1085428 1033679))
3111;POLYGON((2197604 4492851,2252573 4494295,2253940 4436484,2199274 4435048,2197604 4492851))
3107;POLYGON((1778158 3394366,1831735 3390640,1827685 3334288,1774369 3337995,1778158 3394366))
3308;POLYGON((8786803 6053011,8840792 6055338,8843104 5998542,8789387 5996227,8786803 6053011))
3112;POLYGON((864026 -2238710,916309 -2242251,912473 -2297263,860409 -2293736,864026 -2238710))
3577;POLYGON((1073256 -2103835,1125489 -2108137,1120820 -2163486,1068804 -2159201,1073256 -2103835))
