4326;POLYGON((142.25 -40.25,142.75 -40.25,142.75 -40.75,142.25 -40.75,142.25 -40.25))
28348;POLYGON((3691583 4818169,3734629 4796800,3706406 4740771,3663854 4762112,3691583 4818169))
28349;POLYGON((3174279 5046271,3217405 5029182,3194798 4972982,3152111 4990071,3174279 5046271))
28350;POLYGON((2657248 5226103,2700283 5212834,2682694 5156713,2640054 5169995,2657248 5226103))
28351;POLYGON((2141860 5362548,2184732 5352736,2171686 5296802,2129175 5306631,2141860 5362548))
28352;POLYGON((1628491 5459356,1671198 5452731,1662340 5396998,1619970 5403638,1628491 5459356))
28353;POLYGON((1116867 5519204,1159450 5515581,1154537 5460003,1112275 5463635,1116867 5519204))
28354;POLYGON((606310 5543745,648837 5543025,647735 5487521,605524 5488243,606310 5543745))
28355;POLYGON((95946 5533659,138492 5535822,141172 5480298,98943 5478129,95946 5533659))
28356;POLYGON((-415134 5488667,-372496 5493773,-365962 5438139,-408272 5433020,-415134 5488667))
28357;POLYGON((-927715 5407524,-884928 5415715,-874361 5359901,-916800 5351693,-927715 5407524))
28358;POLYGON((-1442264 5287987,-1399306 5299488,-1384417 5243470,-1426998 5231953,-1442264 5287987))
3113;POLYGON((-865491 -1314681,-822837 -1309573,-816300 -1365229,-858627 -1370351,-865491 -1314681))
3111;POLYGON((2265713 2135698,2308302 2136817,2309616 2081214,2267319 2080103,2265713 2135698))
3107;POLYGON((1621447 1062723,1664234 1059748,1660219 1003875,1617690 1006833,1621447 1062723))
3308;POLYGON((8893290 3712713,8936076 3714557,8938351 3658677,8895832 3656844,8893290 3712713))
3112;POLYGON((712149 -4548906,755242 -4551825,751316 -4608121,708447 -4605218,712149 -4548906))
3577;POLYGON((885664 -4436950,928768 -4440501,924183 -4494853,881293 -4491320,885664 -4436950))
