4326;POLYGON((142.25 -19.5,142.75 -19.5,142.75 -20.0,142.25 -20.0,142.25 -19.5))
28348;POLYGON((4637167 7344012,4699327 7328076,4682149 7262501,4620370 7278728,4637167 7344012))
28349;POLYGON((3911710 7509469,3970827 7497360,3957761 7434968,3898946 7447312,3911710 7509469))
28350;POLYGON((3218477 7634213,3275200 7625172,3265431 7565301,3208954 7574524,3218477 7634213))
28351;POLYGON((2550142 7725732,2605051 7719237,2598015 7661285,2543315 7667914,2550142 7725732))
28352;POLYGON((1900112 7789117,1953733 7784818,1949053 7728236,1895616 7732625,1900112 7789117))
28353;POLYGON((1262345 7827686,1315164 7825364,1312601 7769641,1259952 7772012,1262345 7827686))
28354;POLYGON((631172 7843369,683652 7842910,683081 7787562,630764 7788030,631172 7843369))
28355;POLYGON((1128 7836933,53720 7838314,55113 7782868,2685 7781456,1128 7836933))
28356;POLYGON((-633218 7808064,-580057 7811353,-576633 7755332,-629619 7751973,-633218 7808064))
28357;POLYGON((-1277429 7755335,-1223228 7760697,-1217602 7703608,-1271609 7698134,-1277429 7755335))
28358;POLYGON((-1937371 7676045,-1881624 7683760,-1873505 7625078,-1929027 7617205,-1937371 7676045))
3113;POLYGON((-1083660 1005619,-1030478 1008910,-1027053 952867,-1080059 949506,-1083660 1005619))
3111;POLYGON((2198439 4463932,2253257 4465372,2254622 4407630,2200108 4406198,2198439 4463932))
3107;POLYGON((1776263 3366168,1829709 3362452,1825663 3306148,1772477 3309847,1776263 3366168))
3308;POLYGON((8788096 6024605,8841949 6026927,8844259 5970185,8790677 5967875,8788096 6024605))
3112;POLYGON((862217 -2266230,914391 -2269764,910556 -2324747,858601 -2321228,862217 -2266230))
3577;POLYGON((1071030 -2131510,1123155 -2135804,1118484 -2191183,1066576 -2186908,1071030 -2131510))
