4326;POLYGON((142.0 -16.25,142.5 -16.25,142.5 -16.75,142.0 -16.75,142.0 -16.25))
28348;POLYGON((4705230 7779725,4769535 7766031,4754999 7699382,4691024 7713413,4705230 7779725))
28349;POLYGON((3957198 7921421,4018000 7911082,4007016 7848061,3946473 7858664,3957198 7921421))
28350;POLYGON((3245900 8027613,3303995 8019937,3295830 7959727,3237943 7967603,3245900 8027613))
28351;POLYGON((2562512 8105094,2618589 8099611,2612740 8041503,2556840 8047133,2562512 8105094))
28352;POLYGON((1899361 8158428,1954022 8154825,1950160 8098198,1895653 8101898,1899361 8158428))
28353;POLYGON((1249586 8190551,1303380 8188636,1301297 8132924,1247645 8134891,1249586 8190551))
28354;POLYGON((606862 8203149,660301 8202823,659890 8147497,606587 8147832,606862 8203149))
28355;POLYGON((-34864 8196868,18720 8198114,19960 8142660,-33485 8141380,-34864 8196868))
28356;POLYGON((-681604 8171386,-627368 8174268,-624414 8118166,-678502 8115206,-681604 8171386))
28357;POLYGON((-1339566 8125381,-1284149 8130051,-1279326 8072757,-1334577 8067962,-1339566 8125381))
28358;POLYGON((-2015402 8056366,-1958226 8063082,-1951269 8004005,-2008252 7997112,-2015402 8056366))
3113;POLYGON((-1132065 1369083,-1077808 1371966,-1074853 1315843,-1128961 1312881,-1132065 1369083))
3111;POLYGON((2159092 4841940,2215895 4843581,2217438 4784858,2160942 4783226,2159092 4841940))
3107;POLYGON((1773460 3736677,1828621 3732970,1824655 3675939,1769758 3679629,1773460 3736677))
3308;POLYGON((8743376 6394901,8799002 6397432,8801481 6339911,8746131 6337392,8743376 6394901))
3112;POLYGON((859019 -1905395,912628 -1908919,908872 -1964365,855483 -1960855,859019 -1905395))
3577;POLYGON((1073077 -1770986,1126613 -1775291,1122089 -1830210,1068768 -1825923,1073077 -1770986))
