4326;POLYGON((142.25 -25.75,142.75 -25.75,142.75 -26.25,142.25 -26.25,142.25 -25.75))
28348;POLYGON((4402704 6542704,4459682 6523688,4438308 6460837,4381777 6480045,4402704 6542704))
28349;POLYGON((3732400 6741627,3787363 6726976,3770875 6666286,3716277 6681102,3732400 6741627))
28350;POLYGON((3084050 6893412,3137343 6882359,3124883 6823489,3071895 6834677,3084050 6893412))
28351;POLYGON((2453430 7005764,2505409 6997763,2496366 6940338,2444650 6948442,2453430 7005764))
28352;POLYGON((1836266 7084069,1887286 7078746,1881238 7022382,1830453 7027776,1836266 7084069))
28353;POLYGON((1228309 7131911,1278723 7129027,1275400 7073341,1225205 7076264,1228309 7131911))
28354;POLYGON((625366 7151407,675522 7150836,674780 7095448,624837 7096027,625366 7151407))
28355;POLYGON((23287 7143403,73528 7145121,75335 7089655,25308 7087913,23287 7143403))
28356;POLYGON((-582073 7107554,-531400 7111634,-526966 7055712,-577414 7051576,-582073 7107554))
28357;POLYGON((-1194888 7042287,-1143433 7048911,-1136178 6992152,-1187385 6985440,-1194888 7042287))
28358;POLYGON((-1819382 6944662,-1766791 6954133,-1756385 6896153,-1808694 6886563,-1819382 6944662))
3113;POLYGON((-1032495 304836,-981802 308918,-977367 252974,-1027834 248836,-1032495 304836))
3111;POLYGON((2219042 3750900,2270115 3752242,2271447 3695886,2220670 3694552,2219042 3750900))
3107;POLYGON((1729333 2667916,1779548 2664424,1775566 2609008,1725607 2612482,1729333 2667916))
3308;POLYGON((8820067 5321967,8870556 5324144,8872825 5268415,8822602 5266250,8820067 5321967))
3112;POLYGON((817212 -2950795,866663 -2954145,862855 -3008738,813622 -3005403,817212 -2950795))
3577;POLYGON((1015080 -2827377,1064482 -2831446,1059770 -2887313,1010587 -2883261,1015080 -2827377))
