4326;POLYGON((142.25 -24.25,142.75 -24.25,142.75 -24.75,142.25 -24.75,142.25 -24.25))
28348;POLYGON((4463646 6732004,4521941 6713612,4501504 6650077,4443643 6668685,4463646 6732004))
28349;POLYGON((3779241 6924031,3835272 6909911,3819564 6848790,3763885 6863092,3779241 6924031))
28350;POLYGON((3119300 7070106,3173482 7059482,3161644 7000356,3107754 7011127,3119300 7070106))
28351;POLYGON((2478860 7177985,2531604 7170310,2523029 7112749,2470536 7120536,2478860 7177985))
28352;POLYGON((1853085 7253051,1904788 7247952,1899062 7191531,1847582 7196707,1853085 7253051))
28353;POLYGON((1237285 7298866,1288333 7296106,1285189 7240410,1234349 7243212,1237285 7298866))
28354;POLYGON((626898 7317525,677667 7316979,676965 7261602,626397 7262156,626898 7317525))
28355;POLYGON((17441 7309866,68303 7311510,70012 7256049,19353 7254379,17441 7309866))
28356;POLYGON((-595554 7275545,-544226 7279453,-540030 7223505,-591144 7219538,-595554 7275545))
28357;POLYGON((-1216611 7213009,-1164436 7219360,-1157563 7162515,-1209502 7156072,-1216611 7213009))
28358;POLYGON((-1850361 7119342,-1796948 7128436,-1787073 7070275,-1840217 7061053,-1850361 7119342))
3113;POLYGON((-1045981 472893,-994633 476802,-990436 420832,-1041569 416864,-1045981 472893))
3111;POLYGON((2214142 3920483,2266105 3921848,2267444 3865219,2215778 3863862,2214142 3920483))
3107;POLYGON((1740530 2834520,1791516 2830974,1787523 2775403,1736794 2778931,1740530 2834520))
3308;POLYGON((8812445 5489481,8863736 5491691,8866012 5435778,8814988 5433579,8812445 5489481))
3112;POLYGON((827987 -2786910,878089 -2790304,874279 -2844932,824394 -2841553,827987 -2786910))
3577;POLYGON((1028550 -2659842,1078608 -2663965,1073901 -2719769,1024062 -2715663,1028550 -2659842))
