4326;POLYGON((142.25 -16.0,142.75 -16.0,142.75 -16.5,142.25 -16.5,142.25 -16.0))
28348;POLYGON((4744381 7806223,4809016 7792542,4794509 7725632,4730205 7739656,4744381 7806223))
28349;POLYGON((3992880 7947765,4053939 7937437,4042978 7874228,3982178 7884825,3992880 7947765))
28350;POLYGON((3278867 8053877,3337165 8046204,3329011 7985860,3270921 7993738,3278867 8053877))
28351;POLYGON((2593350 8131402,2649585 8125909,2643734 8067711,2587674 8073353,2593350 8131402))
28352;POLYGON((1928530 8184939,1983315 8181312,1979433 8124628,1924801 8128354,1928530 8184939))
28353;POLYGON((1277461 8217453,1331350 8215498,1329227 8159757,1275478 8161767,1277461 8217453))
28354;POLYGON((633748 8230662,687260 8230276,686787 8174945,633410 8175342,633748 8230662))
28355;POLYGON((-8707 8225242,44929 8226406,46082 8170968,-7417 8169772,-8707 8225242))
28356;POLYGON((-655957 8200917,-601686 8203690,-598849 8147623,-652974 8144774,-655957 8200917))
28357;POLYGON((-1314241 8156422,-1258803 8160950,-1254132 8103708,-1309407 8099055,-1314241 8156422))
28358;POLYGON((-1990243 8089346,-1933058 8095881,-1926296 8036870,-1983291 8030159,-1990243 8089346))
3113;POLYGON((-1106408 1398626,-1052116 1401400,-1049277 1345311,-1103423 1342460,-1106408 1398626))
3111;POLYGON((2186642 4872220,2243604 4873716,2244995 4814906,2188341 4813418,2186642 4872220))
3107;POLYGON((1802962 3763422,1858247 3759578,1854145 3702494,1799124 3706320,1802962 3763422))
3308;POLYGON((8769877 6425008,8825647 6427412,8827991 6369817,8772497 6367425,8769877 6425008))
3112;POLYGON((887650 -1879372,941362 -1883010,937493 -1938491,884001 -1934867,887650 -1879372))
3577;POLYGON((1102053 -1745679,1155687 -1750097,1151059 -1804967,1097640 -1800566,1102053 -1745679))
