4326;POLYGON((142.5 -40.75,143.0 -40.75,143.0 -41.25,142.5 -41.25,142.5 -40.75))
28348;POLYGON((3685133 4751489,3727674 4729960,3699032 4674177,3656987 4695669,3685133 4751489))
28349;POLYGON((3173455 4981568,3216140 4964312,3193145 4908271,3150902 4925520,3173455 4981568))
28350;POLYGON((2661373 5163391,2704016 5149958,2686080 5093931,2643835 5107373,2661373 5163391))
28351;POLYGON((2150429 5301751,2192946 5291784,2179597 5235897,2137445 5245878,2150429 5301751))
28352;POLYGON((1641153 5400350,1683529 5393581,1674414 5337864,1632379 5344647,1641153 5400350))
28353;POLYGON((1133405 5461849,1175671 5458094,1170546 5402516,1128606 5406279,1133405 5461849))
28354;POLYGON((626629 5487912,668842 5487070,667570 5431561,625676 5432405,626629 5487912))
28355;POLYGON((120058 5479244,162285 5481292,164832 5425769,122925 5423715,120058 5479244))
28356;POLYGON((-387116 5435610,-344810 5440605,-338376 5384986,-380351 5379981,-387116 5435610))
28357;POLYGON((-895579 5355830,-853146 5363905,-842652 5308133,-884736 5300044,-895579 5355830))
28358;POLYGON((-1405706 5237748,-1363131 5249121,-1348298 5193181,-1390495 5181794,-1405706 5237748))
3113;POLYGON((-837462 -1367759,-795140 -1362763,-788703 -1418403,-830695 -1423410,-837462 -1367759))
3111;POLYGON((2288467 2080686,2330766 2081686,2331936 2026042,2289928 2025049,2288467 2080686))
3107;POLYGON((1638956 1005379,1681478 1002323,1677327 946377,1635065 949414,1638956 1005379))
3308;POLYGON((8917090 3657786,8959614 3659517,8961757 3603560,8919502 3601840,8917090 3657786))
3112;POLYGON((729883 -4606648,772746 -4609637,768699 -4666058,726060 -4663085,729883 -4606648))
3577;POLYGON((902740 -4493066,945624 -4496683,940944 -4550893,898273 -4547294,902740 -4493066))
