4326;POLYGON((142.5 -15.25,143.0 -15.25,143.0 -15.75,142.5 -15.75,142.5 -15.25))
28348;POLYGON((4797426 7899851,4862718 7886545,4848648 7819193,4783679 7832856,4797426 7899851))
28349;POLYGON((4039046 8037438,4100616 8027402,4089996 7963894,4028677 7974208,4039046 8037438))
28350;POLYGON((3319627 8140539,3378330 8133083,3370429 8072540,3311928 8080209,3319627 8140539))
28351;POLYGON((2629776 8215919,2686339 8210573,2680662 8152250,2624267 8157750,2629776 8215919))
28352;POLYGON((1961407 8268117,2016464 8264572,2012681 8207817,1957771 8211465,1961407 8268117))
28353;POLYGON((1307363 8300065,1361482 8298128,1359387 8242355,1305402 8244349,1307363 8300065))
28354;POLYGON((661088 8313467,714800 8313036,714284 8257702,660701 8258146,661088 8313467))
28355;POLYGON((16351 8309019,70170 8310071,71206 8254650,17517 8253567,16351 8309019))
28356;POLYGON((-633015 8286490,-578571 8289081,-575930 8233042,-630235 8230376,-633015 8286490))
28357;POLYGON((-1293371 8244700,-1237760 8248966,-1233374 8191755,-1288831 8187365,-1293371 8244700))
28358;POLYGON((-1971537 8181367,-1914164 8187547,-1907790 8128560,-1964982 8122203,-1971537 8181367))
3113;POLYGON((-1083457 1484233,-1028992 1486824,-1026350 1430763,-1080676 1428096,-1083457 1484233))
3111;POLYGON((2212797 4961537,2270228 4962894,2271469 4903823,2214348 4902472,2212797 4961537))
3107;POLYGON((1836579 3847414,1892252 3843414,1888003 3786145,1832595 3790127,1836579 3847414))
3308;POLYGON((8794025 6512890,8850216 6515178,8852430 6457366,8796517 6455090,8794025 6512890))
3112;POLYGON((920157 -1797766,974194 -1801535,970205 -1857140,916390 -1853387,920157 -1797766))
3577;POLYGON((1135640 -1665706,1189587 -1670256,1184863 -1724987,1131130 -1720455,1135640 -1665706))
