4326;POLYGON((142.5 -26.25,143.0 -26.25,143.0 -26.75,142.5 -26.75,142.5 -26.25))
28348;POLYGON((4410021 6470491,4466638 6451080,4444733 6388368,4388570 6407963,4410021 6470491))
28349;POLYGON((3743558 6673736,3798230 6658754,3781303 6598130,3727002 6613272,3743558 6673736))
28350;POLYGON((3098374 6829118,3151422 6817790,3138603 6758941,3085866 6770401,3098374 6829118))
28351;POLYGON((2470497 6944420,2522258 6936196,2512926 6878766,2461434 6887092,2470497 6944420))
28352;POLYGON((1855838 7025106,1906655 7019605,1900381 6963225,1849805 6968796,1855838 7025106))
28353;POLYGON((1250298 7074828,1300511 7071805,1297018 7016102,1247028 7019164,1250298 7074828))
28354;POLYGON((649807 7095762,699754 7095087,698891 7039691,649160 7040375,649807 7095762))
28355;POLYGON((50324 7088808,100341 7090452,102071 7034995,52272 7033329,50324 7088808))
28356;POLYGON((-552184 7053670,-501760 7057703,-497363 7001815,-547557 6997729,-552184 7053670))
28357;POLYGON((-1161772 6988824,-1110603 6995423,-1103347 6938734,-1154265 6932052,-1161772 6988824))
28358;POLYGON((-1782526 6891390,-1730270 6900852,-1719832 6842990,-1771803 6833413,-1782526 6891390))
3113;POLYGON((-1002594 250931,-952151 254966,-947752 199056,-997966 194969,-1002594 250931))
3111;POLYGON((2246058 3695252,2296838 3696453,2298020 3640177,2247536 3638983,2246058 3695252))
3107;POLYGON((1750588 2610774,1800539 2607184,1796432 2551821,1746737 2555392,1750588 2610774))
3308;POLYGON((8847712 5267362,8897940 5269407,8900073 5213726,8850112 5211692,8847712 5267362))
3112;POLYGON((838241 -3007046,887467 -3010479,883551 -3065061,834542 -3061643,838241 -3007046))
3577;POLYGON((1035180 -2885263,1084356 -2889411,1079533 -2945281,1030577 -2941152,1035180 -2885263))
