4326;POLYGON((142.25 -22.25,142.75 -22.25,142.75 -22.75,142.25 -22.75,142.25 -22.25))
28348;POLYGON((4540433 6987420,4600417 6969974,4581299 6905554,4521729 6923248,4540433 6987420))
28349;POLYGON((3838028 7169124,3895415 7155790,3880789 7094114,3823733 7107653,3838028 7169124))
28350;POLYGON((3163406 7306805,3218712 7296807,3207726 7237354,3152695 7247515,3163406 7306805))
28351;POLYGON((2510610 7408190,2564314 7400985,2556377 7343252,2502906 7350579,2510610 7408190))
28352;POLYGON((1874054 7478593,1926610 7473814,1921318 7417322,1868969 7422183,1874054 7478593))
28353;POLYGON((1248466 7521504,1300304 7518920,1297402 7463212,1245756 7465841,1248466 7521504))
28354;POLYGON((628806 7538969,680338 7538458,679690 7483093,628343 7483613,628806 7538969))
28355;POLYGON((10162 7531800,61795 7533339,63372 7477884,11926 7476318,10162 7531800))
28356;POLYGON((-612353 7499666,-560208 7503326,-556334 7447346,-608280 7443622,-612353 7499666))
28357;POLYGON((-1243713 7441053,-1190638 7447009,-1184282 7390056,-1237139 7383999,-1243713 7441053))
28358;POLYGON((-1889084 7353108,-1834637 7361654,-1825489 7303265,-1879684 7294577,-1889084 7353108))
3113;POLYGON((-1062787 697101,-1010622 700763,-1006746 644761,-1058712 641036,-1062787 697101))
3111;POLYGON((2207568 4148005,2260726 4149401,2262075 4092349,2209216 4090961,2207568 4148005))
3107;POLYGON((1755518 3057512,1807536 3053895,1803524 2998061,1751764 3001660,1755518 3057512))
3308;POLYGON((8802236 5713826,8854602 5716083,8856890 5659867,8804794 5657621,8802236 5713826))
3112;POLYGON((842372 -2568098,893344 -2571551,889527 -2626283,838772 -2622845,842372 -2568098))
3577;POLYGON((1046477 -2436885,1097407 -2441080,1092712 -2496745,1042000 -2492567,1046477 -2436885))
