4326;POLYGON((142.5 -39.0,143.0 -39.0,143.0 -39.5,142.5 -39.5,142.5 -39.0))
28348;POLYGON((3782272 4948624,3826551 4927019,3798523 4870426,3754741 4892017,3782272 4948624))
28349;POLYGON((3251064 5178940,3295289 5161703,3272891 5105107,3229104 5122356,3251064 5178940))
28350;POLYGON((2721588 5360212,2765610 5346842,2748203 5290464,2704572 5303858,2721588 5360212))
28351;POLYGON((2194930 5497720,2238703 5487827,2225784 5431745,2182367 5441663,2194930 5497720))
28352;POLYGON((1671191 5595487,1714735 5588780,1705931 5532979,1662717 5539706,1671191 5595487))
28353;POLYGON((1149824 5656372,1193202 5652657,1188258 5597062,1145194 5600790,1149824 5656372))
28354;POLYGON((629890 5682153,673190 5681320,671964 5625825,628971 5626661,629890 5682153))
28355;POLYGON((110253 5673580,153573 5675606,156030 5620091,113017 5618058,110253 5673580))
28356;POLYGON((-410263 5630404,-366826 5635348,-360617 5579694,-403734 5574734,-410263 5630404))
28357;POLYGON((-932718 5551366,-889085 5559372,-878943 5503482,-922237 5495454,-932718 5551366))
28358;POLYGON((-1457882 5434157,-1414004 5445458,-1399637 5389276,-1443145 5377949,-1457882 5434157))
3113;POLYGON((-860618 -1172889,-817164 -1167944,-810952 -1223619,-854087 -1228580,-860618 -1172889))
3111;POLYGON((2283359 2275150,2326680 2276174,2327847 2220642,2284817 2219625,2283359 2275150))
3107;POLYGON((1652533 1200631,1695958 1197510,1691828 1141835,1648660 1144937,1652533 1200631))
3308;POLYGON((8908673 3853065,8952131 3854834,8954266 3799107,8911075 3797349,8908673 3853065))
3112;POLYGON((743196 -4410125,786841 -4413169,782824 -4469151,739402 -4466123,743196 -4410125))
3577;POLYGON((918457 -4302260,962088 -4305940,957371 -4360589,913954 -4356927,918457 -4302260))
