4326;POLYGON((142.25 -33.0,142.75 -33.0,142.75 -33.5,142.25 -33.5,142.25 -33.0))
28348;POLYGON((4071967 5656330,4122148 5635331,4096866 5575906,4047172 5596980,4071967 5656330))
28349;POLYGON((3475393 5878187,3524711 5861710,3504845 5803232,3455940 5819790,3475393 5878187))
28350;POLYGON((2889024 6050194,2937517 6037588,2922290 5980052,2874155 5992733,2889024 6050194))
28351;POLYGON((2311875 6179047,2359657 6169827,2348489 6113118,2301025 6122399,2311875 6179047))
28352;POLYGON((1742246 6269623,1789478 6263446,1781955 6207383,1735012 6213604,1742246 6269623))
28353;POLYGON((1178004 6325274,1224875 6321913,1220723 6266277,1174125 6269664,1178004 6325274))
28354;POLYGON((616773 6348019,663488 6347352,662559 6291910,616110 6292581,616773 6348019))
28355;POLYGON((56066 6338676,102833 6340681,105094 6285187,58595 6283168,56066 6338676))
28356;POLYGON((-506623 6296911,-459596 6301659,-454064 6245873,-500811 6241090,-506623 6296911))
28357;POLYGON((-1073731 6221214,-1026246 6228877,-1017245 6172569,-1064428 6164853,-1073731 6221214))
28358;POLYGON((-1647510 6108810,-1599391 6119671,-1586590 6062636,-1634374 6051706,-1647510 6108810))
3113;POLYGON((-957016 -506122,-909970 -501372,-904437 -557180,-951202 -561964,-957016 -506122))
3111;POLYGON((2242463 2940330,2289278 2941560,2290591 2886013,2244068 2884791,2242463 2940330))
3107;POLYGON((1675482 1866693,1721990 1863459,1718024 1808269,1671771 1811485,1675482 1866693))
3308;POLYGON((8856665 4517619,8903305 4519629,8905558 4464273,8859184 4462274,8856665 4517619))
3112;POLYGON((765066 -3743999,811360 -3747135,807528 -3802095,761451 -3798974,765066 -3743999))
3577;POLYGON((949962 -3637259,996195 -3641068,991503 -3696701,945488 -3692910,949962 -3637259))
