4326;POLYGON((142.5 -18.0,143.0 -18.0,143.0 -18.5,142.5 -18.5,142.5 -18.0))
28348;POLYGON((4716965 7533545,4780384 7518360,4764140 7452031,4701086 7467534,4716965 7533545))
28349;POLYGON((3978232 7690989,4038341 7679480,4026018 7616597,3966196 7628359,3978232 7690989))
28350;POLYGON((3274405 7809476,3331929 7800892,3322726 7740712,3265435 7749490,3274405 7809476))
28351;POLYGON((2597384 7896377,2652958 7890207,2646327 7832072,2590948 7838386,2597384 7896377))
28352;POLYGON((1940011 7956687,1994203 7952588,1989776 7895911,1935756 7900107,1940011 7956687))
28353;POLYGON((1295821 7993653,1349149 7991410,1346695 7935651,1293524 7937948,1295821 7993653))
28354;POLYGON((658808 8009171,711760 8008672,711155 7953325,658354 7953837,658808 8009171))
28355;POLYGON((23218 8004020,76269 8005238,77482 7949809,24585 7948562,23218 8004020))
28356;POLYGON((-616652 7977941,-563025 7980938,-559932 7924932,-613396 7921863,-616652 7977941))
28357;POLYGON((-1266659 7929618,-1211956 7934547,-1206826 7877446,-1261349 7872401,-1266659 7929618))
28358;POLYGON((-1933010 7856516,-1876696 7863641,-1869256 7804893,-1925361 7797604,-1933010 7856516))
3113;POLYGON((-1067088 1175563,-1013439 1178561,-1010345 1122533,-1063831 1119463,-1067088 1175563))
3111;POLYGON((2221275 4638757,2277011 4640074,2278233 4581898,2222803 4580587,2221275 4638757))
3107;POLYGON((1814778 3533888,1869000 3529992,1864801 3473389,1810840 3477266,1814778 3533888))
3308;POLYGON((8807655 6196678,8862332 6198904,8864519 6141816,8810115 6139602,8807655 6196678))
3112;POLYGON((899506 -2102632,952330 -2106316,948372 -2161479,895768 -2157811,899506 -2102632))
3577;POLYGON((1110750 -1967857,1163515 -1972308,1158753 -2027479,1106204 -2023047,1110750 -1967857))
