4326;POLYGON((142.0 -13.75,142.5 -13.75,142.5 -14.25,142.0 -14.25,142.0 -13.75))
28348;POLYGON((4770403 8113725,4836245 8101816,4823713 8034335,4758161 8046613,4770403 8113725))
28349;POLYGON((4006284 8236675,4068280 8227721,4058850 8164197,3997079 8173437,4006284 8236675))
28350;POLYGON((3282249 8328500,3341307 8321872,3334318 8261373,3275441 8268216,3282249 8328500))
28351;POLYGON((2588392 8395327,2645275 8390602,2640280 8332346,2583549 8337226,2588392 8395327))
28352;POLYGON((1916264 8441245,1971631 8438145,1968337 8381457,1913102 8384660,1916264 8441245))
28353;POLYGON((1258431 8468869,1312873 8467223,1311098 8411502,1256777 8413203,1258431 8468869))
28354;POLYGON((608111 8479697,662176 8479417,661825 8424103,607877 8424392,608111 8479697))
28355;POLYGON((-41146 8474299,13073 8475370,14129 8419920,-39971 8418814,-41146 8474299))
28356;POLYGON((-695743 8452391,-640830 8454869,-638312 8398737,-693099 8396176,-695743 8452391))
28357;POLYGON((-1362319 8412801,-1306143 8416821,-1302028 8359429,-1358062 8355275,-1362319 8412801))
28358;POLYGON((-2048053 8353316,-1989987 8359109,-1984040 8299821,-2041939 8293839,-2048053 8353316))
3113;POLYGON((-1146209 1650198,-1091275 1652677,-1088757 1596523,-1143564 1593961,-1146209 1650198))
3111;POLYGON((2149755 5138127,2208114 5139813,2209680 5080202,2151634 5078525,2149755 5138127))
3107;POLYGON((1792097 4023904,1848587 4020108,1844574 3962401,1788351 3966179,1792097 4023904))
3308;POLYGON((8729500 6684589,8786513 6687184,8789024 6628932,8732290 6626351,8729500 6684589))
3112;POLYGON((876782 -1626724,931500 -1630321,927712 -1686237,873217 -1682654,876782 -1626724))
3577;POLYGON((1094518 -1497622,1149124 -1502013,1144637 -1556482,1090244 -1552109,1094518 -1497622))
