4326;POLYGON((141.75 -39.0,142.25 -39.0,142.25 -39.5,141.75 -39.5,141.75 -39.0))
28348;POLYGON((3715845 4980309,3760130 4959281,3732846 4902669,3689050 4923687,3715845 4980309))
28349;POLYGON((3184750 5204160,3228956 5187431,3207214 5130854,3163440 5147597,3184750 5204160))
28350;POLYGON((2655592 5379700,2699584 5366784,2682762 5310441,2639156 5323381,2655592 5379700))
28351;POLYGON((2129310 5512045,2173052 5502564,2160665 5446519,2117275 5456025,2129310 5512045))
28352;POLYGON((1605907 5605068,1649426 5598744,1641116 5542973,1597924 5549317,1605907 5605068))
28353;POLYGON((1084776 5661489,1128139 5658138,1123665 5602562,1080615 5605925,1084776 5661489))
28354;POLYGON((564944 5682955,608241 5682480,607475 5626989,564484 5627467,564944 5682955))
28355;POLYGON((45260 5670091,88590 5672477,91509 5616951,48488 5614557,45260 5670091))
28356;POLYGON((-475445 5622522,-431987 5627839,-425298 5572161,-468435 5566827,-475445 5622522))
28357;POLYGON((-998204 5538862,-954542 5547264,-943891 5491340,-987210 5482914,-998204 5538862))
28358;POLYGON((-1523738 5416664,-1479829 5428398,-1464906 5372178,-1508442 5360419,-1523738 5416664))
3113;POLYGON((-925825 -1180774,-882350 -1175455,-875659 -1231155,-918812 -1236491,-925825 -1180774))
3111;POLYGON((2218389 2273188,2261701 2274553,2263305 2219031,2220285 2217675,2218389 2273188))
3107;POLYGON((1587369 1204935,1630815 1202116,1627071 1146413,1583883 1149215,1587369 1204935))
3308;POLYGON((8843503 3850022,8886947 3852103,8889482 3796392,8846305 3794324,8843503 3850022))
3112;POLYGON((677707 -4405885,721369 -4408668,717687 -4464674,674248 -4461905,677707 -4405885))
3577;POLYGON((852985 -4297060,896637 -4300484,892240 -4355160,848803 -4351753,852985 -4297060))
