4326;POLYGON((142.25 -10.75,142.75 -10.75,142.75 -11.25,142.25 -11.25,142.25 -10.75))
28348;POLYGON((4868905 8514577,4936501 8504898,4926376 8436360,4859018 8446448,4868905 8514577))
28349;POLYGON((4086494 8614308,4149842 8607057,4142253 8542865,4079088 8550428,4086494 8614308))
28350;POLYGON((3348149 8688576,3408280 8683220,3402667 8622313,3342682 8627901,3348149 8688576))
28351;POLYGON((2642731 8742570,2700495 8738751,2696485 8680262,2638842 8684248,2642731 8742570))
28352;POLYGON((1960926 8779729,2017044 8777215,2014391 8720412,1958378 8723036,1960926 8779729))
28353;POLYGON((1294666 8802247,1349775 8800894,1348327 8745133,1293313 8746546,1294666 8802247))
28354;POLYGON((636678 8811384,691363 8811117,691041 8755808,636448 8756087,636678 8811384))
28355;POLYGON((-19898 8807636,34927 8808441,35713 8753013,-19019 8752173,-19898 8807636))
28356;POLYGON((-681859 8790800,-626321 8792720,-624384 8736599,-679823 8734594,-681859 8790800))
28357;POLYGON((-1356262 8759949,-1299405 8763092,-1296209 8705668,-1352955 8702387,-1356262 8759949))
28358;POLYGON((-2050792 8713307,-1991942 8717858,-1987300 8658457,-2046019 8653707,-2050792 8713307))
3113;POLYGON((-1132320 1988739,-1076760 1990660,-1074823 1934517,-1130283 1932511,-1132320 1988739))
3111;POLYGON((2168478 5500843,2228742 5502426,2230181 5441588,2170236 5440014,2168478 5500843))
3107;POLYGON((1843839 4371617,1901939 4367577,1897723 4308919,1839896 4312940,1843839 4371617))
3308;POLYGON((8741944 7038902,8800652 7041432,8803065 6982148,8744641 6979630,8741944 7038902))
3112;POLYGON((926359 -1290560,982414 -1294357,978466 -1350971,922637 -1347189,926359 -1290560))
3577;POLYGON((1147929 -1175102,1203797 -1179704,1199257 -1233528,1143600 -1228943,1147929 -1175102))
