4326;POLYGON((142.5 -17.0,143.0 -17.0,143.0 -17.5,142.5 -17.5,142.5 -17.0))
28348;POLYGON((4747584 7666123,4811711 7651596,4796242 7584882,4732466 7599742,4747584 7666123))
28349;POLYGON((4001410 7816591,4062072 7805601,4050360 7742482,3989971 7753734,4001410 7816591))
28350;POLYGON((3291660 7929645,3349632 7921460,3340898 7861142,3283147 7869528,3291660 7929645))
28351;POLYGON((2609753 8012462,2665704 8006584,2659417 7948378,2603652 7954403,2609753 8012462))
28352;POLYGON((1948186 8069889,2002708 8065987,1998514 8009280,1944155 8013281,1948186 8069889))
28353;POLYGON((1300232 8105068,1353862 8102934,1351538 8047171,1298057 8049359,1300232 8105068))
28354;POLYGON((659680 8119833,712922 8119358,712349 8064016,659250 8064504,659680 8119833))
28355;POLYGON((20593 8114932,73938 8116091,75087 8060665,21888 8059476,20593 8114932))
28356;POLYGON((-622905 8090118,-568966 8092970,-566036 8036951,-619821 8034026,-622905 8090118))
28357;POLYGON((-1276862 8044118,-1221813 8048812,-1216952 7991669,-1271830 7986857,-1276862 8044118))
28358;POLYGON((-1947716 7974484,-1890999 7981274,-1883944 7922435,-1940462 7915476,-1947716 7974484))
3113;POLYGON((-1073343 1287783,-1019383 1290637,-1016452 1234596,-1070258 1231670,-1073343 1287783))
3111;POLYGON((2218207 4755558,2274556 4756890,2275785 4698404,2219743 4697079,2218207 4755558))
3107;POLYGON((1822676 3647470,1877423 3643536,1873207 3586706,1818723 3590621,1822676 3647470))
3308;POLYGON((8802719 6311200,8857944 6313448,8860140 6256113,8805190 6253876,8802719 6311200))
3112;POLYGON((906996 -1992057,960260 -1995771,956292 -2051081,903248 -2047382,906996 -1992057))
3577;POLYGON((1119824 -1857701,1173020 -1862188,1168271 -1917210,1115290 -1912741,1119824 -1857701))
