4326;POLYGON((142.75 -23.25,143.25 -23.25,143.25 -23.75,142.75 -23.75,142.75 -23.25))
28348;POLYGON((4561843 6841352,4621217 6823023,4600997 6758806,4542056 6777371,4561843 6841352))
28349;POLYGON((3865887 7032575,3922790 7018521,3907269 6956922,3850714 6971173,3865887 7032575))
28350;POLYGON((3196525 7177982,3251425 7167401,3239722 7107952,3185110 7118691,3196525 7177982))
28351;POLYGON((2548279 7285562,2601623 7277893,2593119 7220126,2540021 7227914,2548279 7285562))
28352;POLYGON((1915917 7360847,1968131 7355707,1962403 7299168,1910407 7304391,1915917 7360847))
28353;POLYGON((1294439 7407507,1345932 7404650,1342709 7348901,1291416 7351805,1294439 7407507))
28354;POLYGON((679029 7427725,730197 7427020,729329 7371637,678355 7372354,679029 7427725))
28355;POLYGON((64983 7422428,116215 7423842,117664 7368407,66626 7366970,64983 7422428))
28356;POLYGON((-552378 7391374,-500690 7394972,-496859 7339066,-548342 7335409,-552378 7391374))
28357;POLYGON((-1177797 7333131,-1125253 7339080,-1118862 7282276,-1171181 7276231,-1177797 7333131))
28358;POLYGON((-1816157 7244931,-1762343 7253520,-1753086 7195376,-1806643 7186655,-1816157 7244931))
3113;POLYGON((-1002789 588767,-951080 592366,-947248 536438,-998751 532780,-1002789 588767))
3111;POLYGON((2263421 4035409,2315987 4036514,2317032 3979675,2264764 3978577,2263421 4035409))
3107;POLYGON((1799516 2942299,1851001 2938480,1846741 2882804,1795514 2886605,1799516 2942299))
3308;POLYGON((8859175 5603732,8911013 5605718,8913027 5549650,8861457 5547675,8859175 5603732))
3112;POLYGON((885713 -2680983,936236 -2684608,932206 -2739264,881900 -2735656,885713 -2680983))
3577;POLYGON((1088014 -2552450,1138491 -2556807,1133571 -2612529,1083312 -2608191,1088014 -2552450))
