4326;POLYGON((142.75 -12.25,143.25 -12.25,143.25 -12.75,142.75 -12.75,142.75 -12.25))
28348;POLYGON((4904827 8299686,4972069 8288536,4960378 8220009,4893408 8231561,4904827 8299686))
28349;POLYGON((4126084 8414724,4189160 8406349,4180375 8342098,4117509 8350780,4126084 8414724))
28350;POLYGON((3390702 8500636,3450602 8494429,3444084 8433432,3384350 8439870,3390702 8500636))
28351;POLYGON((2687931 8563355,2745480 8558907,2740798 8500323,2683389 8504938,2687931 8563355))
28352;POLYGON((2008729 8606835,2064627 8603876,2061499 8546991,2005722 8550061,2008729 8606835))
28353;POLYGON((1345236 8633617,1400104 8631981,1398352 8576163,1343593 8577862,1345236 8633617))
28354;POLYGON((690353 8645184,744762 8644781,744292 8589451,689987 8589870,690353 8645184))
28355;POLYGON((37390 8642156,91891 8642964,92677 8587565,38282 8586726,37390 8642156))
28356;POLYGON((-620251 8624371,-565105 8626434,-563020 8570405,-618054 8568263,-620251 8624371))
28357;POLYGON((-1289392 8590866,-1233016 8594298,-1229520 8537049,-1285770 8533488,-1289392 8590866))
28358;POLYGON((-1977401 8539750,-1919152 8544748,-1914042 8485632,-1972145 8480446,-1977401 8539750))
3113;POLYGON((-1070688 1822245,-1015520 1824309,-1013435 1768258,-1068490 1766116,-1070688 1822245))
3111;POLYGON((2233042 5320555,2292358 5321802,2293465 5261591,2234465 5260351,2233042 5320555))
3107;POLYGON((1889330 4192114,1946598 4187865,1942149 4129728,1885150 4133957,1889330 4192114))
3308;POLYGON((8807870 6864125,8865741 6866342,8867851 6807582,8810261 6805375,8807870 6864125))
3112;POLYGON((970596 -1463818,1025962 -1467790,1021816 -1524015,966674 -1520060,970596 -1463818))
3577;POLYGON((1190149 -1341512,1245365 -1346278,1240585 -1400415,1185581 -1395667,1190149 -1341512))
