4326;POLYGON((142.75 -8.75,143.25 -8.75,143.25 -9.25,142.75 -9.25,142.75 -8.75))
28348;POLYGON((4972594 8780273,5041473 8772085,5032914 8702630,4964237 8711257,4972594 8780273))
28349;POLYGON((4176858 8864553,4241186 8858429,4234782 8793621,4170609 8800076,4176858 8864553))
28350;POLYGON((3428237 8927264,3489131 8922740,3484395 8861424,3423623 8866194,3428237 8927264))
28351;POLYGON((2714744 8972922,2773113 8969687,2769719 8910937,2711451 8914349,2714744 8972922))
28352;POLYGON((2026466 9004514,2083074 9002366,2080810 8945411,2024290 8947677,2026466 9004514))
28353;POLYGON((1354916 9023950,1410429 9022763,1409162 8966932,1353729 8968184,1354916 9023950))
28354;POLYGON((692508 9032339,747535 9032047,747195 8976727,692244 8977036,692508 9032339))
28355;POLYGON((32137 9030143,87260 9030730,87828 8975337,32781 8974719,32137 9030143))
28356;POLYGON((-633198 9017242,-577389 9018739,-575882 8962686,-631609 8961106,-633198 9017242))
28357;POLYGON((-1310754 8992917,-1253638 8995410,-1251107 8938072,-1308132 8935442,-1310754 8992917))
28358;POLYGON((-2008438 8955750,-1949318 8959387,-1945613 8900073,-2004626 8896237,-2008438 8955750))
3113;POLYGON((-1083640 2215269,-1027810 2216767,-1026302 2160692,-1082051 2159112,-1083640 2215269))
3111;POLYGON((2222936 5748046,2284498 5749340,2285633 5687578,2224396 5686291,2222936 5748046))
3107;POLYGON((1918930 4604021,1978104 4599631,1973561 4540259,1914662 4544628,1918930 4604021))
3308;POLYGON((8790921 7280494,8850785 7282787,8852943 7222712,8793366 7220430,8790921 7280494))
3112;POLYGON((998303 -1066527,1055249 -1070612,1051034 -1127768,994316 -1123699,998303 -1066527))
3577;POLYGON((1221856 -965593,1278543 -970486,1273834 -1023813,1217356 -1018938,1221856 -965593))
