4326;POLYGON((143.5 -22.75,144.0 -22.75,144.0 -23.25,143.5 -23.25,143.5 -22.75))
28348;POLYGON((4671090 6878278,4731248 6859592,4710706 6794774,4650989 6813709,4671090 6878278))
28349;POLYGON((3966730 7073219,4024268 7058888,4008498 6996834,3951312 7011373,3966730 7073219))
28350;POLYGON((3290557 7221628,3345971 7210816,3334056 7151032,3278931 7162012,3290557 7221628))
28351;POLYGON((2636797 7331849,2690556 7323967,2681850 7265965,2628336 7273974,2636797 7331849))
28352;POLYGON((1999988 7409663,2052536 7404312,2046599 7347621,1994267 7353062,1999988 7409663))
28353;POLYGON((1374952 7458930,1426711 7455849,1423256 7400019,1371695 7403152,1374952 7458930))
28354;POLYGON((756730 7481987,808107 7481033,806972 7425630,755785 7426601,756730 7481987))
28355;POLYGON((140499 7479904,191892 7481033,193027 7425630,141824 7424482,140499 7479904))
28356;POLYGON((-478520 7452585,-426711 7455849,-423256 7400019,-474866 7396701,-478520 7452585))
28357;POLYGON((-1105169 7398761,-1052536 7404312,-1046599 7347621,-1099014 7341978,-1105169 7398761))
28358;POLYGON((-1744436 7315859,-1690556 7323967,-1681850 7265965,-1735482 7257727,-1744436 7315859))
3113;POLYGON((-928902 650002,-877073 653267,-873616 597416,-925246 594096,-928902 650002))
3111;POLYGON((2341375 4093911,2394247 4094606,2394846 4037653,2342272 4036963,2341375 4093911))
3107;POLYGON((1881131 2992213,1932845 2988016,1928193 2932304,1876736 2936480,1881131 2992213))
3308;POLYGON((8935054 5662767,8987173 5664389,8988786 5608231,8936936 5606617,8935054 5662767))
3112;POLYGON((965633 -2631819,1016351 -2635762,1011993 -2690421,961492 -2686496,965633 -2631819))
3577;POLYGON((1168749 -2503383,1219417 -2508056,1214174 -2563712,1163723 -2559059,1168749 -2503383))
