4326;POLYGON((143.0 -13.5,143.5 -13.5,143.5 -14.0,143.0 -14.0,143.0 -13.5))
28348;POLYGON((4908711 8123615,4975443 8111330,4962525 8043001,4896092 8055676,4908711 8123615))
28349;POLYGON((4135268 8250492,4197953 8241246,4188224 8177081,4125770 8186627,4135268 8250492))
28350;POLYGON((3404074 8345449,3463656 8338581,3456421 8277606,3397023 8284701,3404074 8345449))
28351;POLYGON((2704819 8414950,2762092 8410013,2756881 8351417,2699761 8356519,2704819 8414950))
28352;POLYGON((2028770 8463319,2084413 8460019,2080913 8403107,2025403 8406519,2028770 8463319))
28353;POLYGON((1368294 8493351,1422911 8491502,1420927 8435658,1366431 8437570,1368294 8493351))
28354;POLYGON((716479 8506687,770627 8506191,770053 8450847,716020 8451361,716479 8506687))
28355;POLYGON((66803 8504035,121017 8504865,121823 8449476,67724 8448618,66803 8504035))
28356;POLYGON((-587160 8485255,-532340 8487455,-530113 8431473,-584810 8429199,-587160 8485255))
28357;POLYGON((-1252031 8449345,-1196039 8453033,-1192270 8395885,-1248125 8392072,-1252031 8449345))
28358;POLYGON((-1934921 8394308,-1877138 8399694,-1871615 8340753,-1929238 8335186,-1934921 8394308))
3113;POLYGON((-1037584 1683075,-982743 1685275,-980515 1629272,-1035234 1626997,-1037584 1683075))
3111;POLYGON((2265854 5171074,2324385 5172150,2325326 5112430,2267108 5111360,2265854 5171074))
3107;POLYGON((1907203 4044949,1963790 4040619,1959238 3982878,1902918 3987187,1907203 4044949))
3308;POLYGON((8842419 6718696,8899594 6720749,8901549 6662397,8844654 6660354,8842419 6718696))
3112;POLYGON((988211 -1606146,1043010 -1610187,1038773 -1666124,984197 -1662099,988211 -1606146))
3577;POLYGON((1206058 -1479428,1260734 -1484255,1255826 -1538639,1201363 -1533830,1206058 -1479428))
