4326;POLYGON((143.0 -29.0,143.5 -29.0,143.5 -29.5,143.0 -29.5,143.0 -29.0))
28348;POLYGON((4342524 6109101,4396724 6088361,4372752 6026822,4319034 6047701,4342524 6109101))
28349;POLYGON((3702046 6327201,3754743 6311062,3736066 6251150,3683767 6267418,3702046 6327201))
28350;POLYGON((3078422 6495247,3129808 6482951,3115554 6424497,3064506 6436904,3078422 6495247))
28351;POLYGON((2469032 6620937,2519343 6611934,2508879 6554688,2458861 6563779,2469032 6620937))
28352;POLYGON((1870830 6709769,1920332 6703673,1913212 6647345,1863974 6653504,1870830 6709769))
28353;POLYGON((1280550 6765485,1329519 6762042,1325450 6706324,1276726 6709803,1280550 6765485))
28354;POLYGON((694820 6790365,743541 6789437,742358 6734011,693875 6734949,694820 6790365))
28355;POLYGON((110231 6785411,158987 6786960,160644 6731508,112126 6729942,110231 6785411))
28356;POLYGON((-476637 6750424,-427561 6754513,-422998 6698715,-471825 6694583,-476637 6750424))
28357;POLYGON((-1069186 6683991,-1019508 6690785,-1011855 6634326,-1061263 6627462,-1069186 6683991))
28358;POLYGON((-1670762 6583368,-1620206 6593152,-1609147 6535724,-1659399 6525845,-1670762 6583368))
3113;POLYGON((-927018 -52432,-877922 -48341,-873358 -104161,-922204 -108295,-927018 -52432))
3111;POLYGON((2303322 3387853,2352487 3388757,2353367 3332860,2304496 3331961,2303322 3387853))
3107;POLYGON((1777980 2303112,1826507 2299399,1822156 2244220,1773885 2247913,1777980 2303112))
3308;POLYGON((8909651 4963713,8958425 4965464,8960284 4909995,8911776 4908253,8909651 4963713))
3112;POLYGON((865926 -3310750,913944 -3314291,909807 -3368913,862006 -3365388,865926 -3310750))
3577;POLYGON((1057827 -3196751,1105783 -3200985,1100742 -3256834,1053005 -3252619,1057827 -3196751))
