4326;POLYGON((143.5 -34.75,144.0 -34.75,144.0 -35.25,143.5 -35.25,143.5 -34.75))
28348;POLYGON((4105450 5395778,4154037 5373520,4126705 5314816,4078626 5337117,4105450 5395778))
28349;POLYGON((3526162 5631968,3574156 5614353,3552494 5556276,3504935 5573950,3526162 5631968))
28350;POLYGON((2954391 5816790,3001747 5803175,2984974 5745827,2937997 5759502,2954391 5816790))
28351;POLYGON((2390034 5956932,2436801 5946829,2424321 5890172,2377890 5900329,2390034 5956932))
28352;POLYGON((1832090 6057369,1878376 6050421,1869754 5994336,1823775 6001324,1832090 6057369))
28353;POLYGON((1278993 6121600,1324944 6117568,1319886 6061886,1274222 6065943,1278993 6121600))
28354;POLYGON((728846 6151833,774629 6150580,772961 6095105,727457 6096367,728846 6151833))
28355;POLYGON((179580 6149097,225370 6150580,227038 6095105,181527 6093614,179580 6149097))
28356;POLYGON((-370917 6113300,-324944 6117568,-319886 6061886,-365570 6057592,-370917 6113300))
28357;POLYGON((-924697 6043221,-878376 6050421,-869754 5994336,-915767 5987095,-924697 6043221))
28358;POLYGON((-1483613 5936448,-1436801 5946829,-1424321 5890172,-1470794 5879737,-1483613 5936448))
3113;POLYGON((-821257 -689805,-775266 -685535,-770205 -741238,-815907 -745534,-821257 -689805))
3111;POLYGON((2362574 2748595,2408380 2749197,2408963 2693704,2363448 2693107,2362574 2748595))
3107;POLYGON((1776493 1665057,1822067 1661357,1817456 1606139,1772138 1609817,1776493 1665057))
3308;POLYGON((8979778 4328390,9025510 4329813,9027102 4274393,8981635 4272978,8979778 4328390))
3112;POLYGON((866195 -3944733,911691 -3948269,907293 -4003417,862017 -3999898,866195 -3944733))
3577;POLYGON((1047971 -3841497,1093404 -3845687,1088187 -3901067,1042971 -3896897,1047971 -3841497))
