4326;POLYGON((143.0 -10.0,143.5 -10.0,143.5 -10.5,143.0 -10.5,143.0 -10.0))
28348;POLYGON((4984990 8603333,5053553 8593946,5043740 8524575,4975409 8534394,4984990 8603333))
28349;POLYGON((4192525 8700034,4256612 8693002,4249258 8628209,4185348 8635568,4192525 8700034))
28350;POLYGON((3446490 8772110,3507186 8766905,3501738 8705569,3441182 8711018,3446490 8772110))
28351;POLYGON((2735207 8824703,2793400 8820972,2789486 8762186,2731408 8766094,2735207 8824703))
28352;POLYGON((2048977 8861227,2105416 8858737,2102792 8801745,2046453 8804353,2048977 8861227))
28353;POLYGON((1379471 8883873,1434810 8882480,1433324 8826619,1378075 8828079,1379471 8883873))
28354;POLYGON((719233 8893922,774071 8893548,773641 8838216,718889 8838608,719233 8893922))
28355;POLYGON((61280 8891924,116189 8892549,116792 8837169,61970 8836515,61280 8891924))
28356;POLYGON((-601255 8877771,-545698 8879429,-544030 8823423,-599495 8821686,-601255 8877771))
28357;POLYGON((-1275473 8850682,-1218660 8853465,-1215834 8796222,-1272544 8793306,-1275473 8850682))
28358;POLYGON((-1969072 8809097,-1910328 8813170,-1906177 8754016,-1964801 8749749,-1969072 8809097))
3113;POLYGON((-1051684 2075744,-996106 2077403,-994437 2021374,-1049924 2019637,-1051684 2075744))
3111;POLYGON((2256951 5594779,2317707 5595896,2318671 5534714,2258236 5533603,2256951 5594779))
3107;POLYGON((1937532 4453760,1996011 4449286,1991367 4390393,1933162 4394846,1937532 4453760))
3308;POLYGON((8826590 7131880,8885743 7134004,8887740 7074421,8828872 7072307,8826590 7131880))
3112;POLYGON((1016545 -1211180,1072915 -1215336,1068614 -1272127,1012470 -1267987,1016545 -1211180))
3577;POLYGON((1238672 -1101583,1294827 -1106540,1289987 -1160162,1234042 -1155223,1238672 -1101583))
