4326;POLYGON((143.25 -14.0,143.75 -14.0,143.75 -14.5,143.25 -14.5,143.25 -14.0))
28348;POLYGON((4929261 8049376,4995883 8036552,4982379 7968198,4916070 7981408,4929261 8049376))
28349;POLYGON((4156961 8181883,4219560 8172221,4209380 8108009,4147021 8117969,4156961 8181883))
28350;POLYGON((3426695 8281177,3486204 8273990,3478623 8212960,3419305 8220374,3426695 8281177))
28351;POLYGON((2728301 8353987,2785502 8348809,2780028 8290161,2722986 8295505,2728301 8353987))
28352;POLYGON((2053144 8404829,2108710 8401351,2105017 8344396,2049590 8347986,2053144 8404829))
28353;POLYGON((1393671 8436629,1448199 8434657,1446082 8378783,1391679 8380820,1393671 8436629))
28354;POLYGON((743034 8451118,797076 8450547,796421 8395192,742499 8395782,743034 8451118))
28355;POLYGON((94777 8449062,148862 8449862,149636 8394485,95671 8393658,94777 8449062))
28356;POLYGON((-557453 8430352,-502791 8432565,-500548 8376623,-555083 8374338,-557453 8430352))
28357;POLYGON((-1220183 8393995,-1164388 8397740,-1160556 8340668,-1216210 8336802,-1220183 8393995))
28358;POLYGON((-1900405 8337989,-1842868 8343477,-1837233 8284658,-1894606 8278994,-1900405 8337989))
3113;POLYGON((-1007865 1628150,-953183 1630364,-950939 1574401,-1005495 1572114,-1007865 1628150))
3111;POLYGON((2296216 5111934,2354436 5112851,2355218 5053319,2297311 5052406,2296216 5111934))
3107;POLYGON((1931080 3985065,1987390 3980626,1982715 3923041,1926673 3927460,1931080 3985065))
3308;POLYGON((8873100 6661410,8930001 6663317,8931812 6605118,8875190 6603220,8873100 6661410))
3112;POLYGON((1011487 -1664084,1066055 -1668217,1061716 -1724041,1007370 -1719925,1011487 -1664084))
3577;POLYGON((1228597 -1536208,1283050 -1541123,1278026 -1595594,1223786 -1590698,1228597 -1536208))
