4326;POLYGON((143.0 -28.5,143.5 -28.5,143.5 -29.0,143.0 -29.0,143.0 -28.5))
28348;POLYGON((4365737 6170742,4420416 6150150,4396724 6088361,4342524 6109101,4365737 6170742))
28349;POLYGON((3720086 6387139,3773179 6371135,3754743 6311062,3702046 6327201,3720086 6387139))
28350;POLYGON((3092144 6553685,3143862 6541504,3129808 6482951,3078422 6495247,3092144 6553685))
28351;POLYGON((2479052 6678146,2529653 6669234,2519343 6611934,2469032 6620937,2479052 6678146))
28352;POLYGON((1877582 6766056,1927343 6760024,1920332 6703673,1870830 6709769,1877582 6766056))
28353;POLYGON((1284314 6821171,1333525 6817766,1329519 6762042,1280550 6765485,1284314 6821171))
28354;POLYGON((695751 6845777,744704 6844859,743541 6789437,694820 6790365,695751 6845777))
28355;POLYGON((108365 6840878,157355 6842410,158987 6786960,110231 6785411,108365 6840878))
28356;POLYGON((-481374 6806274,-432053 6810319,-427561 6754513,-476637 6750424,-481374 6806274))
28357;POLYGON((-1076989 6740549,-1027045 6747273,-1019508 6690785,-1069186 6683991,-1076989 6740549))
28358;POLYGON((-1681960 6640953,-1631105 6650640,-1620206 6593152,-1670762 6583368,-1681960 6640953))
3113;POLYGON((-931757 3439,-882416 7485,-877922 -48341,-927018 -52432,-931757 3439))
3111;POLYGON((2302146 3443805,2351605 3444715,2352487 3388757,2303322 3387853,2302146 3443805))
3107;POLYGON((1782077 2358331,1830859 2354598,1826507 2299399,1777980 2303112,1782077 2358331))
3308;POLYGON((8907525 5019204,8956565 5020965,8958425 4965464,8909651 4963713,8907525 5019204))
3112;POLYGON((869844 -3256131,918079 -3259688,913944 -3314291,865926 -3310750,869844 -3256131))
3577;POLYGON((1062651 -3140872,1110825 -3145126,1105783 -3200985,1057827 -3196751,1062651 -3140872))
