4326;POLYGON((142.75 -31.0,143.25 -31.0,143.25 -31.5,142.75 -31.5,142.75 -31.0))
28348;POLYGON((4220859 5875416,4273069 5854380,4248276 5793895,4196553 5815037,4220859 5875416))
28349;POLYGON((3602023 6097186,3653061 6080742,3633654 6021535,3583024 6038083,3602023 6097186))
28350;POLYGON((2996628 6268685,3046602 6256122,3031749 6198113,2982124 6210769,2996628 6268685))
28351;POLYGON((2402929 6397181,2452012 6387976,2441099 6330986,2392324 6340266,2402929 6397181))
28352;POLYGON((1818590 6487919,1866991 6481702,1859584 6425498,1811460 6431768,1818590 6487919))
28353;POLYGON((1240927 6544490,1288880 6541019,1284691 6485338,1236998 6488840,1240927 6544490))
28354;POLYGON((667077 6569083,714824 6568224,713694 6512790,666199 6513656,667077 6569083))
28355;POLYGON((94093 6562635,141881 6564356,143767 6508886,96232 6507150,94093 6562635))
28356;POLYGON((-480989 6524901,-432914 6529268,-427940 6473481,-475752 6469076,-480989 6524901))
28357;POLYGON((-1061094 6454435,-1012490 6461615,-1004239 6405239,-1052557 6397997,-1061094 6454435))
28358;POLYGON((-1649022 6348490,-1599664 6358766,-1587814 6301542,-1636853 6291184,-1649022 6348490))
3113;POLYGON((-931372 -278043,-883278 -273675,-878302 -329483,-926133 -333890,-931372 -278043))
3111;POLYGON((2284018 3164075,2332008 3165083,2333032 3109391,2285335 3108389,2284018 3164075))
3107;POLYGON((1737848 2084138,1785361 2080613,1781142 2025466,1733884 2028972,1737848 2084138))
3308;POLYGON((8894291 4741074,8941999 4742902,8943988 4687519,8896545 4685701,8894291 4741074))
3112;POLYGON((826657 -3527796,873811 -3531179,869774 -3585932,822837 -3582564,826657 -3527796))
3577;POLYGON((1015000 -3418111,1062090 -3422176,1057166 -3477950,1010294 -3473904,1015000 -3418111))
