4326;POLYGON((142.75 -36.0,143.25 -36.0,143.25 -36.5,142.75 -36.5,142.75 -36.0))
28348;POLYGON((3967061 5282353,4014335 5260614,3987228 5202586,3940453 5224353,3967061 5282353))
28349;POLYGON((3402437 5513201,3449281 5495979,3427774 5438401,3381361 5455668,3402437 5513201))
28350;POLYGON((2843550 5693822,2889893 5680528,2873259 5623525,2827296 5636868,2843550 5693822))
28351;POLYGON((2290606 5830359,2336470 5820543,2324154 5764106,2278629 5773966,2290606 5830359))
28352;POLYGON((1742900 5927398,1788370 5920733,1779965 5864770,1734806 5871469,1742900 5927398))
28353;POLYGON((1199149 5988159,1244349 5984425,1239579 5928792,1194674 5932547,1199149 5988159))
28354;POLYGON((657730 6014635,702803 6013710,701514 5958237,656728 5959167,657730 6014635))
28355;POLYGON((116848 6007689,161946 6009543,164097 5954047,119287 5952184,116848 6007689))
28356;POLYGON((-425330 5967096,-380055 5971789,-374395 5916089,-419371 5911372,-425330 5967096))
28357;POLYGON((-970546 5891529,-924956 5899215,-915604 5843146,-960874 5835423,-970546 5891529))
28358;POLYGON((-1520306 5778499,-1474289 5789432,-1460937 5732860,-1506603 5721880,-1520306 5778499))
3113;POLYGON((-875691 -836065,-830399 -831371,-824736 -887092,-869730 -891812,-875691 -836065))
3111;POLYGON((2297150 2608559,2342222 2609506,2343242 2554037,2298461 2553097,2297150 2608559))
3107;POLYGON((1698169 1531977,1743127 1528642,1738893 1473304,1694191 1476620,1698169 1531977))
3308;POLYGON((8916832 4187309,8961890 4189035,8963882 4133566,8919090 4131850,8916832 4187309))
3112;POLYGON((788294 -4077883,833261 -4081109,829178 -4136480,784432 -4133270,788294 -4077883))
3577;POLYGON((968116 -3973983,1013031 -3977860,1008155 -4033084,963456 -4029226,968116 -3973983))
