4326;POLYGON((143.0 -41.5,143.5 -41.5,143.5 -42.0,143.0 -42.0,143.0 -41.5))
28348;POLYGON((3684649 4646371,3726413 4624525,3697024 4569134,3655759 4590930,3684649 4646371))
28349;POLYGON((3181586 4880309,3223599 4862730,3199911 4806942,3158346 4824504,3181586 4880309))
28350;POLYGON((2677056 5065955,2719104 5052208,2700543 4996330,2658900 5010078,2677056 5065955))
28351;POLYGON((2172878 5207974,2214855 5197710,2200956 5141898,2159350 5152172,2172878 5207974))
28352;POLYGON((1669824 5310015,1711697 5302967,1702106 5247277,1660579 5254335,1669824 5310015))
28353;POLYGON((1167965 5374728,1209748 5370713,1204217 5315134,1162764 5319156,1167965 5374728))
28354;POLYGON((666929 5403804,708665 5402718,707051 5347200,665638 5348288,666929 5403804))
28355;POLYGON((166115 5398006,207857 5399819,210119 5344295,168701 5342478,166115 5398006))
28356;POLYGON((-335135 5357181,-293333 5361940,-287137 5306345,-328606 5301577,-335135 5357181))
28357;POLYGON((-837368 5280260,-795469 5288091,-785180 5232380,-826727 5224538,-837368 5280260))
28358;POLYGON((-1340833 5165236,-1298833 5176343,-1284184 5120514,-1325806 5109399,-1340833 5165236))
3113;POLYGON((-785461 -1446219,-743642 -1441457,-737444 -1497074,-778929 -1501844,-785461 -1446219))
3111;POLYGON((2332520 1998205,2374386 1998974,2375264 1943261,2333691 1942497,2332520 1998205))
3107;POLYGON((1675250 918371,1717368 915148,1712948 859087,1671089 862290,1675250 918371))
3308;POLYGON((8962830 3575552,9004960 3577065,9006839 3520981,8964978 3519478,8962830 3575552))
3112;POLYGON((766671 -4694320,809185 -4697455,804897 -4754068,762609 -4750950,766671 -4694320))
3577;POLYGON((938609 -4577946,981161 -4581703,976288 -4635683,933948 -4631945,938609 -4577946))
