4326;POLYGON((143.0 -22.25,143.5 -22.25,143.5 -22.75,143.0 -22.75,143.0 -22.25))
28348;POLYGON((4630499 6961107,4690846 6943078,4671090 6878278,4611171 6896561,4630499 6961107))
28349;POLYGON((3924183 7149008,3981866 7135209,3966730 7073219,3909388 7087228,3924183 7149008))
28350;POLYGON((3246422 7291712,3301961 7281331,3290557 7221628,3235298 7232177,3246422 7291712))
28351;POLYGON((2591210 7397301,2645089 7389769,2636797 7331849,2583155 7339506,2591210 7397301))
28352;POLYGON((1952918 7471352,2005594 7466285,1999988 7409663,1947522 7414818,1952918 7471352))
28353;POLYGON((1326239 7517561,1378143 7514711,1374952 7458930,1323241 7461829,1326239 7517561))
28354;POLYGON((706107 7538138,757656 7537371,756730 7481987,705368 7482768,706107 7538138))
28355;POLYGON((87603 7534044,139202 7535324,140499 7479904,89087 7478601,87603 7534044))
28356;POLYGON((-534158 7505088,-482100 7508476,-478520 7452585,-530382 7449138,-534158 7505088))
28357;POLYGON((-1164135 7449911,-1111200 7455566,-1105169 7398761,-1157889 7393008,-1164135 7449911))
28358;POLYGON((-1807463 7365841,-1753213 7374042,-1744436 7315859,-1798439 7307521,-1807463 7365841))
3113;POLYGON((-984561 702525,-932483 705914,-928902 650002,-980784 646554,-984561 702525))
3111;POLYGON((2287308 4149995,2340476 4150972,2341375 4093911,2288507 4092939,2287308 4149995))
3107;POLYGON((1833539 3051996,1885530 3048018,1881131 2992213,1829397 2996172,1833539 3051996))
3308;POLYGON((8880789 5717118,8933169 5718999,8935054 5662767,8882942 5660896,8880789 5717118))
3112;POLYGON((918825 -2573353,969777 -2577110,965633 -2631819,914900 -2628078,918825 -2573353))
3577;POLYGON((1122866 -2443253,1173770 -2447747,1168749 -2503383,1118062 -2498908,1122866 -2443253))
