4326;POLYGON((143.25 -16.5,143.75 -16.5,143.75 -17.0,143.25 -17.0,143.25 -16.5))
28348;POLYGON((4859146 7711281,4924121 7696596,4908518 7629172,4843897 7644207,4859146 7711281))
28349;POLYGON((4104039 7863377,4165365 7852265,4153550 7788620,4092500 7800007,4104039 7863377))
28350;POLYGON((3387298 7977776,3445789 7969483,3436961 7908784,3378691 7917288,3387298 7977776))
28351;POLYGON((2699939 8061896,2756293 8055907,2749904 7997434,2693734 8003579,2699939 8061896))
28352;POLYGON((2034162 8120751,2088993 8116722,2084676 8059842,2030005 8063978,2034162 8120751))
28353;POLYGON((1383030 8157609,1436890 8155323,1434412 8099467,1380698 8101814,1383030 8157609))
28354;POLYGON((740175 8174416,793579 8173754,792812 8118389,739548 8119069,740175 8174416))
28355;POLYGON((99553 8172030,152998 8172958,153904 8117572,100599 8116619,99553 8172030))
28356;POLYGON((-544795 8150331,-490810 8152897,-488185 8096976,-542022 8094342,-544795 8150331))
28357;POLYGON((-1198974 8108202,-1143929 8112539,-1139450 8055550,-1194331 8051098,-1198974 8108202))
28358;POLYGON((-1869468 8043397,-1812801 8049742,-1806225 7991108,-1862701 7984598,-1869468 8043397))
3113;POLYGON((-995203 1348020,-941197 1350587,-938571 1294644,-992429 1292009,-995203 1348020))
3111;POLYGON((2301655 4816096,2358321 4816989,2359091 4758333,2302733 4757445,2301655 4816096))
3107;POLYGON((1909147 3698413,1964130 3694078,1959510 3637159,1904790 3641473,1909147 3698413))
3308;POLYGON((8883496 6371944,8939011 6373804,8940799 6316324,8885560 6314473,8883496 6371944))
3112;POLYGON((990970 -1942327,1044431 -1946376,1040127 -2001741,986886 -1997708,990970 -1942327))
3577;POLYGON((1204462 -1809576,1257846 -1814394,1252781 -1869308,1199612 -1864509,1204462 -1809576))
