4326;POLYGON((142.75 -21.0,143.25 -21.0,143.25 -21.5,142.75 -21.5,142.75 -21.0))
28348;POLYGON((4646706 7131964,4707964 7114798,4689301 7049570,4628452 7067009,4646706 7131964))
28349;POLYGON((3930762 7310564,3989167 7297468,3974915 7235236,3916835 7248555,3930762 7310564))
28350;POLYGON((3245220 7445780,3301353 7435958,3290649 7376136,3234781 7386133,3245220 7445780))
28351;POLYGON((2583447 7545496,2637839 7538397,2630083 7480431,2575916 7487661,2583447 7545496))
28352;POLYGON((1939356 7615118,1992496 7610368,1987282 7553744,1934341 7558584,1939356 7615118))
28353;POLYGON((1307290 7658202,1359635 7655566,1356704 7599800,1304541 7602487,1307290 7658202))
28354;POLYGON((681896 7676856,733884 7676206,733096 7620836,681283 7621499,681896 7676856))
28355;POLYGON((57999 7671970,110058 7673274,111375 7617848,59492 7616518,57999 7671970))
28356;POLYGON((-569538 7643311,-516978 7646633,-513494 7590697,-565867 7587311,-569538 7643311))
28357;POLYGON((-1205950 7589502,-1152445 7595002,-1146625 7538089,-1199924 7532485,-1205950 7589502))
28358;POLYGON((-1856699 7507868,-1801783 7515825,-1793335 7457445,-1848014 7449342,-1856699 7507868))
3113;POLYGON((-1019955 840802,-967374 844125,-963889 788167,-1016283 784781,-1019955 840802))
3111;POLYGON((2257343 4292547,2311259 4293680,2312314 4236324,2258698 4235198,2257343 4292547))
3107;POLYGON((1817591 3193822,1870240 3189916,1865954 3133903,1813565 3137790,1817591 3193822))
3308;POLYGON((8848865 5857011,8901916 5859044,8903943 5802593,8851163 5800571,8848865 5857011))
3112;POLYGON((902898 -2434552,954402 -2438247,950360 -2493062,899075 -2489383,902898 -2434552))
3577;POLYGON((1109128 -2302118,1160585 -2306560,1155682 -2362089,1104442 -2357666,1109128 -2302118))
