4326;POLYGON((143.5 -25.0,144.0 -25.0,144.0 -25.5,143.5 -25.5,143.5 -25.0))
28348;POLYGON((4577995 6589565,4636129 6569828,4614078 6506114,4556406 6526061,4577995 6589565))
28349;POLYGON((3895172 6796080,3951088 6780860,3934065 6719507,3878522 6734907,3895172 6796080))
28350;POLYGON((3236509 6954048,3290586 6942517,3277670 6883154,3223902 6894833,3236509 6954048))
28351;POLYGON((2597421 7071785,2650042 7063354,2640576 7005580,2588219 7014125,2597421 7071785))
28352;POLYGON((1973338 7155117,2024882 7149380,2018412 7092792,1967102 7098609,1973338 7155117))
28353;POLYGON((1359771 7207966,1410608 7204659,1406837 7148854,1356216 7152209,1359771 7207966))
28354;POLYGON((752326 7232724,802818 7231699,801579 7176284,751294 7177324,752326 7232724))
28355;POLYGON((146673 7230487,197181 7231699,198420 7176284,148120 7175055,146673 7230487))
28356;POLYGON((-461490 7201157,-410608 7204659,-406837 7148854,-457502 7145302,-461490 7201157))
28357;POLYGON((-1076501 7143431,-1024882 7149380,-1018412 7092792,-1069795 7086759,-1076501 7143431))
28358;POLYGON((-1702771 7054682,-1650042 7063354,-1640576 7005580,-1693037 6996792,-1702771 7054682))
3113;POLYGON((-911865 398475,-860963 401979,-857191 346153,-907876 342599,-911865 398475))
3111;POLYGON((2345400 3838462,2396931 3839139,2397524 3782638,2346290 3781966,2345400 3838462))
3107;POLYGON((1861397 2741922,1911953 2737819,1907324 2682379,1857024 2686462,1861397 2741922))
3308;POLYGON((8943503 5410680,8994416 5412264,8996020 5356424,8945374 5354848,8943503 5410680))
3112;POLYGON((947013 -2877669,996753 -2881535,992402 -2936101,942879 -2932251,947013 -2877669))
3577;POLYGON((1146111 -2754189,1195798 -2758772,1190542 -2814563,1141073 -2810000,1146111 -2754189))
