4326;POLYGON((143.25 -26.75,143.75 -26.75,143.75 -27.25,143.25 -27.25,143.25 -26.75))
28348;POLYGON((4472876 6378415,4529290 6358196,4506381 6295453,4450438 6315851,4472876 6378415))
28349;POLYGON((3808507 6590432,3863025 6574780,3845270 6514070,3791137 6529880,3808507 6590432))
28350;POLYGON((3165016 6753105,3217931 6741220,3204427 6682264,3151834 6694282,3165016 6753105))
28351;POLYGON((2538707 6874512,2590337 6865818,2580435 6808284,2529082 6817080,2538707 6874512))
28352;POLYGON((1925693 6960357,1976366 6954457,1969615 6897989,1919189 6903962,1925693 6960357))
28353;POLYGON((1322026 7014494,1372071 7011128,1368174 6955366,1318358 6958775,1322026 7014494))
28354;POLYGON((723760 7039275,773505 7038298,772296 6982880,722771 6983870,723760 7039275))
28355;POLYGON((126964 7035754,176736 7037124,178165 6981692,128614 6980304,126964 7035754))
28356;POLYGON((-472283 7003781,-422156 7007557,-418029 6951750,-467925 6947926,-472283 7003781))
28357;POLYGON((-1077916 6941991,-1027106 6948335,-1020105 6891792,-1070664 6885370,-1077916 6941991))
28358;POLYGON((-1693884 6847682,-1642062 6856876,-1631880 6799237,-1683418 6789935,-1693884 6847682))
3113;POLYGON((-922662 201023,-872516 204800,-868387 148971,-918303 145146,-922662 201023))
3111;POLYGON((2323265 3640674,2373757 3641469,2374495 3585265,2324298 3584474,2323265 3640674))
3107;POLYGON((1821272 2549949,1870941 2546033,1866452 2490739,1817040 2494634,1821272 2549949))
3308;POLYGON((8925057 5214653,8975032 5216328,8976764 5160683,8927056 5159016,8925057 5214653))
3112;POLYGON((908051 -3066843,957038 -3070553,952797 -3125112,904026 -3121418,908051 -3066843))
3577;POLYGON((1104005 -2947418,1152937 -2951834,1147785 -3007684,1099073 -3003288,1104005 -2947418))
