4326;POLYGON((142.75 -13.5,143.25 -13.5,143.25 -14.0,142.75 -14.0,142.75 -13.5))
28348;POLYGON((4875487 8129650,4942029 8117509,4929261 8049376,4863015 8061902,4875487 8129650))
28349;POLYGON((4104036 8255032,4166574 8245896,4156961 8181883,4094652 8191315,4104036 8255032))
28350;POLYGON((3374365 8348817,3433837 8342037,3426695 8281177,3367406 8288181,3374365 8348817))
28351;POLYGON((2676243 8417363,2733435 8412500,2728301 8353987,2671260 8359014,2676243 8417363))
28352;POLYGON((2000989 8464921,2056578 8461685,2053144 8404829,1997687 8408175,2000989 8464921))
28353;POLYGON((1341008 8494232,1395595 8492441,1393671 8436629,1339205 8438481,1341008 8494232))
28354;POLYGON((689411 8506894,743551 8506453,743034 8451118,689009 8451575,689411 8506894))
28355;POLYGON((39685 8503579,93914 8504464,94777 8449062,40664 8448146,39685 8503579))
28356;POLYGON((-614598 8484111,-559741 8486370,-557453 8430352,-612187 8428016,-614598 8484111))
28357;POLYGON((-1280073 8447451,-1224020 8451205,-1220183 8393995,-1276099 8390115,-1280073 8447451))
28358;POLYGON((-1963880 8391557,-1906008 8397020,-1900405 8337989,-1958116 8332343,-1963880 8391557))
3113;POLYGON((-1065033 1681931,-1010154 1684190,-1007865 1628150,-1062621 1625814,-1065033 1681931))
3111;POLYGON((2236591 5170420,2295118 5171650,2296216 5111934,2238002 5110710,2236591 5170420))
3107;POLYGON((1878903 4047015,1935499 4042817,1931080 3985065,1874751 3989244,1878903 4047015))
3308;POLYGON((8813836 6717566,8871005 6719756,8873100 6661410,8816210 6659230,8813836 6717566))
3112;POLYGON((960806 -1604207,1015612 -1608139,1011487 -1664084,956903 -1660168,960806 -1604207))
3577;POLYGON((1178714 -1477095,1233399 -1481815,1228597 -1536208,1174124 -1531506,1178714 -1477095))
