4326;POLYGON((143.25 -30.75,143.75 -30.75,143.75 -31.25,143.25 -31.25,143.25 -30.75))
28348;POLYGON((4285369 5884715,4337925 5863313,4312767 5802595,4260705 5824107,4285369 5884715))
28349;POLYGON((3662679 6110406,3714017 6093664,3694312 6034268,3643385 6051118,3662679 6110406))
28350;POLYGON((3053957 6285164,3104190 6272348,3089079 6214193,3039199 6227105,3053957 6285164))
28351;POLYGON((2457413 6416491,2506715 6407061,2495568 6349966,2446574 6359474,2457413 6416491))
28352;POLYGON((1870656 6509813,1919243 6503386,1911611 6447114,1863301 6453597,1870656 6509813))
28353;POLYGON((1290952 6568861,1339061 6565185,1334644 6509468,1286793 6513178,1290952 6568861))
28354;POLYGON((715383 6595940,763262 6594871,761891 6539429,714261 6540508,715383 6595940))
28355;POLYGON((140948 6592090,188848 6593588,190470 6538134,142821 6536622,140948 6592090))
28356;POLYGON((-435374 6557164,-387202 6561286,-382525 6505533,-430436 6501373,-435374 6557164))
28357;POLYGON((-1016573 6489815,-967882 6496721,-959970 6440390,-1008379 6433423,-1016573 6489815))
28358;POLYGON((-1605530 6387402,-1556087 6397366,-1544630 6340191,-1593759 6330146,-1605530 6387402))
3113;POLYGON((-885739 -245768,-837548 -241644,-832869 -297419,-880799 -301580,-885739 -245768))
3111;POLYGON((2331496 3192945,2379636 3193704,2380368 3137986,2332520 3137232,2331496 3192945))
3107;POLYGON((1787471 2108187,1835095 2104432,1830620 2049304,1783251 2053039,1787471 2108187))
3308;POLYGON((8941005 4770598,8988854 4772202,8990578 4716804,8942994 4715209,8941005 4770598))
3112;POLYGON((875829 -3503817,923079 -3507396,918825 -3562113,871793 -3558550,875829 -3503817))
3577;POLYGON((1064553 -3394278,1111736 -3398536,1106592 -3454305,1059628 -3450066,1064553 -3394278))
