4326;POLYGON((143.25 -11.75,143.75 -11.75,143.75 -12.25,143.25 -12.25,143.25 -11.75))
28348;POLYGON((4983323 8357211,5051234 8346209,5039710 8277118,4972069 8288536,4983323 8357211))
28349;POLYGON((4197612 8470690,4261201 8462428,4252543 8397770,4189160 8406349,4197612 8470690))
28350;POLYGON((3456870 8555478,3517165 8549348,3510735 8488060,3450602 8494429,3456870 8555478))
28351;POLYGON((2749979 8617518,2807830 8613109,2803196 8554325,2745480 8558907,2749979 8617518))
28352;POLYGON((2067633 8660773,2123760 8657816,2120638 8600802,2064627 8603876,2067633 8660773))
28353;POLYGON((1401787 8687801,1456824 8686126,1455035 8630239,1400104 8631981,1401787 8687801))
28354;POLYGON((745214 8700109,799741 8699624,799189 8644277,744762 8644781,745214 8700109))
28355;POLYGON((91136 8698363,145709 8699042,146363 8643671,91891 8642964,91136 8698363))
28356;POLYGON((-567107 8682467,-511929 8684348,-510034 8628390,-565105 8626434,-567107 8682467))
28357;POLYGON((-1236375 8651560,-1180006 8654745,-1176766 8597609,-1233016 8594298,-1236375 8651560))
28358;POLYGON((-1924062 8603896,-1865857 8608569,-1861085 8549606,-1919152 8544748,-1924062 8603896))
3113;POLYGON((-1017523 1880364,-962324 1882245,-960428 1826266,-1015520 1824309,-1017523 1880364))
3111;POLYGON((2291247 5382219,2350887 5383159,2351680 5322736,2292358 5321802,2291247 5382219))
3107;POLYGON((1951058 4246164,2008576 4241630,2003845 4183351,1946598 4187865,1951058 4246164))
3308;POLYGON((8863624 6925275,8921787 6927225,8923622 6868282,8865741 6866342,8863624 6925275))
3112;POLYGON((1030116 -1411444,1085689 -1415653,1081310 -1471982,1025962 -1467790,1030116 -1411444))
3577;POLYGON((1250135 -1292249,1305543 -1297250,1300562 -1351260,1245365 -1346278,1250135 -1292249))
