4326;POLYGON((143.5 -34.25,144.0 -34.25,144.0 -34.75,143.5 -34.75,143.5 -34.25))
28348;POLYGON((4132052 5454688,4181145 5432482,4154037 5373520,4105450 5395778,4132052 5454688))
28349;POLYGON((3547184 5690151,3595610 5672602,3574156 5614353,3526162 5631968,3547184 5690151))
28350;POLYGON((2970611 5874182,3018342 5860631,3001747 5803175,2954391 5816790,2970611 5874182))
28351;POLYGON((2402038 6013594,2449138 6003546,2436801 5946829,2390034 5956932,2402038 6013594))
28352;POLYGON((1840305 6113438,1886894 6106534,1878376 6050421,1832090 6057369,1840305 6113438))
28353;POLYGON((1283705 6177262,1329941 6173257,1324944 6117568,1278993 6121600,1283705 6177262))
28354;POLYGON((730218 6207296,776275 6206051,774629 6150580,728846 6151833,730218 6207296))
28355;POLYGON((177658 6204578,223724 6206051,225370 6150580,179580 6149097,177658 6204578))
28356;POLYGON((-376199 6169016,-329941 6173257,-324944 6117568,-370917 6113300,-376199 6169016))
28357;POLYGON((-933520 6099378,-886894 6106534,-878376 6050421,-924697 6043221,-933520 6099378))
28358;POLYGON((-1496286 5993223,-1449138 6003546,-1436801 5946829,-1483613 5936448,-1496286 5993223))
3113;POLYGON((-826541 -634067,-780264 -629825,-775266 -685535,-821257 -689805,-826541 -634067))
3111;POLYGON((2361699 2804098,2407797 2804703,2408380 2749197,2362574 2748595,2361699 2804098))
3107;POLYGON((1780846 1720268,1826675 1716548,1822067 1661357,1776493 1665057,1780846 1720268))
3308;POLYGON((8977921 4383785,9023918 4385217,9025510 4329813,8979778 4328390,8977921 4383785))
3112;POLYGON((870368 -3889639,916082 -3893193,911691 -3948269,866195 -3944733,870368 -3889639))
3577;POLYGON((1052977 -3786032,1098627 -3790242,1093404 -3845687,1047971 -3841497,1052977 -3786032))
