4326;POLYGON((143.5 -20.5,144.0 -20.5,144.0 -21.0,143.5 -21.0,143.5 -20.5))
28348;POLYGON((4757199 7171660,4819272 7154202,4800349 7088326,4738692 7106072,4757199 7171660))
28349;POLYGON((4032574 7353288,4091630 7339967,4077179 7277250,4018450 7290806,4032574 7353288))
28350;POLYGON((3340092 7490948,3396746 7480936,3385870 7420758,3329482 7430954,3340092 7490948))
28351;POLYGON((2672780 7592845,2727586 7585568,2719663 7527352,2665081 7534768,2672780 7592845))
28352;POLYGON((2024293 7664613,2077760 7659681,2072368 7602896,2019097 7607924,2024293 7664613))
28353;POLYGON((1388780 7709980,1441380 7707144,1438246 7651292,1385826 7654184,1388780 7709980))
28354;POLYGON((760740 7731194,812921 7730316,811893 7674924,759883 7675819,760740 7731194))
28355;POLYGON((134879 7729278,187078 7730316,188106 7674924,136079 7673865,134879 7729278))
28356;POLYGON((-494035 7704140,-441380 7707144,-438246 7651292,-490720 7648229,-494035 7704140))
28357;POLYGON((-1131321 7654566,-1077760 7659681,-1072368 7602896,-1125729 7597681,-1131321 7654566))
28358;POLYGON((-1782527 7578080,-1727586 7585568,-1719663 7527352,-1774376 7519722,-1782527 7578080))
3113;POLYGON((-944423 901655,-891747 904660,-888612 848786,-941106 845722,-944423 901655))
3111;POLYGON((2337314 4351625,2391540 4352337,2392144 4294848,2338220 4294140,2337314 4351625))
3107;POLYGON((1900979 3243960,1953859 3239668,1949177 3183600,1896557 3187872,1900979 3243960))
3308;POLYGON((8926549 5916516,8979883 5918176,8981508 5861616,8928444 5859965,8926549 5916516))
3112;POLYGON((984303 -2385318,1036001 -2389337,1031629 -2444173,980148 -2440171,984303 -2385318))
3577;POLYGON((1191313 -2253389,1242960 -2258152,1237736 -2313599,1186306 -2308856,1191313 -2253389))
