4326;POLYGON((143.25 -22.75,143.75 -22.75,143.75 -23.25,143.25 -23.25,143.25 -22.75))
28348;POLYGON((4641101 6887469,4701139 6868986,4680819 6804292,4621217 6823023,4641101 6887469))
28349;POLYGON((3938035 7080263,3995475 7066094,3979881 7004145,3922790 7018521,3938035 7080263))
28350;POLYGON((3262908 7226936,3318244 7216255,3306474 7156556,3251425 7167401,3262908 7226936))
28351;POLYGON((2609961 7335705,2663661 7327936,2655079 7269998,2601623 7277893,2609961 7335705))
28352;POLYGON((1973745 7412265,2026252 7407012,2020423 7350367,1968131 7355707,1973745 7412265))
28353;POLYGON((1349091 7460402,1400826 7457412,1397470 7401609,1345932 7404650,1349091 7460402))
28354;POLYGON((731047 7482399,782417 7481532,781377 7426137,730197 7427020,731047 7482399))
28355;POLYGON((114796 7479275,166198 7480490,167427 7425078,116215 7423842,114796 7479275))
28356;POLYGON((-504444 7450885,-452609 7454240,-449054 7398383,-500690 7394972,-504444 7450885))
28357;POLYGON((-1131518 7395910,-1078842 7401561,-1072796 7344825,-1125253 7339080,-1131518 7395910))
28358;POLYGON((-1771422 7311718,-1717481 7319941,-1708651 7261875,-1762343 7253520,-1771422 7311718))
3113;POLYGON((-954836 648301,-902981 651657,-899425 595779,-951080 592366,-954836 648301))
3111;POLYGON((2314940 4093460,2367811 4094293,2368559 4037342,2315987 4036514,2314940 4093460))
3107;POLYGON((1855266 2994222,1906990 2990144,1902467 2934422,1851001 2938480,1855266 2994222))
3308;POLYGON((8908997 5661863,8961113 5663609,8962860 5607455,8911013 5605718,8908997 5661863))
3112;POLYGON((940268 -2629923,990994 -2633765,986744 -2688433,936236 -2684608,940268 -2629923))
3577;POLYGON((1143407 -2501121,1194085 -2505695,1188951 -2561361,1138491 -2556807,1143407 -2501121))
