4326;POLYGON((143.0 -17.75,143.5 -17.75,143.5 -18.25,143.0 -18.25,143.0 -17.75))
28348;POLYGON((4788361 7551597,4852276 7536227,4835855 7469473,4772310 7485171,4788361 7551597))
28349;POLYGON((4044388 7710966,4104887 7699313,4092427 7636110,4032217 7648023,4044388 7710966))
28350;POLYGON((3336443 7831009,3394272 7822304,3384953 7761888,3327357 7770793,3336443 7831009))
28351;POLYGON((2656209 7919288,2712021 7913006,2705280 7854705,2649664 7861135,2656209 7919288))
28352;POLYGON((1996373 7980932,2050745 7976721,2046205 7919935,1992004 7924248,1996373 7980932))
28353;POLYGON((1350352 8019290,1403810 8016926,1401232 7961110,1347930 7963530,1350352 8019290))
28354;POLYGON((712056 8036344,765095 8035709,764348 7980348,711459 7980998,712056 8036344))
28355;POLYGON((75674 8032952,128772 8034013,129820 7978611,76872 7977524,75674 8032952))
28356;POLYGON((-564541 8008944,-510901 8011754,-508008 7955813,-561488 7952934,-564541 8008944))
28357;POLYGON((-1214471 7963106,-1159790 7967809,-1154903 7910810,-1209408 7905994,-1214471 7963106))
28358;POLYGON((-1880344 7893032,-1824084 7899881,-1816944 7841271,-1873000 7834261,-1880344 7893032))
3113;POLYGON((-1014956 1206578,-961296 1209389,-958401 1153426,-1011902 1150546,-1014956 1206578))
3111;POLYGON((2276398 4669220,2332293 4670247,2333211 4611989,2277622 4610967,2276398 4669220))
3107;POLYGON((1871103 3558334,1925437 3554177,1920972 3497539,1866899 3501676,1871103 3558334))
3308;POLYGON((8861237 6227493,8916060 6229461,8917976 6172304,8863426 6170345,8861237 6227493))
3112;POLYGON((954310 -2078708,1007229 -2082610,1003050 -2137792,950351 -2133906,954310 -2078708))
3577;POLYGON((1165894 -1944750,1218749 -1949416,1213775 -2004532,1161135 -1999885,1165894 -1944750))
