4326;POLYGON((143.5 -12.75,144.0 -12.75,144.0 -13.25,143.5 -13.25,143.5 -12.75))
28348;POLYGON((4994009 8214130,5061570 8202163,5049009 8133181,4981741 8145557,4994009 8214130))
28349;POLYGON((4211921 8337678,4275243 8328677,4265790 8264050,4202692 8273365,4211921 8337678))
28350;POLYGON((3474036 8430150,3534114 8423459,3527080 8362161,3467179 8369090,3474036 8430150))
28351;POLYGON((2769565 8497963,2827225 8493138,2822143 8434324,2764629 8439322,2769565 8497963))
28352;POLYGON((2089430 8545410,2145377 8542158,2141936 8485110,2086116 8488479,2089430 8545410))
28353;POLYGON((1425754 8575272,1480609 8573409,1478616 8517493,1423877 8519425,1425754 8575272))
28354;POLYGON((771450 8589202,825781 8588626,825129 8533265,770906 8533862,771450 8589202))
28355;POLYGON((119864 8587945,174218 8588626,174870 8533265,120626 8532559,119864 8587945))
28356;POLYGON((-535532 8571434,-480609 8573409,-478616 8517493,-533424 8515447,-535532 8571434))
28357;POLYGON((-1201442 8538783,-1145377 8542158,-1141936 8485110,-1197873 8481613,-1201442 8538783))
28358;POLYGON((-1885059 8488170,-1827225 8493138,-1822143 8434324,-1879827 8429178,-1885059 8488170))
3113;POLYGON((-985936 1769288,-930991 1771263,-928998 1715326,-983827 1713279,-985936 1769288))
3111;POLYGON((2322967 5262094,2381975 5262869,2382606 5202853,2323913 5202082,2322967 5262094))
3107;POLYGON((1970641 4127515,2027609 4122891,2022771 4064943,1966071 4069546,1970641 4127515))
3308;POLYGON((8896650 6808581,8954254 6810374,8955937 6751769,8898614 6749985,8896650 6808581))
3112;POLYGON((1049380 -1526075,1104497 -1530360,1100025 -1586445,1045131 -1582177,1049380 -1526075))
3577;POLYGON((1268080 -1402869,1323055 -1407940,1317948 -1462152,1263185 -1457101,1268080 -1402869))
