4326;POLYGON((144.5 -29.5,145.0 -29.5,145.0 -30.0,144.5 -30.0,144.5 -29.5))
28348;POLYGON((4480561 5983779,4534652 5961601,4508905 5899921,4455323 5922229,4480561 5983779))
28349;POLYGON((3841004 6217551,3893645 6200209,3873488 6140083,3821267 6157551,3841004 6217551))
28350;POLYGON((3217941 6398784,3269283 6385470,3253783 6326785,3202796 6340210,3217941 6398784))
28351;POLYGON((2609147 6535724,2659399 6525845,2647873 6468387,2597927 6478356,2609147 6535724))
28352;POLYGON((2011855 6634326,2061263 6627462,2053222 6570963,2004087 6577894,2011855 6634326))
28353;POLYGON((1422998 6698715,1471825 6694583,1466939 6638751,1418364 6642925,1422998 6698715))
28354;POLYGON((839355 6731508,887873 6729942,885948 6674471,837672 6676053,839355 6731508))
28355;POLYGON((257641 6734011,306124 6734949,307084 6679530,258842 6678582,257641 6734011))
28356;POLYGON((-325450 6706324,-276726 6709803,-272843 6654126,-321318 6650611,-325450 6706324))
28357;POLYGON((-913212 6647345,-863974 6653504,-857014 6597261,-905984 6591041,-913212 6647345))
28358;POLYGON((-1508879 6554688,-1458861 6563779,-1448542 6506671,-1498263 6497495,-1508879 6554688))
3113;POLYGON((-775772 -96549,-727029 -93069,-723144 -148768,-771638 -152284,-775772 -96549))
3111;POLYGON((2451120 3333887,2500000 3334015,2500000 3278168,2451414 3278040,2451120 3333887))
3107;POLYGON((1918644 2236163,1966859 2231800,1961745 2176704,1913785 2181044,1918644 2236163))
3308;POLYGON((9057323 4912782,9105852 4913828,9106914 4858364,9058651 4857324,9057323 4912782))
3112;POLYGON((1005364 -3376533,1053119 -3380628,1048328 -3435221,1000790 -3431144,1005364 -3376533))
3577;POLYGON((1196166 -3265823,1243850 -3270598,1238156 -3326370,1190689 -3321617,1196166 -3265823))
