4326;POLYGON((144.0 -10.75,144.5 -10.75,144.5 -11.25,144.0 -11.25,144.0 -10.75))
28348;POLYGON((5107296 8479666,5176360 8469144,5165354 8399100,5096550 8410064,5107296 8479666))
28349;POLYGON((4309593 8588137,4374064 8580242,4365803 8514903,4301529 8523135,4309593 8588137))
28350;POLYGON((3559643 8669201,3620618 8663335,3614474 8601567,3553654 8607686,3559643 8669201))
28351;POLYGON((2845653 8728686,2904028 8724448,2899581 8665335,2841333 8669758,2845653 8728686))
28352;POLYGON((2157840 8770481,2214370 8767605,2211340 8710380,2154919 8713382,2157840 8770481))
28353;POLYGON((1487824 8797102,1543166 8795421,1541377 8739419,1486134 8741174,1487824 8797102))
28354;POLYGON((828145 8810059,882895 8809479,882248 8754097,827591 8754703,828145 8810059))
28355;POLYGON((171854 8810059,226581 8810549,227042 8755215,172408 8754703,171854 8810059))
28356;POLYGON((-487824 8797102,-432555 8798689,-430961 8742831,-486134 8741174,-487824 8797102))
28357;POLYGON((-1157840 8770481,-1101433 8773252,-1098620 8716275,-1154919 8713382,-1157840 8770481))
28358;POLYGON((-1845653 8728686,-1787459 8732803,-1783264 8674053,-1841333 8669758,-1845653 8728686))
3113;POLYGON((-938210 1995043,-882918 1996631,-881325 1940752,-936519 1939094,-938210 1995043))
3111;POLYGON((2379432 5504999,2439715 5505474,2440034 5444619,2380071 5444147,2379432 5504999))
3107;POLYGON((2047100 4356301,2105126 4351321,2099961 4292739,2042206 4297696,2047100 4356301))
3308;POLYGON((8947470 7046529,9006213 7048076,9007633 6988760,8949174 6987220,8947470 7046529))
3112;POLYGON((1122482 -1304825,1178478 -1309403,1173742 -1365956,1117970 -1361397,1122482 -1304825))
3577;POLYGON((1343383 -1192165,1399182 -1197532,1393905 -1251289,1338317 -1245942,1343383 -1192165))
