4326;POLYGON((144.0 -30.75,144.5 -30.75,144.5 -31.25,144.0 -31.25,144.0 -30.75))
28348;POLYGON((4364242 5852452,4416954 5830405,4391041 5769523,4338835 5791679,4364242 5852452))
28349;POLYGON((3739723 6085160,3791209 6067880,3770874 6008321,3719809 6025709,3739723 6085160))
28350;POLYGON((3129338 6265826,3179700 6252553,3164054 6194251,3114050 6207623,3129338 6265826))
28351;POLYGON((2531392 6402247,2580800 6392418,2569186 6335203,2520091 6345112,2531392 6402247))
28352;POLYGON((1943556 6500084,1992221 6493298,1984168 6436937,1935784 6443782,1943556 6500084))
28353;POLYGON((1363128 6563263,1411284 6559253,1406476 6503481,1358581 6507528,1363128 6563263))
28354;POLYGON((787205 6594257,835099 6592866,833352 6537405,785709 6538808,787205 6594257))
28355;POLYGON((212794 6594257,260677 6595433,261924 6539995,214290 6538808,212794 6594257))
28356;POLYGON((-363128 6563263,-315003 6567051,-310715 6511351,-358581 6507528,-363128 6563263))
28357;POLYGON((-943556 6500084,-894943 6506629,-887450 6450385,-935784 6443782,-943556 6500084))
28358;POLYGON((-1531392 6402247,-1482055 6411809,-1471063 6354753,-1520091 6345112,-1531392 6402247))
3113;POLYGON((-813464 -239666,-765321 -235877,-761031 -291599,-808916 -295422,-813464 -239666))
3111;POLYGON((2403708 3193989,2451853 3194368,2452146 3138646,2404293 3138269,2403708 3193989))
3107;POLYGON((1858901 2102472,1906498 2098387,1901640 2043291,1854298 2047355,1858901 2102472))
3308;POLYGON((9012781 4772918,9060641 4774178,9061967 4718769,9014373 4717516,9012781 4772918))
3112;POLYGON((946698 -3509256,993925 -3513116,989345 -3567807,942335 -3563964,946698 -3509256))
3577;POLYGON((1135321 -3400735,1182478 -3405271,1177007 -3461009,1130068 -3456494,1135321 -3400735))
