4326;POLYGON((144.5 -32.25,145.0 -32.25,145.0 -32.75,144.5 -32.75,144.5 -32.25))
28348;POLYGON((4338441 5648563,4389711 5625780,4362516 5565620,4311764 5588485,4338441 5648563))
28349;POLYGON((3729509 5889732,3779805 5871778,3758346 5812661,3708486 5830705,3729509 5889732))
28350;POLYGON((3132175 6077979,3181526 6064111,3164925 6006056,3115946 6020009,3132175 6077979))
28351;POLYGON((2545493 6220958,2594015 6210623,2581612 6153522,2533417 6163929,2545493 6220958))
28352;POLYGON((1967727 6324300,2015585 6317096,2006904 6260767,1959339 6268026,1967727 6324300))
28353;POLYGON((1396655 6391962,1444049 6387615,1438763 6331833,1391642 6336213,1396655 6391962))
28354;POLYGON((829782 6426474,876925 6424825,874840 6369342,827959 6371004,829782 6426474))
28355;POLYGON((264472 6429110,311587 6430097,312627 6374657,265772 6373662,264472 6429110))
28356;POLYGON((-301955 6399966,-254645 6403627,-250442 6347972,-297483 6344282,-301955 6399966))
28357;POLYGON((-872148 6337970,-824425 6344439,-816906 6288318,-864341 6281800,-872148 6337970))
28358;POLYGON((-1448635 6240808,-1400296 6250329,-1389179 6193508,-1437201 6183920,-1448635 6240808))
3113;POLYGON((-752268 -403027,-704939 -399364,-700735 -455041,-747794 -458732,-752268 -403027))
3111;POLYGON((2452730 3027325,2500000 3027449,2500000 2971842,2453022 2971719,2452730 3027325))
3107;POLYGON((1891925 1933103,1938738 1928866,1933625 1873788,1887067 1878001,1891925 1933103))
3308;POLYGON((9064619 4607984,9111689 4608998,9112749 4553607,9065945 4552599,9064619 4607984))
3112;POLYGON((980175 -3677309,1026733 -3681302,1021924 -3736104,975584 -3732131,980175 -3677309))
3577;POLYGON((1166075 -3572389,1212560 -3577043,1206881 -3632654,1160614 -3628021,1166075 -3572389))
