4326;POLYGON((143.75 -12.0,144.25 -12.0,144.25 -12.5,143.75 -12.5,143.75 -12.0))
28348;POLYGON((5045528 8311644,5113716 8300165,5101687 8230729,5033781 8242630,5045528 8311644))
28349;POLYGON((4256915 8430087,4320718 8421461,4311673 8356525,4248086 8365475,4256915 8430087))
28350;POLYGON((3513982 8518697,3574435 8512285,3567706 8450779,3507422 8457436,3513982 8518697))
28351;POLYGON((2805537 8583713,2863495 8579084,2858627 8520135,2800808 8524943,2805537 8583713))
28352;POLYGON((2122215 8629307,2178403 8626176,2175097 8569046,2119029 8572299,2122215 8629307))
28353;POLYGON((1455939 8658182,1510991 8656369,1509058 8600412,1454113 8602296,1455939 8658182))
28354;POLYGON((799468 8671951,853966 8671357,853299 8615985,798904 8616602,799468 8671951))
28355;POLYGON((146033 8671357,200531 8671951,201095 8616602,146700 8615985,146033 8671357))
28356;POLYGON((-510991 8656369,-455939 8658182,-454113 8602296,-509058 8600412,-510991 8656369))
28357;POLYGON((-1178403 8626176,-1122215 8629307,-1119029 8572299,-1175097 8569046,-1178403 8626176))
28358;POLYGON((-1863495 8579084,-1805537 8583713,-1800808 8524943,-1858627 8520135,-1863495 8579084))
3113;POLYGON((-961386 1854255,-906312 1856069,-904486 1800162,-959451 1798277,-961386 1854255))
3111;POLYGON((2351284 5352921,2410768 5353546,2411244 5293224,2352076 5292603,2351284 5352921))
3107;POLYGON((2006209 4212470,2063570 4207680,2058577 4149506,2001485 4154274,2006209 4212470))
3308;POLYGON((8922705 6897731,8980736 6899398,8982286 6840534,8924537 6838875,8922705 6897731))
3112;POLYGON((1083499 -1443833,1138943 -1448254,1134345 -1504504,1079125 -1500101,1083499 -1443833))
3577;POLYGON((1303054 -1324242,1358336 -1329450,1353138 -1383494,1298067 -1378306,1303054 -1324242))
