4326;POLYGON((144.25 -40.75,144.75 -40.75,144.75 -41.25,144.25 -41.25,144.25 -40.75))
28348;POLYGON((3833912 4674471,3876355 4651599,3845939 4595970,3804009 4618794,3833912 4674471))
28349;POLYGON((3322837 4919688,3365505 4901236,3340929 4845234,3298718 4863672,3322837 4919688))
28350;POLYGON((2810658 5115042,2853327 5100534,2833969 5044485,2791711 5058997,2810658 5115042))
28351;POLYGON((2299290 5265648,2341848 5254701,2327203 5198767,2285019 5209727,2299290 5265648))
28352;POLYGON((1789518 5375523,1831934 5367844,1821614 5312079,1779545 5319772,1789518 5375523))
28353;POLYGON((1281368 5447628,1323661 5443008,1317391 5387395,1275427 5392025,1281368 5447628))
28354;POLYGON((774382 5483912,816603 5482226,814215 5426704,772313 5428394,774382 5483912))
28355;POLYGON((267835 5485356,310051 5486559,311481 5431048,269585 5429842,267835 5485356))
28356;POLYGON((-239083 5452000,-196807 5456125,-191519 5400541,-233469 5396407,-239083 5452000))
28357;POLYGON((-747114 5382941,-704722 5390099,-695436 5334376,-737486 5327204,-747114 5382941))
28358;POLYGON((-1256744 5276312,-1214209 5286696,-1200677 5230802,-1242843 5220404,-1256744 5276312))
3113;POLYGON((-689372 -1351363,-647078 -1347236,-641789 -1402842,-683756 -1406977,-689372 -1351363))
3111;POLYGON((2436533 2083214,2478844 2083436,2478990 2027780,2436972 2027559,2436533 2083214))
3107;POLYGON((1787716 993823,1830183 990079,1825127 934207,1782919 937929,1787716 993823))
3308;POLYGON((9065954 3662954,9108500 3663972,9109707 3607987,9067428 3606975,9065954 3662954))
3112;POLYGON((879849 -4617856,922666 -4621442,917833 -4677801,875240 -4674234,879849 -4617856))
3577;POLYGON((1052768 -4506459,1095598 -4510663,1090177 -4564804,1047559 -4560621,1052768 -4506459))
