4326;POLYGON((143.75 -10.5,144.25 -10.5,144.25 -11.0,143.75 -11.0,143.75 -10.5))
28348;POLYGON((5078064 8519578,5147035 8509402,5136394 8439507,5067674 8450124,5078064 8519578))
28349;POLYGON((4281334 8624462,4345734 8616831,4337750 8551617,4273541 8559585,4281334 8624462))
28350;POLYGON((3532107 8702791,3593031 8697126,3587099 8635460,3526326 8641377,3532107 8702791))
28351;POLYGON((2818591 8760188,2876936 8756103,2872650 8697069,2814429 8701337,2818591 8760188))
28352;POLYGON((2131007 8800402,2187527 8797641,2184618 8740474,2128204 8743359,2131007 8800402))
28353;POLYGON((1460974 8825854,1516326 8824256,1514626 8768291,1459369 8769961,1460974 8825854))
28354;POLYGON((801024 8837987,855806 8837464,855220 8782096,800528 8782643,801024 8837987))
28355;POLYGON((144193 8837464,198975 8837987,199471 8782643,144779 8782096,144193 8837464))
28356;POLYGON((-516326 8824256,-460974 8825854,-459369 8769961,-514626 8768291,-516326 8824256))
28357;POLYGON((-1187527 8797641,-1131007 8800402,-1128204 8743359,-1184618 8740474,-1187527 8797641))
28358;POLYGON((-1876936 8756103,-1818591 8760188,-1814429 8701337,-1872650 8697069,-1876936 8756103))
3113;POLYGON((-966723 2022208,-911349 2023807,-909743 1967892,-965022 1966221,-966723 2022208))
3111;POLYGON((2348891 5535150,2409333 5535785,2409813 5474822,2349691 5474190,2348891 5535150))
3107;POLYGON((2020462 4388065,2078636 4383207,2073599 4324526,2015697 4329361,2020462 4388065))
3308;POLYGON((8917177 7075372,8976058 7077064,8977622 7017658,8919025 7015975,8917177 7075372))
3112;POLYGON((1096680 -1274280,1152798 -1278755,1148169 -1335384,1092276 -1330927,1096680 -1274280))
3577;POLYGON((1317952 -1162714,1373866 -1167981,1368701 -1221691,1312996 -1216443,1317952 -1162714))
