4326;POLYGON((144.0 -18.0,144.5 -18.0,144.5 -18.5,144.0 -18.5,144.0 -18.0))
28348;POLYGON((4908164 7486933,4972537 7470676,4955149 7403359,4891165 7419951,4908164 7486933))
28349;POLYGON((4159302 7655633,4220166 7643285,4206949 7579615,4146389 7592230,4159302 7655633))
28350;POLYGON((3447551 7783057,3505658 7773798,3495735 7713006,3437872 7722474,3447551 7783057))
28351;POLYGON((2764531 7877306,2820537 7870570,2813304 7811982,2757501 7818873,2764531 7877306))
28352;POLYGON((2102875 7943900,2157363 7939307,2152411 7882318,2098101 7887018,2102875 7943900))
28353;POLYGON((1455967 7986476,1509464 7983783,1506532 7927843,1453195 7930600,1455967 7986476))
28354;POLYGON((817706 8007242,870706 8006312,869645 7950909,816797 7951861,817706 8007242))
28355;POLYGON((182293 8007242,235275 8008028,236031 7952666,183202 7951861,182293 8007242))
28356;POLYGON((-455967 7986476,-402530 7989018,-399917 7933203,-453195 7930600,-455967 7986476))
28357;POLYGON((-1102875 7943900,-1048490 7948326,-1043890 7891549,-1098101 7887018,-1102875 7943900))
28358;POLYGON((-1764531 7877306,-1708673 7883851,-1701844 7825569,-1757501 7818873,-1764531 7877306))
3113;POLYGON((-906340 1184101,-852882 1186644,-850268 1130807,-903567 1128204,-906340 1184101))
3111;POLYGON((2388499 4641831,2444248 4642270,2444554 4584082,2389110 4583645,2388499 4641831))
3107;POLYGON((1977388 3521446,2031551 3516797,2026566 3460258,1972665 3464884,1977388 3521446))
3308;POLYGON((8971714 6202570,9026416 6204010,9027784 6146897,8973354 6145464,8971714 6202570))
3112;POLYGON((1057932 -2114314,1110708 -2118628,1106093 -2173740,1053536 -2169444,1057932 -2114314))
3577;POLYGON((1268991 -1981828,1321701 -1986898,1316291 -2042009,1263798 -2036960,1268991 -1981828))
