4326;POLYGON((144.5 -36.5,145.0 -36.5,145.0 -37.0,144.5 -37.0,144.5 -36.5))
28348;POLYGON((4104260 5146382,4151105 5123172,4121994 5065335,4075670 5088556,4104260 5146382))
28349;POLYGON((3543957 5393687,3590490 5375173,3567234 5317628,3521153 5336178,3543957 5393687))
28350;POLYGON((2988336 5588811,3034433 5574374,3016267 5517317,2970565 5531798,2988336 5588811))
28351;POLYGON((2438118 5738243,2483766 5727405,2470095 5670879,2424800 5681758,2438118 5738243))
28352;POLYGON((1892980 5846910,1938235 5839317,1928616 5783261,1883682 5790890,1892980 5846910))
28353;POLYGON((1351915 5918357,1396881 5913761,1391004 5858059,1346339 5862678,1351915 5918357))
28354;POLYGON((813500 5954892,858306 5953145,855984 5897642,811470 5899398,813500 5954892))
28355;POLYGON((276090 5957685,320878 5958731,322037 5903257,277540 5902205,276090 5957685))
28356;POLYGON((-262037 5926826,-217124 5930699,-212447 5875082,-257062 5871189,-262037 5926826))
28357;POLYGON((-802554 5861326,-757382 5868151,-749038 5812229,-793894 5805372,-802554 5861326))
28358;POLYGON((-1346929 5759073,-1301387 5769070,-1289109 5712711,-1334308 5702672,-1346929 5759073))
3113;POLYGON((-712335 -876352,-667404 -872476,-662725 -928116,-707357 -932011,-712335 -876352))
3111;POLYGON((2455209 2555361,2500000 2555478,2500000 2499999,2455501 2499883,2455209 2555361))
3107;POLYGON((1850577 1464108,1895219 1460068,1890085 1404763,1845699 1408780,1850577 1464108))
3308;POLYGON((9075895 4136917,9120709 4137883,9121773 4082355,9077224 4081395,9075895 4136917))
3112;POLYGON((940984 -4145284,985680 -4149116,980819 -4204514,936343 -4200700,940984 -4145284))
3577;POLYGON((1119833 -4043495,1164474 -4047965,1158851 -4103034,1114425 -4098586,1119833 -4043495))
