4326;POLYGON((144.25 -41.5,144.75 -41.5,144.75 -42.0,144.25 -42.0,144.25 -41.5))
28348;POLYGON((3788995 4591048,3830669 4568251,3800009 4512999,3758847 4535737,3788995 4591048))
28349;POLYGON((3286596 4835728,3328579 4817299,3303754 4761562,3262230 4779968,3286596 4835728))
28350;POLYGON((2782180 5031016,2824232 5016503,2804645 4960626,2763006 4975138,2782180 5031016))
28351;POLYGON((2277835 5181790,2319832 5170825,2304995 5114992,2263375 5125965,2277835 5181790))
28352;POLYGON((1774523 5291908,1816418 5284208,1805952 5228492,1764409 5236202,1774523 5291908))
28353;POLYGON((1272434 5364227,1314233 5359592,1307871 5303992,1266405 5308636,1272434 5364227))
28354;POLYGON((771271 5400634,813012 5398943,810589 5343417,769172 5345112,771271 5400634))
28355;POLYGON((270466 5402084,312202 5403291,313655 5347774,272242 5346564,270466 5402084))
28356;POLYGON((-230642 5368613,-188856 5372751,-183490 5317176,-224945 5313030,-230642 5368613))
28357;POLYGON((-732637 5299346,-690760 5306524,-681341 5250838,-722872 5243651,-732637 5299346))
28358;POLYGON((-1235846 5192473,-1193865 5202877,-1180152 5147070,-1221761 5136657,-1235846 5192473))
3113;POLYGON((-680927 -1434782,-639124 -1430642,-633756 -1486239,-675228 -1490387,-680927 -1434782))
3111;POLYGON((2437191 1999717,2479063 1999937,2479209 1944216,2437630 1943998,2437191 1999717))
3107;POLYGON((1780517 909949,1822595 906239,1817527 850233,1775708 853920,1780517 909949))
3308;POLYGON((9068166 3578957,9110310 3579966,9111519 3523863,9069643 3522861,9068166 3578957))
3112;POLYGON((872932 -4702475,915412 -4706032,910562 -4762600,868306 -4759061,872932 -4702475))
3577;POLYGON((1044959 -4587650,1087472 -4591823,1082071 -4645753,1039770 -4641601,1044959 -4587650))
