4326;POLYGON((144.0 -42.0,144.5 -42.0,144.5 -42.5,144.0 -42.5,144.0 -42.0))
28348;POLYGON((3738250 4546964,3779434 4524416,3748872 4469380,3708196 4491864,3738250 4546964))
28349;POLYGON((3241461 4789044,3282994 4770808,3258237 4715232,3217160 4733441,3241461 4789044))
28350;POLYGON((2742185 4982278,2783826 4967920,2764297 4912155,2723069 4926507,2742185 4982278))
28351;POLYGON((2242568 5131346,2284184 5120514,2269411 5064750,2228172 5075588,2242568 5131346))
28352;POLYGON((1743639 5239959,1785180 5232380,1774796 5176700,1733608 5184287,1743639 5239959))
28353;POLYGON((1245674 5310864,1287137 5306345,1280883 5250759,1239755 5255284,1245674 5310864))
28354;POLYGON((748464 5345869,789880 5344295,787597 5288768,746508 5290344,748464 5345869))
28355;POLYGON((251535 5345869,292948 5347200,294578 5291678,253491 5290344,251535 5345869))
28356;POLYGON((-245674 5310864,-204217 5315134,-198632 5259560,-239755 5255284,-245674 5310864))
28357;POLYGON((-743639 5239959,-702106 5247277,-692425 5191613,-733608 5184287,-743639 5239959))
28358;POLYGON((-1242568 5131346,-1200956 5141898,-1186937 5086145,-1228172 5075588,-1242568 5131346))
3113;POLYGON((-695965 -1492554,-654491 -1488282,-648905 -1543877,-690044 -1548155,-695965 -1492554))
3111;POLYGON((2416841 1943807,2458419 1944134,2458712 1888366,2417426 1888040,2416841 1943807))
3107;POLYGON((1754792 855691,1796620 852100,1791672 795987,1750105 799555,1754792 855691))
3308;POLYGON((9048707 3522284,9090580 3523387,9091925 3467204,9050321 3466108,9048707 3522284))
3112;POLYGON((847173 -4757355,889436 -4760810,884685 -4817533,842648 -4814097,847173 -4757355))
3577;POLYGON((1018613 -4639587,1060923 -4643656,1055643 -4697449,1013544 -4693400,1018613 -4639587))
