4326;POLYGON((144.5 -43.25,145.0 -43.25,145.0 -43.75,144.5 -43.75,144.5 -43.25))
28348;POLYGON((3702742 4387282,3742603 4364533,3711154 4310186,3671803 4332851,3702742 4387282))
28349;POLYGON((3220805 4632189,3261169 4613694,3235559 4558588,3195656 4577040,3220805 4632189))
28350;POLYGON((2734728 4828717,2775323 4814076,2755011 4758608,2714836 4773232,2734728 4828717))
28351;POLYGON((2247019 4981228,2287685 4970108,2272218 4914512,2231939 4925628,2247019 4981228))
28352;POLYGON((1759045 5093238,1799701 5085381,1788725 5029777,1748429 5037636,1759045 5093238))
28353;POLYGON((1271390 5167395,1312012 5162612,1305267 5107043,1264989 5111830,1271390 5167395))
28354;POLYGON((784130 5205472,824724 5203649,822051 5148113,781792 5149937,784130 5205472))
28355;POLYGON((297053 5208387,337643 5209480,338978 5153949,298722 5152855,297053 5208387))
28356;POLYGON((-190156 5176211,-149543 5180246,-144169 5124690,-184440 5120652,-190156 5176211))
28357;POLYGON((-677740 5108168,-637092 5115242,-627549 5059648,-667842 5052571,-677740 5108168))
28358;POLYGON((-1165685 5002626,-1125017 5012909,-1111081 4957301,-1151370 4947021,-1165685 5002626))
3113;POLYGON((-640425 -1627259,-599797 -1623223,-594420 -1678800,-634707 -1682840,-640425 -1627259))
3111;POLYGON((2459152 1804611,2500000 1804719,2500000 1748807,2459446 1748700,2459152 1804611))
3107;POLYGON((1784235 711625,1825395 707901,1820164 651548,1779264 655249,1784235 711625))
3308;POLYGON((9093946 3382759,9135151 3383647,9136232 3327225,9095297 3326343,9093946 3382759))
3112;POLYGON((877536 -4902906,919219 -4906480,914208 -4963576,872752 -4960021,877536 -4902906))
3577;POLYGON((1047751 -4777844,1089520 -4782027,1084070 -4835398,1042511 -4831237,1047751 -4777844))
