4326;POLYGON((144.25 -16.25,144.75 -16.25,144.75 -16.75,144.25 -16.75,144.25 -16.25))
28348;POLYGON((4997267 7715536,5063122 7700345,5046999 7632095,4981511 7647653,4997267 7715536))
28349;POLYGON((4232887 7872899,4294902 7861397,4282687 7797119,4220955 7808910,4232887 7872899))
28350;POLYGON((3508921 7991464,3567945 7982855,3558792 7921679,3499994 7930511,3508921 7991464))
28351;POLYGON((2816020 8079073,2872779 8072812,2866108 8013992,2809536 8020420,2816020 8079073))
28352;POLYGON((2146121 8141041,2201246 8136761,2196669 8079647,2141705 8084042,2146121 8141041))
28353;POLYGON((1492094 8180859,1546152 8178327,1543419 8122335,1489507 8124936,1492094 8180859))
28354;POLYGON((847445 8200651,900958 8199735,899927 8144325,846551 8145266,847445 8200651))
28355;POLYGON((206045 8201435,259518 8202088,260135 8146743,206801 8146071,206045 8201435))
28356;POLYGON((-438102 8183252,-384170 8185508,-381872 8129711,-435660 8127394,-438102 8183252))
28357;POLYGON((-1091105 8145168,-1036196 8149143,-1032099 8092362,-1086850 8088280,-1091105 8145168))
28358;POLYGON((-1759420 8085158,-1702975 8091068,-1696858 8032733,-1753121 8026666,-1759420 8085158))
3113;POLYGON((-888468 1380954,-834515 1383211,-832216 1327392,-886025 1325074,-888468 1380954))
3111;POLYGON((2414759 4846976,2471586 4847274,2471740 4788531,2415222 4788234,2414759 4846976))
3107;POLYGON((2021538 3717984,2076610 3713129,2071458 3656193,2016649 3661025,2021538 3717984))
3308;POLYGON((8993775 6404193,9049443 6405526,9050683 6347964,8995291 6346639,8993775 6404193))
3112;POLYGON((1100141 -1922933,1153678 -1927417,1148930 -1982787,1095613 -1978321,1100141 -1922933))
3577;POLYGON((1313847 -1792006,1367299 -1797252,1361808 -1852084,1308571 -1846858,1313847 -1792006))
