4326;POLYGON((144.0 -33.25,144.5 -33.25,144.5 -33.75,144.0 -33.75,144.0 -33.25))
28348;POLYGON((4234673 5551180,4284843 5528674,4257683 5469130,4208026 5491702,4234673 5551180))
28349;POLYGON((3637886 5789617,3687240 5771855,3665775 5713184,3616855 5731023,3637886 5789617))
28350;POLYGON((3050989 5975868,3099527 5962150,3082921 5904403,3034757 5918196,3050989 5975868))
28351;POLYGON((2473379 6117163,2521189 6106964,2508812 6050061,2461331 6060324,2473379 6117163))
28352;POLYGON((1903616 6218841,1950842 6211780,1942235 6155564,1895307 6162674,1903616 6218841))
28353;POLYGON((1339744 6284654,1386562 6280473,1381414 6224741,1334874 6228952,1339744 6284654))
28354;POLYGON((779505 6316983,826111 6315532,824238 6260056,777901 6261518,779505 6316983))
28355;POLYGON((220494 6316983,267091 6318210,268427 6262755,222098 6261518,220494 6316983))
28356;POLYGON((-339744 6284654,-292951 6288603,-288358 6232930,-334874 6228952,-339744 6284654))
28357;POLYGON((-903616 6218841,-856431 6225654,-848419 6169534,-895307 6162674,-903616 6218841))
28358;POLYGON((-1473379 6117163,-1425623 6127087,-1413902 6070312,-1461331 6060324,-1473379 6117163))
3113;POLYGON((-790071 -518384,-743260 -514433,-738666 -570128,-785199 -574107,-790071 -518384))
3111;POLYGON((2406631 2915775,2453314 2916143,2453606 2860594,2407214 2860228,2406631 2915775))
3107;POLYGON((1835887 1826865,1882208 1822889,1877348 1767762,1831282 1771716,1835887 1826865))
3308;POLYGON((9020736 4495989,9067271 4497215,9068596 4441826,9022327 4440607,9020736 4495989))
3112;POLYGON((924851 -3783233,970988 -3787005,966388 -3841936,920469 -3838182,924851 -3783233))
3577;POLYGON((1109090 -3679178,1155158 -3683609,1149706 -3739148,1103856 -3734738,1109090 -3679178))
