4326;POLYGON((144.25 -24.25,144.75 -24.25,144.75 -24.75,144.25 -24.75,144.25 -24.25))
28348;POLYGON((4698083 6656005,4757226 6635966,4734965 6571541,4676292 6591806,4698083 6656005))
28349;POLYGON((4004411 6865593,4061149 6850148,4043975 6788268,3987613 6803906,4004411 6865593))
28350;POLYGON((3336870 7025986,3391623 7014267,3378573 6954524,3324130 6966402,3336870 7025986))
28351;POLYGON((2690475 7145895,2743653 7137286,2734045 7079251,2681129 7087984,2690475 7145895))
28352;POLYGON((2060340 7231422,2112347 7225497,2105707 7168743,2053931 7174756,2060340 7231422))
28353;POLYGON((1441727 7286688,1492951 7283167,1488968 7227275,1437956 7230849,1441727 7286688))
28354;POLYGON((830037 7314247,880857 7312970,879350 7257531,828732 7258827,830037 7314247))
28355;POLYGON((220766 7315340,271555 7316251,272457 7260862,221869 7259938,220766 7315340))
28356;POLYGON((-390551 7290017,-339421 7293156,-336069 7237416,-386990 7234229,-390551 7290017))
28357;POLYGON((-1008413 7237139,-956563 7242648,-950611 7186149,-1002234 7180558,-1008413 7237139))
28358;POLYGON((-1637409 7154267,-1584453 7162404,-1575624 7104730,-1628323 7096476,-1637409 7154267))
3113;POLYGON((-840899 487371,-789748 490511,-786395 434749,-837336 431561,-840899 487371))
3111;POLYGON((2422028 3924305,2474009 3924578,2474158 3867933,2422475 3867662,2422028 3924305))
3107;POLYGON((1944369 2818923,1995281 2814434,1990260 2758947,1939605 2763413,1944369 2818923))
3308;POLYGON((9017666 5496851,9068991 5498079,9070196 5442132,9019139 5440910,9017666 5496851))
3112;POLYGON((1028309 -2801681,1078351 -2805872,1073672 -2860432,1023847 -2856260,1028309 -2801681))
3577;POLYGON((1228678 -2677511,1278665 -2682417,1273086 -2738140,1223317 -2733255,1228678 -2677511))
