4326;POLYGON((143.75 -25.0,144.25 -25.0,144.25 -25.5,143.75 -25.5,143.75 -25.0))
28348;POLYGON((4607037 6579749,4665272 6559802,4642986 6495982,4585218 6516140,4607037 6579749))
28349;POLYGON((3923109 6788512,3979110 6773123,3961898 6711678,3906274 6727249,3923109 6788512))
28350;POLYGON((3263530 6948318,3317677 6936646,3304604 6877208,3250769 6889028,3263530 6948318))
28351;POLYGON((2623718 7067599,2676393 7059048,2666793 7001217,2614385 7009883,2623718 7067599))
28352;POLYGON((1999100 7152275,2050682 7146432,2044094 7089802,1992748 7095727,1999100 7152275))
28353;POLYGON((1385184 7206337,1436043 7202932,1432164 7147103,1381522 7150556,1385184 7206337))
28354;POLYGON((777570 7232235,828070 7231117,826727 7175693,776435 7176828,777570 7232235))
28355;POLYGON((171929 7231117,222429 7232235,223564 7176828,173272 7175693,171929 7231117))
28356;POLYGON((-436043 7202932,-385184 7206337,-381522 7150556,-432164 7147103,-436043 7202932))
28357;POLYGON((-1050682 7146432,-999100 7152275,-992748 7095727,-1044094 7089802,-1050682 7146432))
28358;POLYGON((-1676393 7059048,-1623718 7067599,-1614385 7009883,-1666793 7001217,-1676393 7059048))
3113;POLYGON((-886408 400252,-835530 403658,-831865 347855,-882528 344401,-886408 400252))
3111;POLYGON((2371165 3838835,2422697 3839376,2423143 3782874,2371907 3782336,2371165 3838835))
3107;POLYGON((1886677 2739900,1937224 2735679,1932467 2680251,1882176 2684450,1886677 2739900))
3308;POLYGON((8968958 5411502,9019875 5412965,9021345 5357121,8970696 5355666,8968958 5411502))
3112;POLYGON((971885 -2879577,1021617 -2883543,1017158 -2938100,967642 -2934151,971885 -2879577))
3577;POLYGON((1170957 -2756456,1220635 -2761136,1215270 -2816917,1165810 -2812257,1170957 -2756456))
