4326;POLYGON((143.75 -34.25,144.25 -34.25,144.25 -34.75,143.75 -34.75,143.75 -34.25))
28348;POLYGON((4156592 5443638,4205711 5421221,4178346 5362234,4129738 5384702,4156592 5443638))
28349;POLYGON((3571390 5681421,3619845 5663692,3598172 5605411,3550152 5623205,3571390 5681421))
28350;POLYGON((2994470 5867445,3042229 5853739,3025445 5796250,2978063 5810021,2994470 5867445))
28351;POLYGON((2425582 6008604,2472706 5998419,2460201 5941673,2413412 5951915,2425582 6008604))
28352;POLYGON((1863595 6110017,1910202 6102987,1901532 6046853,1855229 6053926,1863595 6110017))
28353;POLYGON((1306820 6175289,1353067 6171166,1347928 6115464,1301966 6119613,1306820 6175289))
28354;POLYGON((753246 6206701,799307 6205343,797523 6149867,751737 6151235,753246 6206701))
28355;POLYGON((200692 6205343,246753 6206701,248262 6151235,202476 6149867,200692 6205343))
28356;POLYGON((-353067 6171166,-306820 6175289,-301966 6119613,-347928 6115464,-353067 6171166))
28357;POLYGON((-910202 6102987,-863595 6110017,-855229 6053926,-901532 6046853,-910202 6102987))
28358;POLYGON((-1472706 5998419,-1425582 6008604,-1413412 5951915,-1460201 5941673,-1472706 5998419))
3113;POLYGON((-803400 -631916,-757135 -627792,-752279 -683489,-798259 -687640,-803400 -631916))
3111;POLYGON((2384748 2804431,2430847 2804915,2431285 2749407,2385477 2748926,2384748 2804431))
3107;POLYGON((1803763 1718435,1849583 1714609,1844847 1659429,1799282 1663233,1803763 1718435))
3308;POLYGON((9000919 4384529,9046920 4385850,9048379 4330443,9002643 4329129,9000919 4384529))
3112;POLYGON((893227 -3891393,938934 -3895038,934433 -3950106,888945 -3946478,893227 -3891393))
3577;POLYGON((1075804 -3788115,1121446 -3792414,1116114 -3847849,1070690 -3843570,1075804 -3788115))
