4326;POLYGON((144.0 -32.75,144.5 -32.75,144.5 -33.25,144.0 -33.25,144.0 -32.75))
28348;POLYGON((4261083 5610916,4311764 5588485,4284843 5528674,4234673 5551180,4261083 5610916))
28349;POLYGON((3658700 5848383,3708486 5830705,3687240 5771855,3637886 5789617,3658700 5848383))
28350;POLYGON((3067037 6033647,3115946 6020009,3099527 5962150,3050989 5975868,3067037 6033647))
28351;POLYGON((2485280 6174061,2533417 6163929,2521189 6106964,2473379 6117163,2485280 6174061))
28352;POLYGON((1911819 6275036,1959339 6268026,1950842 6211780,1903616 6218841,1911819 6275036))
28353;POLYGON((1344549 6340363,1391642 6336213,1386562 6280473,1339744 6284654,1344549 6340363))
28354;POLYGON((781088 6372444,827959 6371004,826111 6315532,779505 6316983,781088 6372444))
28355;POLYGON((218911 6372444,265772 6373662,267091 6318210,220494 6316983,218911 6372444))
28356;POLYGON((-344549 6340363,-297483 6344282,-292951 6288603,-339744 6284654,-344549 6340363))
28357;POLYGON((-911819 6275036,-864341 6281800,-856431 6225654,-903616 6218841,-911819 6275036))
28358;POLYGON((-1485280 6174061,-1437201 6183920,-1425623 6127087,-1473379 6117163,-1485280 6174061))
3113;POLYGON((-794879 -462653,-747794 -458732,-743260 -514433,-790071 -518384,-794879 -462653))
3111;POLYGON((2406047 2971349,2453022 2971719,2453314 2916143,2406631 2915775,2406047 2971349))
3107;POLYGON((1840491 1881999,1887067 1878001,1882208 1822889,1835887 1826865,1840491 1881999))
3308;POLYGON((9019146 4551367,9065945 4552599,9067271 4497215,9020736 4495989,9019146 4551367))
3112;POLYGON((929228 -3728341,975584 -3732131,970988 -3787005,924851 -3783233,929228 -3728341))
3577;POLYGON((1114329 -3623569,1160614 -3628021,1155158 -3683609,1109090 -3679178,1114329 -3623569))
