4326;POLYGON((143.75 -28.25,144.25 -28.25,144.25 -28.75,143.75 -28.75,143.75 -28.25))
28348;POLYGON((4459668 6170720,4514802 6149564,4490520 6087423,4435876 6108732,4459668 6170720))
28349;POLYGON((3808996 6393135,3862477 6376676,3843563 6316312,3790485 6332912,3808996 6393135))
28350;POLYGON((3176797 6564646,3228842 6552083,3214382 6493302,3162675 6505985,3176797 6564646))
28351;POLYGON((2560153 6693375,2611025 6684127,2600355 6626658,2549776 6636002,2560153 6693375))
28352;POLYGON((1955775 6785124,2005756 6778783,1998408 6722317,1948688 6728727,1955775 6785124))
28353;POLYGON((1360183 6843857,1409566 6840155,1405231 6784367,1356088 6788112,1360183 6843857))
28354;POLYGON((769817 6872036,818902 6870819,817400 6815378,768547 6816610,769817 6872036))
28355;POLYGON((181097 6870819,230182 6872036,231452 6816610,182599 6815378,181097 6870819))
28356;POLYGON((-409566 6840155,-360183 6843857,-356088 6788112,-405231 6784367,-409566 6840155))
28357;POLYGON((-1005756 6778783,-955775 6785124,-948688 6728727,-998408 6722317,-1005756 6778783))
28358;POLYGON((-1611025 6684127,-1560153 6693375,-1549776 6636002,-1600355 6626658,-1611025 6684127))
3113;POLYGON((-859921 37333,-810518 41037,-806422 -14730,-855584 -18475,-859921 37333))
3111;POLYGON((2375968 3473076,2425579 3473597,2426020 3417602,2376703 3417084,2375968 3473076))
3107;POLYGON((1857484 2380251,1906367 2376169,1901630 2320989,1853003 2325050,1857484 2380251))
3308;POLYGON((8980224 5049523,9029407 5050936,9030870 4995406,8981951 4994001,8980224 5049523))
3112;POLYGON((944313 -3234248,992635 -3238101,988174 -3292669,940069 -3288833,944313 -3234248))
3577;POLYGON((1137482 -3119396,1185740 -3123942,1180370 -3179774,1132331 -3175248,1137482 -3119396))
