4326;POLYGON((143.75 -25.75,144.25 -25.75,144.25 -26.25,143.75 -26.25,143.75 -25.75))
28348;POLYGON((4574189 6484428,4631722 6464168,4608955 6400731,4551895 6421188,4574189 6484428))
28349;POLYGON((3897756 6696676,3953191 6681017,3935573 6619816,3880521 6635649,3897756 6696676))
28350;POLYGON((3244308 6859419,3297985 6847525,3284585 6788235,3231226 6800272,3244308 6859419))
28351;POLYGON((2609657 6981044,2661930 6972321,2652079 6914571,2600078 6923405,2609657 6981044))
28352;POLYGON((1989528 7067462,2040755 7061497,2033990 7004903,1983004 7010948,1989528 7067462))
28353;POLYGON((1379665 7122668,1430198 7119191,1426212 7063371,1375902 7066895,1379665 7122668))
28354;POLYGON((775859 7149124,826047 7147981,824667 7092554,774693 7093712,775859 7149124))
28355;POLYGON((173952 7147981,224140 7149124,225306 7093712,175332 7092554,173952 7147981))
28356;POLYGON((-430198 7119191,-379665 7122668,-375902 7066895,-426212 7063371,-430198 7119191))
28357;POLYGON((-1040755 7061497,-989528 7067462,-983004 7010948,-1033990 7004903,-1040755 7061497))
28358;POLYGON((-1661930 6972321,-1609657 6981044,-1600078 6923405,-1652079 6914571,-1661930 6972321))
3113;POLYGON((-880561 316477,-830008 319956,-826243 264162,-876574 260636,-880561 316477))
3111;POLYGON((2372278 3754120,2423365 3754657,2423809 3698287,2373018 3697753,2372278 3754120))
3107;POLYGON((1879927 2656744,1930089 2652555,1925338 2597200,1875432 2601367,1879927 2656744))
3308;POLYGON((8971564 5327771,9022080 5329222,9023548 5273466,8973299 5272023,8971564 5327771))
3112;POLYGON((965521 -2961434,1014928 -2965374,1010469 -3019918,961280 -3015995,965521 -2961434))
3577;POLYGON((1163236 -2840165,1212587 -2844814,1207219 -2900622,1158087 -2895993,1163236 -2840165))
