4326;POLYGON((144.5 -23.0,145.0 -23.0,145.0 -23.5,144.5 -23.5,144.5 -23.0))
28348;POLYGON((4781195 6807929,4841610 6788285,4819981 6723089,4760028 6742984,4781195 6807929))
28349;POLYGON((4073978 7013078,4131736 6997979,4115095 6935581,4057705 6950892,4073978 7013078))
28350;POLYGON((3395469 7169746,3451055 7158306,3438431 7098229,3383144 7109840,3395469 7169746))
28351;POLYGON((2739981 7286786,2793859 7278381,2784564 7220143,2730939 7228680,2739981 7286786))
28352;POLYGON((2102107 7370366,2154717 7364567,2148278 7307702,2095890 7313596,2102107 7370366))
28353;POLYGON((1476702 7424642,1528464 7421166,1524570 7365228,1473010 7368761,1476702 7424642))
28354;POLYGON((858841 7452194,910159 7450879,908628 7395434,857503 7396770,858841 7452194))
28355;POLYGON((243739 7454294,295007 7455081,295771 7399706,244693 7398906,243739 7454294))
28356;POLYGON((-373332 7431040,-321718 7433965,-318627 7378238,-370041 7375265,-373332 7431040))
28357;POLYGON((-997142 7381360,-944782 7386558,-939219 7330051,-991363 7324769,-997142 7381360))
28358;POLYGON((-1632587 7302905,-1579066 7310625,-1570767 7252896,-1624044 7245054,-1632587 7302905))
3113;POLYGON((-823673 628449,-772039 631374,-768946 575626,-820381 572652,-823673 628449))
3111;POLYGON((2447272 4066531,2500000 4066669,2500000 4009768,2447571 4009630,2447272 4066531))
3107;POLYGON((1982084 2955725,2033629 2951060,2028464 2895428,1977177 2900069,1982084 2955725))
3308;POLYGON((9039972 5637669,9091971 5638789,9093046 5582658,9041316 5581543,9039972 5637669))
3112;POLYGON((1064765 -2667231,1115342 -2671568,1110549 -2726177,1060190 -2721858,1064765 -2667231))
3577;POLYGON((1267337 -2540741,1317859 -2545800,1312179 -2601432,1261875 -2596395,1267337 -2540741))
