4326;POLYGON((143.75 -24.75,144.25 -24.75,144.25 -25.25,143.75 -25.25,143.75 -24.75))
28348;POLYGON((4617825 6611646,4676292 6591806,4654169 6527860,4596168 6547914,4617825 6611646))
28349;POLYGON((3931425 6819202,3987613 6803906,3970538 6742380,3914725 6757861,3931425 6819202))
28350;POLYGON((3269830 6977997,3324130 6966402,3311168 6906915,3257177 6918661,3269830 6977997))
28351;POLYGON((2628323 7096476,2681129 7087984,2671614 7030126,2619072 7038735,2628323 7096476))
28352;POLYGON((2002234 7180558,2053931 7174756,2047403 7118114,1995939 7123999,2002234 7180558))
28353;POLYGON((1386990 7234229,1437956 7230849,1434113 7175017,1383361 7178446,1386990 7234229))
28354;POLYGON((778130 7259938,828732 7258827,827402 7203405,777005 7204532,778130 7259938))
28355;POLYGON((171267 7258827,221869 7259938,222994 7204532,172597 7203405,171267 7258827))
28356;POLYGON((-437956 7230849,-386990 7234229,-383361 7178446,-434113 7175017,-437956 7230849))
28357;POLYGON((-1053931 7174756,-1002234 7180558,-995939 7123999,-1047403 7118114,-1053931 7174756))
28358;POLYGON((-1681129 7087984,-1628323 7096476,-1619072 7038735,-1671614 7030126,-1681129 7087984))
3113;POLYGON((-888322 428180,-837336 431561,-833706 375756,-884477 372325,-888322 428180))
3111;POLYGON((2370794 3867119,2422475 3867662,2422920 3811113,2371536 3810574,2370794 3867119))
3107;POLYGON((1888929 2767644,1939605 2763413,1934845 2707958,1884426 2712168,1888929 2767644))
3308;POLYGON((8968089 5439444,9019139 5440910,9020610 5385035,8969827 5383577,8968089 5439444))
3112;POLYGON((974006 -2852285,1023847 -2856260,1019387 -2910823,969763 -2906866,974006 -2852285))
3577;POLYGON((1173529 -2728564,1223317 -2733255,1217953 -2789024,1168384 -2784354,1173529 -2728564))
