4326;POLYGON((144.5 -27.5,145.0 -27.5,145.0 -28.0,144.5 -28.0,144.5 -27.5))
28348;POLYGON((4578666 6232648,4634767 6211082,4610181 6148299,4554578 6170032,4578666 6232648))
28349;POLYGON((3917464 6459289,3971752 6442519,3952611 6381672,3898730 6398595,3917464 6459289))
28350;POLYGON((3276459 6634150,3329181 6621329,3314526 6562198,3262143 6575150,3276459 6634150))
28351;POLYGON((2652413 6765793,2703854 6756311,2692991 6698601,2641841 6708187,2652413 6765793))
28352;POLYGON((2041768 6860329,2092233 6853755,2084672 6797137,2034465 6803787,2041768 6860329))
28353;POLYGON((1440824 6921951,1490624 6917999,1486036 6862133,1436474 6866131,1440824 6921951))
28354;POLYGON((845828 6953301,895275 6951805,893470 6896342,844249 6897857,845828 6953301))
28355;POLYGON((253023 6955694,302431 6956590,303332 6901185,254149 6900278,253023 6955694))
28356;POLYGON((-341346 6929227,-291664 6932554,-288019 6876860,-337468 6873494,-341346 6929227))
28357;POLYGON((-941038 6872796,-890769 6878692,-884228 6822364,-934246 6816398,-941038 6872796))
28358;POLYGON((-1549807 6783991,-1498638 6792713,-1488921 6735404,-1539808 6726586,-1549807 6783991))
3113;POLYGON((-791675 126440,-741973 129768,-738327 74053,-787794 70685,-791675 126440))
3111;POLYGON((2449944 3557881,2500000 3558012,2500000 3501914,2450238 3501783,2449944 3557881))
3107;POLYGON((1938101 2456849,1987337 2452393,1982214 2397205,1933233 2401638,1938101 2456849))
3308;POLYGON((9052006 5134924,9101598 5135993,9102663 5080397,9053337 5079334,9052006 5134924))
3112;POLYGON((1023641 -3158284,1072264 -3162453,1067480 -3216976,1019074 -3212825,1023641 -3158284))
3577;POLYGON((1218082 -3042549,1266640 -3047411,1260942 -3103214,1212602 -3098374,1218082 -3042549))
