4326;POLYGON((144.5 -13.0,145.0 -13.0,145.0 -13.5,144.5 -13.5,144.5 -13.0))
28348;POLYGON((5123163 8155189,5191390 8142430,5177991 8072697,5110075 8085878,5123163 8155189))
28349;POLYGON((4334080 8286970,4397918 8277362,4387824 8212142,4324223 8222076,4334080 8286970))
28350;POLYGON((3590855 8385816,3651321 8378650,3643785 8316893,3583506 8324306,3590855 8385816))
28351;POLYGON((2882468 8458670,2940404 8453466,2934921 8394308,2877138 8399694,2882468 8458670))
28352;POLYGON((2199674 8510196,2255798 8506634,2252031 8449345,2196039 8453033,2199674 8510196))
28353;POLYGON((1534488 8543440,1589426 8541316,1587160 8485255,1532340 8487455,1534488 8543440))
28354;POLYGON((879758 8560252,934084 8559451,933196 8504035,878982 8504865,879758 8560252))
28355;POLYGON((228818 8561532,283077 8562012,283520 8506687,229372 8506191,228818 8561532))
28356;POLYGON((-424824 8547348,-370091 8549134,-368294 8493351,-422911 8491502,-424824 8547348))
28357;POLYGON((-1087789 8516943,-1032018 8520131,-1028770 8463319,-1084413 8460019,-1087789 8516943))
28358;POLYGON((-1767120 8468639,-1709700 8473408,-1704819 8414950,-1762092 8410013,-1767120 8468639))
3113;POLYGON((-875185 1745192,-820431 1746978,-818633 1691174,-873271 1689324,-875185 1745192))
3111;POLYGON((2441144 5233300,2500000 5233454,2500000 5173533,2441459 5173380,2441144 5233300))
3107;POLYGON((2082000 4089021,2138789 4083882,2133421 4026059,2076900 4031174,2082000 4089021))
3308;POLYGON((9012568 6782564,9070046 6783802,9071167 6725266,9013969 6724034,9012568 6782564))
3112;POLYGON((1157248 -1562912,1212217 -1567625,1207304 -1623616,1152557 -1618922,1157248 -1562912))
3577;POLYGON((1375352 -1440308,1430180 -1445798,1424643 -1500020,1370028 -1494551,1375352 -1440308))
