4326;POLYGON((144.5 -35.75,145.0 -35.75,145.0 -36.25,144.5 -36.25,144.5 -35.75))
28348;POLYGON((4146756 5233612,4194384 5210434,4165584 5152192,4118477 5175393,4146756 5233612))
28349;POLYGON((3577795 5480287,3625001 5461838,3602044 5404015,3555286 5422509,3577795 5480287))
28350;POLYGON((3014667 5674542,3061352 5660181,3043450 5602947,2997156 5617359,3014667 5674542))
28351;POLYGON((2457831 5823091,2504002 5812324,2490547 5755694,2444724 5766509,2457831 5823091))
28352;POLYGON((1906731 5930998,1952463 5923461,1943005 5867356,1897590 5874932,1906731 5930998))
28353;POLYGON((1360157 6001892,1405569 5997332,1399794 5941616,1354678 5946200,1360157 6001892))
28354;POLYGON((816502 6038127,861738 6036395,859457 5980895,814507 5982638,816502 6038127))
28355;POLYGON((273948 6040897,319165 6041935,320304 5986467,275372 5985423,273948 6040897))
28356;POLYGON((-269392 6010292,-224038 6014134,-219442 5958510,-264503 5954646,-269392 6010292))
28357;POLYGON((-815360 5945305,-769721 5952079,-761518 5896121,-806847 5889313,-815360 5945305))
28358;POLYGON((-1365609 5843783,-1319556 5853713,-1307477 5797271,-1353190 5787295,-1365609 5843783))
3113;POLYGON((-719692 -792853,-674320 -789009,-669723 -844655,-714802 -848520,-719692 -792853))
3111;POLYGON((2454772 2638578,2500000 2638697,2500000 2583217,2455064 2583099,2454772 2638578))
3107;POLYGON((1857887 1547021,1902913 1542947,1897785 1487705,1853014 1491756,1857887 1547021))
3308;POLYGON((9073903 4220141,9119116 4221115,9120178 4165634,9075230 4164666,9073903 4220141))
3112;POLYGON((947931 -4062323,992958 -4066184,988108 -4121451,943301 -4117609,947931 -4062323))
3577;POLYGON((1127959 -3960704,1172925 -3965206,1167289 -4020399,1122539 -4015918,1127959 -3960704))
