4326;POLYGON((144.0 -18.25,144.5 -18.25,144.5 -18.75,144.0 -18.75,144.0 -18.25))
28348;POLYGON((4899714 7453416,4963893 7436990,4946304 7369783,4882518 7386541,4899714 7453416))
28349;POLYGON((4152885 7623915,4213598 7611433,4200221 7547831,4139815 7560578,4152885 7623915))
28350;POLYGON((3442742 7752756,3500728 7743392,3490681 7682641,3432942 7692211,3442742 7752756))
28351;POLYGON((2761039 7848084,2816944 7841271,2809618 7782704,2753919 7789672,2761039 7848084))
28352;POLYGON((2100504 7915457,2154903 7910810,2149887 7853831,2095666 7858585,2100504 7915457))
28353;POLYGON((1454590 7958537,1508008 7955813,1505037 7899876,1451782 7902664,1454590 7958537))
28354;POLYGON((817254 7979552,870179 7978611,869104 7923207,816333 7924170,817254 7979552))
28355;POLYGON((182745 7979552,235651 7980348,236418 7924984,183666 7924170,182745 7979552))
28356;POLYGON((-454590 7958537,-401232 7961110,-398585 7905296,-451782 7902664,-454590 7958537))
28357;POLYGON((-1100504 7915457,-1046205 7919935,-1041545 7863166,-1095666 7858585,-1100504 7915457))
28358;POLYGON((-1761039 7848084,-1705280 7854705,-1698363 7796443,-1753919 7789672,-1761039 7848084))
3113;POLYGON((-904963 1156152,-851584 1158725,-848936 1102890,-902153 1100257,-904963 1156152))
3111;POLYGON((2388805 4612719,2444401 4613157,2444707 4555043,2389415 4554608,2388805 4612719))
3107;POLYGON((1975025 3493152,2029057 3488514,2024077 3432029,1970306 3436644,1975025 3493152))
3308;POLYGON((8972534 6174002,9027100 6175439,9028466 6118385,8974173 6116956,8972534 6174002))
3112;POLYGON((1055733 -2141888,1108400 -2146193,1103787 -2201271,1051340 -2196984,1055733 -2141888))
3577;POLYGON((1266395 -2009385,1318997 -2014445,1313584 -2069591,1261198 -2064553,1266395 -2009385))
