4326;POLYGON((144.25 -17.0,144.75 -17.0,144.75 -17.5,144.25 -17.5,144.25 -17.0))
28348;POLYGON((4973476 7613789,5038779 7598049,5022021 7530119,4957097 7546214,4973476 7613789))
28349;POLYGON((4214867 7776963,4276454 7765029,4263740 7700948,4202445 7713164,4214867 7776963))
28350;POLYGON((3495436 7900062,3554119 7891119,3544581 7830060,3486132 7839221,3495436 7900062))
28351;POLYGON((2806225 7991108,2862701 7984598,2855744 7925842,2799463 7932515,2806225 7991108))
28352;POLYGON((2139450 8055550,2194331 8051098,2189555 7994013,2134842 7998578,2139450 8055550))
28353;POLYGON((1488185 8096976,1542022 8094342,1539169 8038358,1485484 8041060,1488185 8096976))
28354;POLYGON((846095 8117572,899400 8116619,898323 8061207,845162 8062185,846095 8117572))
28355;POLYGON((207187 8118389,260451 8119069,261096 8063720,207975 8063022,207187 8118389))
28356;POLYGON((-434412 8099467,-380698 8101814,-378299 8046022,-431862 8043614,-434412 8099467))
28357;POLYGON((-1084676 8059842,-1030005 8063978,-1025729 8007220,-1080235 8002980,-1084676 8059842))
28358;POLYGON((-1749904 7997434,-1693734 8003579,-1687353 7945297,-1743334 7938999,-1749904 7997434))
3113;POLYGON((-884776 1297136,-831042 1299484,-828641 1243670,-882226 1241262,-884776 1297136))
3111;POLYGON((2415453 4758925,2471817 4759221,2471971 4700722,2415914 4700428,2415453 4758925))
3107;POLYGON((2014209 3632592,2068886 3627771,2063749 3571017,2009335 3575814,2014209 3632592))
3308;POLYGON((8996047 6317911,9051302 6319234,9052537 6261870,8997557 6260554,8996047 6317911))
3112;POLYGON((1093352 -2005985,1146559 -2010441,1141821 -2065690,1088834 -2061252,1093352 -2005985))
3577;POLYGON((1305930 -1874315,1359060 -1879530,1353558 -1934482,1300643 -1929288,1305930 -1874315))
