4326;POLYGON((145.25 -29.25,145.75 -29.25,145.75 -29.75,145.25 -29.75,145.25 -29.25))
28348;POLYGON((4574642 5981323,4629180 5958539,4602796 5896518,4548778 5919437,4574642 5981323))
28349;POLYGON((3930100 6221564,3983130 6203734,3962457 6143321,3909856 6161283,3930100 6221564))
28350;POLYGON((3302752 6408111,3354426 6394389,3338492 6335473,3287178 6349312,3302752 6408111))
28351;POLYGON((2690335 6549583,2740866 6539349,2728957 6481717,2678736 6492045,2690335 6549583))
28352;POLYGON((2090034 6652219,2139671 6645032,2131277 6588412,2081915 6595670,2090034 6652219))
28353;POLYGON((1498730 6720365,1547741 6715926,1542514 6660022,1493756 6664507,1498730 6720365))
28354;POLYGON((913149 6756820,961810 6754948,959539 6699450,911118 6701341,913149 6756820))
28355;POLYGON((329947 6763046,378539 6763668,379134 6708261,330781 6707633,329947 6763046))
28356;POLYGON((-254233 6739294,-205432 6742433,-201947 6686803,-250503 6683631,-254233 6739294))
28357;POLYGON((-842750 6684612,-793460 6690395,-786946 6634230,-835974 6628388,-842750 6684612))
28358;POLYGON((-1438911 6596779,-1388860 6605444,-1379053 6548437,-1428813 6539689,-1438911 6596779))
3113;POLYGON((-704528 -63567,-655707 -60426,-652221 -116078,-700796 -119251,-704528 -63567))
3111;POLYGON((2524513 3361927,2573538 3361670,2573098 3305796,2524366 3306052,2524513 3361927))
3107;POLYGON((1993581 2257083,2041892 2252372,2036394 2197305,1988338 2201990,1993581 2257083))
3308;POLYGON((9129653 4942006,9178321 4942705,9178985 4887222,9130583 4886527,9129653 4942006))
3112;POLYGON((1079439 -3355464,1127277 -3359854,1122162 -3414405,1074540 -3410035,1079439 -3355464))
3577;POLYGON((1270588 -3245170,1318353 -3250236,1312330 -3305981,1264784 -3300938,1270588 -3245170))
