4326;POLYGON((145.5 -17.75,146.0 -17.75,146.0 -18.25,145.5 -18.25,145.5 -17.75))
28348;POLYGON((5111218 7471126,5176805 7453905,5158409 7385420,5093235 7403001,5111218 7471126))
28349;POLYGON((4349480 7649880,4411305 7636789,4397312 7572205,4335806 7585584,4349480 7649880))
28350;POLYGON((3627601 7785221,3686459 7775364,3675912 7713873,3617308 7723955,3627601 7785221))
28351;POLYGON((2936761 7885990,2993339 7878750,2985579 7819644,2929210 7827053,2936761 7885990))
28352;POLYGON((2269262 7958235,2324167 7953194,2318746 7895846,2264021 7901007,2269262 7958235))
28353;POLYGON((1618247 8005983,1672025 8002869,1668651 7946713,1615035 7949901,1618247 8005983))
28354;POLYGON((977450 8031748,1030606 8030402,1029105 7974912,976102 7976291,977450 8031748))
28355;POLYGON((340968 8036838,393984 8037191,394283 7981866,341416 7981504,340968 8036838))
28356;POLYGON((-296947 8021506,-243592 8023575,-241480 7967920,-294680 7965800,-296947 8021506))
28357;POLYGON((-942097 7984983,-887913 7988873,-883881 7932380,-937897 7928395,-942097 7984983))
28358;POLYGON((-1600539 7925386,-1545006 7931302,-1538844 7873433,-1594187 7867377,-1600539 7925386))
3113;POLYGON((-747258 1219145,-693882 1221215,-691769 1165538,-744990 1163417,-747258 1219145))
3111;POLYGON((2555904 4671422,2611806 4670981,2611194 4612719,2555598 4613157,2555904 4671422))
3107;POLYGON((2142567 3535034,2196791 3529620,2191016 3473101,2137054 3478488,2142567 3535034))
3308;POLYGON((9135429 6234712,9190284 6235369,9190831 6178182,9136250 6177529,9135429 6234712))
3112;POLYGON((1218737 -2100323,1271568 -2105277,1266292 -2160365,1213680 -2155432,1218737 -2100323))
3577;POLYGON((1429975 -1970149,1482729 -1975849,1476676 -2030857,1424138 -2025180,1429975 -1970149))
