4326;POLYGON((145.25 -24.75,145.75 -24.75,145.75 -25.25,145.25 -25.25,145.25 -24.75))
28348;POLYGON((4793849 6550841,4852945 6529698,4829374 6465095,4770770 6486459,4793849 6550841))
28349;POLYGON((4100516 6772281,4157237 6755939,4139001 6693842,4082674 6710377,4100516 6772281))
28350;POLYGON((3433161 6942359,3487896 6929903,3473978 6869944,3419566 6882560,3433161 6942359))
28351;POLYGON((2787073 7070275,2840217 7061053,2829890 7002826,2777021 7012174,2787073 7070275))
28352;POLYGON((2157563 7162515,2209502 7156072,2202260 7099164,2150561 7105699,2157563 7162515))
28353;POLYGON((1540030 7223505,1591144 7219538,1586650 7163541,1535754 7167565,1540030 7223505))
28354;POLYGON((929987 7256049,980646 7254379,978697 7198892,928245 7200586,929987 7256049))
28355;POLYGON((323034 7261602,373602 7262156,374112 7206783,323749 7206221,323034 7261602))
28356;POLYGON((-285189 7240410,-234349 7243212,-231357 7187561,-281986 7184717,-285189 7240410))
28357;POLYGON((-899062 7191531,-847582 7196707,-841975 7140380,-893227 7135129,-899062 7191531))
28358;POLYGON((-1523029 7112749,-1470536 7120536,-1462059 7063129,-1514297 7055234,-1523029 7112749))
3113;POLYGON((-735496 437744,-684636 440547,-681642 384874,-732291 382029,-735496 437744))
3111;POLYGON((2525841 3867933,2577524 3867662,2577079 3811113,2525693 3811383,2525841 3867933))
3107;POLYGON((2040894 2754247,2091505 2749312,2085976 2693929,2035621 2698838,2040894 2754247))
3308;POLYGON((9121258 5443110,9172324 5443843,9172993 5387953,9122194 5387224,9121258 5443110))
3112;POLYGON((1123480 -2864803,1173270 -2869372,1168159 -2923878,1118586 -2919329,1123480 -2864803))
3577;POLYGON((1322835 -2743220,1372564 -2748494,1366545 -2804196,1317034 -2798945,1322835 -2743220))
