4326;POLYGON((145.5 -40.25,146.0 -40.25,146.0 -40.75,145.5 -40.75,145.5 -40.25))
28348;POLYGON((3970986 4672363,4013869 4648450,3982311 4592690,3939956 4616552,3970986 4672363))
28349;POLYGON((3454590 4929067,3497702 4909723,3472136 4853573,3429491 4872903,3454590 4929067))
28350;POLYGON((2937162 5134364,2980261 5119077,2960020 5062892,2917340 5078186,2937162 5134364))
28351;POLYGON((2420783 5293774,2463747 5282128,2448292 5226086,2405706 5237748,2420783 5293774))
28352;POLYGON((1906320 5411653,1949113 5403329,1938024 5347490,1895579 5355830,1906320 5411653))
28353;POLYGON((1393814 5491251,1436457 5486020,1429431 5430366,1387116 5435610,1393814 5491251))
28354;POLYGON((882779 5534771,925327 5532486,922172 5476953,879941 5479244,882779 5534771))
28355;POLYGON((372426 5543415,414951 5544015,415580 5488513,373370 5487912,372426 5543415))
28356;POLYGON((-138157 5517423,-95578 5520923,-91147 5465359,-133405 5461849,-138157 5517423))
28357;POLYGON((-649843 5456076,-607142 5462573,-598788 5406863,-641153 5400350,-649843 5456076))
28358;POLYGON((-1163294 5357676,-1120429 5367351,-1107924 5311443,-1150429 5301751,-1163294 5357676))
3113;POLYGON((-588406 -1285914,-545810 -1282413,-541377 -1337999,-583653 -1341510,-588406 -1285914))
3111;POLYGON((2542603 2138970,2585205 2138635,2584621 2083019,2542311 2083353,2542603 2138970))
3107;POLYGON((1899285 1039847,1941963 1035586,1936269 979859,1893849 984095,1899285 1039847))
3308;POLYGON((9171525 3721039,9214348 3721551,9214884 3665627,9172328 3665118,9171525 3721039))
3112;POLYGON((992021 -4570943,1035024 -4574975,1029643 -4631152,986864 -4627140,992021 -4570943))
3577;POLYGON((1165565 -4463042,1208564 -4467688,1202599 -4521906,1159812 -4517283,1165565 -4463042))
