4326;POLYGON((145.5 -10.5,146.0 -10.5,146.0 -11.0,145.5 -11.0,145.5 -10.5))
28348;POLYGON((5321402 8482872,5391950 8471808,5380382 8400293,5310107 8411833,5321402 8482872))
28349;POLYGON((4508219 8596925,4573828 8588621,4565143 8522171,4499740 8530838,4508219 8596925))
28350;POLYGON((3746462 8682316,3808300 8676125,3801819 8613527,3740142 8619992,3746462 8682316))
28351;POLYGON((3023617 8745360,3082632 8740846,3077899 8681129,3019015 8685845,3023617 8745360))
28352;POLYGON((2329387 8790285,2386368 8787158,2383079 8729518,2326209 8732786,2329387 8790285))
28353;POLYGON((1655039 8819855,1710668 8817930,1708629 8761678,1653097 8763690,1655039 8819855))
28354;POLYGON((992883 8835772,1047772 8834941,1046867 8779458,992069 8780327,992883 8835772))
28355;POLYGON((335846 8838913,390570 8839130,390750 8783838,336116 8783611,335846 8838913))
28356;POLYGON((-322889 8829448,-267763 8830726,-266488 8775053,-321521 8773717,-322889 8829448))
28357;POLYGON((-990228 8806861,-934113 8809270,-931673 8752627,-987686 8750110,-990228 8806861))
28358;POLYGON((-1673501 8769886,-1615761 8773563,-1612018 8715312,-1669640 8711470,-1673501 8769886))
3113;POLYGON((-773210 2027402,-718063 2028680,-716787 1972986,-771841 1971649,-773210 2027402))
3111;POLYGON((2560444 5535984,2620888 5535508,2620247 5474545,2560124 5475019,2560444 5535984))
3107;POLYGON((2223966 4369886,2282053 4364086,2276066 4305494,2218250 4311267,2223966 4369886))
3308;POLYGON((9123290 7080059,9182191 7080764,9182760 7021340,9124143 7020639,9123290 7080059))
3112;POLYGON((1293012 -1290919,1349062 -1296175,1343645 -1352734,1287820 -1347499,1293012 -1290919))
3577;POLYGON((1513559 -1182107,1569396 -1188140,1563495 -1241774,1507868 -1235763,1513559 -1182107))
