4326;POLYGON((144.75 -19.0,145.25 -19.0,145.25 -19.5,144.75 -19.5,144.75 -19.0))
28348;POLYGON((4969268 7327660,5033326 7310160,5014516 7242803,4950876 7260631,4969268 7327660))
28349;POLYGON((4223631 7509531,4284258 7496200,4269919 7432414,4209617 7446008,4223631 7509531))
28350;POLYGON((3514444 7647370,3572351 7637333,3561543 7576397,3503897 7586641,3514444 7647370))
28351;POLYGON((2833737 7749840,2889553 7742492,2881624 7683760,2826027 7691264,2833737 7749840))
28352;POLYGON((2174434 7822880,2228718 7817810,2223228 7760697,2169132 7765878,2174434 7822880))
28353;POLYGON((1530132 7870440,1583398 7867382,1580057 7811353,1526961 7814479,1530132 7870440))
28354;POLYGON((894910 7894960,947637 7893760,946279 7838314,893713 7839541,894910 7894960))
28355;POLYGON((263139 7897657,315789 7898256,316347 7842910,263856 7842298,263139 7897657))
28356;POLYGON((-370699 7878663,-317665 7881090,-315164 7825364,-368032 7822884,-370699 7878663))
28357;POLYGON((-1012190 7837040,-958300 7841416,-953733 7784818,-1007442 7780347,-1012190 7837040))
28358;POLYGON((-1667165 7770675,-1611920 7777226,-1605051 7719237,-1660090 7712545,-1667165 7770675))
3113;POLYGON((-821039 1076246,-767984 1078674,-765482 1022926,-818371 1020445,-821039 1076246))
3111;POLYGON((2472429 4526150,2527570 4526150,2527418 4468252,2472581 4468252,2472429 4526150))
3107;POLYGON((2048402 3401431,2102009 3396455,2096652 3340161,2043306 3345114,2048402 3401431))
3308;POLYGON((9056229 6090518,9110394 6091555,9111347 6034665,9057454 6033633,9056229 6090518))
3112;POLYGON((1127646 -2231003,1179957 -2235594,1175025 -2290548,1122932 -2285976,1127646 -2231003))
3577;POLYGON((1337006 -2099781,1389253 -2105116,1383506 -2160330,1331475 -2155018,1337006 -2099781))
