4326;POLYGON((145.25 -23.0,145.75 -23.0,145.75 -23.5,145.25 -23.5,145.25 -23.0))
28348;POLYGON((4871909 6778303,4932692 6758011,4910353 6692433,4850046 6712980,4871909 6778303))
28349;POLYGON((4160690 6990302,4218753 6974690,4201550 6911968,4143864 6927797,4160690 6990302))
28350;POLYGON((3478909 7152482,3534741 7140624,3521657 7080283,3466133 7092318,3478909 7152482))
28351;POLYGON((2820845 7274091,2874913 7265333,2865231 7206891,2811422 7215786,2820845 7274091))
28352;POLYGON((2181056 7361590,2233802 7355483,2227026 7298472,2174505 7304678,2181056 7361590))
28353;POLYGON((1554366 7419359,1606212 7415604,1602012 7359573,1550370 7363390,1554366 7419359))
28354;POLYGON((935826 7450156,987177 7448577,985357 7393093,934199 7394699,935826 7450156))
28355;POLYGON((320637 7455409,371890 7455934,372367 7400573,321305 7400040,320637 7455409))
28356;POLYGON((-295928 7435359,-244380 7438011,-241584 7382351,-292936 7379655,-295928 7435359))
28357;POLYGON((-918632 7389082,-866387 7393985,-861145 7337599,-913176 7332617,-918632 7389082))
28358;POLYGON((-1552348 7314402,-1498996 7321788,-1491058 7264236,-1544170 7256732,-1552348 7314402))
3113;POLYGON((-746239 632769,-694670 635422,-691874 579741,-743245 577044,-746239 632769))
3111;POLYGON((2526363 4066635,2579090 4066358,2578641 4009458,2526214 4009733,2526363 4066635))
3107;POLYGON((2059393 2948638,2110904 2943616,2105353 2888021,2054100 2893018,2059393 2948638))
3308;POLYGON((9117972 5639256,9169977 5640003,9170648 5583865,9118912 5583122,9117972 5639256))
3112;POLYGON((1140623 -2673812,1191173 -2678451,1186055 -2733030,1135722 -2728411,1140623 -2673812))
3577;POLYGON((1343113 -2548403,1393604 -2553758,1387597 -2609356,1337323 -2604024,1343113 -2548403))
