4326;POLYGON((145.25 -35.5,145.75 -35.5,145.75 -36.0,145.25 -36.0,145.25 -35.5))
28348;POLYGON((4232661 5227915,4280594 5204106,4251105 5145692,4203703 5169525,4232661 5227915))
28349;POLYGON((3660134 5481469,3707629 5462492,3684091 5404507,3637053 5423531,3660134 5481469))
28350;POLYGON((3093694 5681556,3140644 5666741,3122238 5609367,3075684 5624236,3093694 5681556))
28351;POLYGON((2533862 5835187,2580270 5824019,2566362 5767280,2520306 5778499,2533862 5835187))
28352;POLYGON((1980109 5947670,2026049 5939766,2016168 5883584,1970546 5891529,1980109 5947670))
28353;POLYGON((1431219 6022831,1476812 6017924,1470626 5962161,1425330 5967096,1431219 6022831))
28354;POLYGON((885561 6063193,930954 6061119,928258 6005603,883151 6007689,885561 6063193))
28355;POLYGON((341278 6070098,386630 6070788,387337 6015329,342269 6014635,341278 6070098))
28356;POLYGON((-203572 6043775,-158098 6047252,-153966 5991655,-199149 5988159,-203572 6043775))
28357;POLYGON((-750900 5983350,-705151 5989729,-697457 5933812,-742900 5927398,-750900 5983350))
28358;POLYGON((-1302451 5886805,-1256289 5896301,-1244778 5839901,-1290606 5830359,-1302451 5886805))
3113;POLYGON((-653846 -759357,-608355 -755879,-604221 -811497,-649422 -814995,-653846 -759357))
3111;POLYGON((2522686 2666409,2568059 2666171,2567622 2610690,2522540 2610927,2522686 2666409))
3107;POLYGON((1928046 1568432,1973170 1564033,1967660 1508846,1922791 1513221,1928046 1568432))
3308;POLYGON((9141259 4249252,9186611 4249904,9187275 4194430,9142189 4193783,9141259 4249252))
3112;POLYGON((1017943 -4040583,1063056 -4044723,1057880 -4099920,1012987 -4095800,1017943 -4040583))
3577;POLYGON((1198275 -3939904,1243322 -3944682,1237358 -3999879,1192528 -3995124,1198275 -3939904))
