4326;POLYGON((145.5 -41.5,146.0 -41.5,146.0 -42.0,145.5 -42.0,145.5 -41.5))
28348;POLYGON((3893102 4533329,3934667 4509557,3902707 4454471,3861665 4478173,3893102 4533329))
28349;POLYGON((3391524 4789007,3433467 4769708,3407479 4714037,3366005 4733307,3391524 4789007))
28350;POLYGON((2887311 4994149,2929362 4978853,2908727 4922985,2867098 4938276,2887311 4994149))
28351;POLYGON((2382840 5153845,2424855 5142166,2409063 5086315,2367432 5098000,2382840 5153845))
28352;POLYGON((1879276 5272164,1921193 5263803,1909843 5208061,1868282 5216432,1879276 5272164))
28353;POLYGON((1376944 5352171,1418761 5346909,1411561 5291288,1370080 5296558,1376944 5352171))
28354;POLYGON((875630 5395950,917378 5393652,914143 5338116,872719 5340419,875630 5395950))
28355;POLYGON((374804 5404649,416536 5405253,417181 5349740,375772 5349135,374804 5404649))
28356;POLYGON((-126188 5378495,-84416 5382017,-79874 5326458,-121316 5322930,-126188 5378495))
28357;POLYGON((-627960 5316804,-586104 5323335,-577546 5267676,-619059 5261134,-627960 5316804))
28358;POLYGON((-1130909 5217962,-1088948 5227674,-1076155 5171890,-1117750 5162168,-1130909 5217962))
3113;POLYGON((-576432 -1424896,-534644 -1421373,-530100 -1476953,-571559 -1480483,-576432 -1424896))
3111;POLYGON((2541872 1999854,2583744 1999524,2583158 1943807,2541580 1944134,2541872 1999854))
3107;POLYGON((1885680 900309,1927713 896113,1921997 840169,1880223 844340,1885680 900309))
3308;POLYGON((9173534 3581100,9215688 3581605,9216225 3525492,9174340 3524991,9173534 3581100))
3112;POLYGON((979106 -4711685,1021549 -4715665,1016136 -4772182,973918 -4768223,979106 -4711685))
3577;POLYGON((1151209 -4598394,1193679 -4602983,1187751 -4656858,1145492 -4652292,1151209 -4598394))
