4326;POLYGON((144.75 -26.5,145.25 -26.5,145.25 -27.0,144.75 -27.0,144.75 -26.5))
28348;POLYGON((4654452 6348124,4711628 6326698,4687409 6263276,4630729 6284888,4654452 6348124))
28349;POLYGON((3981676 6573011,4036843 6556387,4018030 6495102,3963266 6511893,3981676 6573011))
28350;POLYGON((3331128 6746228,3384581 6733534,3370195 6674114,3317075 6686950,3331128 6746228))
28351;POLYGON((2699054 6876578,2751117 6867186,2740450 6809298,2688672 6818801,2699054 6876578))
28352;POLYGON((2081496 6970311,2132503 6963783,2125060 6907068,2074305 6913677,2081496 6970311))
28353;POLYGON((1474434 7031711,1524720 7027754,1520169 6971845,1470113 6975852,1474434 7031711))
28354;POLYGON((873850 7063478,923748 7061921,921893 7006452,872214 7008029,873850 7063478))
28355;POLYGON((275752 7066977,325595 7067753,326357 7012360,276731 7011573,275752 7066977))
28356;POLYGON((-323837 7042356,-273717 7045499,-270306 6989818,-320200 6986634,-323837 7042356))
28357;POLYGON((-928904 6988562,-878175 6994208,-871969 6937873,-922455 6932156,-928904 6988562))
28358;POLYGON((-1543460 6903247,-1491786 6911643,-1482513 6854288,-1533914 6845790,-1543460 6903247))
3113;POLYGON((-774158 239613,-724019 242757,-720606 187054,-770520 183869,-774158 239613))
3111;POLYGON((2474676 3670399,2525323 3670399,2525175 3614151,2474824 3614151,2474676 3670399))
3107;POLYGON((1972722 2565151,2022459 2560534,2017201 2505288,1967720 2509882,1972722 2565151))
3308;POLYGON((9074403 5246808,9124531 5247768,9125464 5192079,9075603 5191125,9074403 5246808))
3112;POLYGON((1057306 -3051297,1106354 -3055602,1101462 -3110105,1052630 -3105819,1057306 -3051297))
3577;POLYGON((1253540 -2933341,1302525 -2938342,1296719 -2994124,1247952 -2989145,1253540 -2933341))
