4326;POLYGON((144.75 -28.5,145.25 -28.5,145.25 -29.0,144.75 -29.0,144.75 -28.5))
28348;POLYGON((4557728 6096792,4612900 6074679,4587467 6012372,4532803 6034633,4557728 6096792))
28349;POLYGON((3906459 6329585,3959994 6312333,3940129 6251775,3887010 6269167,3906459 6329585))
28350;POLYGON((3273623 6509754,3325718 6496524,3310461 6437554,3258715 6450905,3273623 6509754))
28351;POLYGON((2656521 6645829,2707420 6636011,2696072 6578376,2645474 6588293,2656521 6645829))
28352;POLYGON((2052009 6743940,2101986 6737100,2094049 6680505,2044339 6687417,2052009 6743940))
28353;POLYGON((1456708 6808323,1506050 6804171,1501189 6748298,1452094 6752496,1456708 6808323))
28354;POLYGON((867137 6841669,916135 6840035,914152 6784558,865388 6786212,867137 6841669))
28355;POLYGON((279772 6845344,328721 6846159,329535 6790752,280820 6789927,279772 6845344))
28356;POLYGON((-308916 6819495,-259721 6822794,-256077 6767126,-305030 6763790,-308916 6819495))
28357;POLYGON((-902455 6763068,-852722 6768987,-846100 6712732,-895574 6706750,-902455 6763068))
28358;POLYGON((-1504342 6673721,-1453782 6682507,-1443905 6625343,-1494177 6616468,-1504342 6673721))
3113;POLYGON((-759231 16665,-710018 19965,-706372 -35723,-755345 -39060,-759231 16665))
3111;POLYGON((2475266 3445851,2524733 3445851,2524586 3389887,2475413 3389887,2475266 3445851))
3107;POLYGON((1952734 2344279,2001449 2339757,1996203 2284635,1947743 2289134,1952734 2344279))
3308;POLYGON((9079196 5024341,9128258 5025280,9129188 4969756,9080392 4968822,9079196 5024341))
3112;POLYGON((1038602 -3269419,1086782 -3273648,1081887 -3328187,1033923 -3323978,1038602 -3269419))
3577;POLYGON((1231186 -3156583,1279298 -3161496,1273491 -3217281,1225598 -3212390,1231186 -3156583))
