4326;POLYGON((145.25 -41.75,145.75 -41.75,145.75 -42.25,145.25 -42.25,145.25 -41.75))
28348;POLYGON((3856733 4517440,3898061 4493899,3866285 4438908,3825478 4462380,3856733 4517440))
28349;POLYGON((3357924 4770646,3399642 4751535,3373808 4695943,3332556 4715023,3357924 4770646))
28350;POLYGON((2856302 4973726,2898144 4958590,2877644 4902782,2836223 4917912,2856302 4973726))
28351;POLYGON((2354243 5131647,2396063 5120108,2380398 5064297,2338962 5075841,2354243 5131647))
28352;POLYGON((1852925 5248377,1894660 5240144,1883437 5184425,1842058 5192668,1852925 5248377))
28353;POLYGON((1352699 5326902,1394344 5321762,1387279 5266151,1345970 5271299,1352699 5326902))
28354;POLYGON((853386 5369244,894971 5367065,891883 5311530,850625 5313713,853386 5369244))
28355;POLYGON((354500 5376500,396072 5377225,396883 5321709,355635 5320983,354500 5376500))
28356;POLYGON((-144564 5348858,-102954 5352506,-98224 5296945,-139503 5293291,-144564 5348858))
28357;POLYGON((-644365 5285601,-602677 5292267,-593907 5236613,-635250 5229938,-644365 5285601))
28358;POLYGON((-1145235 5185097,-1103454 5194951,-1090421 5139189,-1131833 5129326,-1145235 5185097))
3113;POLYGON((-594815 -1454545,-553189 -1450896,-548457 -1506478,-589753 -1510133,-594815 -1454545))
3111;POLYGON((2520863 1972082,2562589 1971863,2562150 1916120,2520716 1916338,2520863 1972082))
3107;POLYGON((1861994 874355,1903907 870268,1898315 814264,1856662 818326,1861994 874355))
3308;POLYGON((9152929 3552729,9194946 3553332,9195618 3497180,9153869 3496580,9152929 3552729))
3112;POLYGON((955342 -4738015,997681 -4741900,992373 -4798500,950260 -4794635,955342 -4738015))
3577;POLYGON((1127160 -4623135,1169533 -4627629,1163719 -4681442,1121556 -4676970,1127160 -4623135))
