4326;POLYGON((145.0 -8.5,145.5 -8.5,145.5 -9.0,145.0 -9.0,145.0 -8.5))
28348;POLYGON((5290535 8777409,5361574 8768529,5352290 8696903,5281473 8706272,5290535 8777409))
28349;POLYGON((4472357 8868825,4538330 8862177,4531378 8795736,4465571 8802754,4472357 8868825))
28350;POLYGON((3706748 8937081,3768878 8932140,3763706 8869609,3701706 8874828,3706748 8937081))
28351;POLYGON((2980656 8987297,3039927 8983709,3036166 8924082,2977000 8927872,2980656 8987297))
28352;POLYGON((2283414 9022881,2340644 9020414,2338049 8962863,2280908 8965470,2283414 9022881))
28353;POLYGON((1606025 9046049,1661914 9044555,1660330 8988374,1604520 8989953,1606025 9046049))
28354;POLYGON((940587 9058149,995764 9057543,995100 9002101,939998 9002742,940587 9058149))
28355;POLYGON((279835 9059857,334890 9060106,335110 9004810,280129 9004547,279835 9059857))
28356;POLYGON((-383252 9051266,-327734 9052383,-326617 8996647,-382059 8995467,-383252 9051266))
28357;POLYGON((-1055820 9031901,-999229 9033949,-997154 8977166,-1053661 8975002,-1055820 9031901))
28358;POLYGON((-1745509 9000654,-1687179 9003752,-1684026 8945257,-1742258 8941984,-1745509 9000654))
3113;POLYGON((-833597 2249307,-778057 2250424,-776940 2194667,-832403 2193486,-833597 2249307))
3111;POLYGON((2500000 5782297,2561737 5782135,2561412 5720243,2500000 5720404,2500000 5782297))
3107;POLYGON((2187798 4611828,2247006 4606194,2241218 4546832,2182285 4552441,2187798 4611828))
3308;POLYGON((9059805 7318686,9119849 7319692,9120713 7259481,9060958 7258480,9059805 7318686))
3112;POLYGON((1256931 -1058091,1313908 -1063205,1308664 -1120352,1251914 -1115258,1256931 -1058091))
3577;POLYGON((1479501 -962776,1536197 -968677,1530557 -1021850,1474069 -1015970,1479501 -962776))
