4326;POLYGON((145.25 -40.25,145.75 -40.25,145.75 -40.75,145.25 -40.75,145.25 -40.25))
28348;POLYGON((3949533 4684169,3992432 4660457,3961138 4604671,3918765 4628333,3949533 4684169))
28349;POLYGON((3433032 4938605,3476147 4919439,3450815 4863282,3408165 4882435,3433032 4938605))
28350;POLYGON((2915616 5141889,2958710 5126761,2938679 5070579,2896001 5085715,2915616 5141889))
28351;POLYGON((2399306 5299488,2442264 5287987,2426998 5231953,2384417 5243470,2399306 5299488))
28352;POLYGON((1884928 5415715,1927715 5407524,1916800 5351693,1874361 5359901,1884928 5415715))
28353;POLYGON((1372496 5493773,1415134 5488667,1408272 5433020,1365962 5438139,1372496 5493773))
28354;POLYGON((861507 5535822,904053 5533659,901056 5478129,858827 5480298,861507 5535822))
28355;POLYGON((351162 5543025,393689 5543745,394475 5488243,352264 5487521,351162 5543025))
28356;POLYGON((-159450 5515581,-116867 5519204,-112275 5463635,-154537 5460003,-159450 5515581))
28357;POLYGON((-671198 5452731,-628491 5459356,-619970 5403638,-662340 5396998,-671198 5452731))
28358;POLYGON((-1184732 5352736,-1141860 5362548,-1129175 5306631,-1171686 5296802,-1184732 5352736))
3113;POLYGON((-609707 -1287757,-567107 -1284133,-562514 -1339723,-604793 -1343357,-609707 -1287757))
3111;POLYGON((2521301 2139054,2563904 2138831,2563466 2083214,2521155 2083436,2521301 2139054))
3107;POLYGON((1877938 1041903,1920627 1037741,1915062 982002,1872632 986139,1877938 1041903))
3308;POLYGON((9150114 3720706,9192936 3721321,9193605 3665398,9151051 3664787,9150114 3720706))
3112;POLYGON((970514 -4568991,1013524 -4572938,1008256 -4629125,965468 -4625198,970514 -4568991))
3577;POLYGON((1144059 -4460783,1187067 -4465344,1181208 -4519574,1138412 -4515035,1144059 -4460783))
