4326;POLYGON((144.75 -31.75,145.25 -31.75,145.25 -32.25,144.75 -32.25,144.75 -31.75))
28348;POLYGON((4390751 5697618,4442581 5674703,4415376 5614222,4364066 5637226,4390751 5697618))
28349;POLYGON((3775660 5940055,3826432 5922013,3804983 5862662,3754647 5880801,3775660 5940055))
28350;POLYGON((3173062 6129210,3222823 6115275,3206230 6057059,3156841 6071084,3173062 6129210))
28351;POLYGON((2581830 6272953,2630708 6262556,2618299 6205351,2569746 6215825,2581830 6272953))
28352;POLYGON((2000071 6377061,2048245 6369790,2039532 6313401,1991650 6320729,2000071 6377061))
28353;POLYGON((1425427 6445591,1473105 6441167,1467757 6385356,1420348 6389817,1425427 6445591))
28354;POLYGON((855279 6481150,902686 6479406,900501 6423917,853352 6425677,855279 6481150))
28355;POLYGON((286876 6485071,334244 6485942,335142 6430509,288030 6429631,286876 6485071))
28356;POLYGON((-282575 6457499,-235012 6461017,-230999 6405372,-278297 6401825,-282575 6457499))
28357;POLYGON((-855842 6397404,-807858 6403701,-800580 6347583,-848281 6341235,-855842 6397404))
28358;POLYGON((-1435588 6302511,-1386967 6311827,-1376148 6254989,-1424458 6245602,-1435588 6302511))
3113;POLYGON((-732880 -345471,-685299 -341952,-681284 -397618,-728600 -401167,-732880 -345471))
3111;POLYGON((2476219 3083060,2523780 3083060,2523634 3027418,2476365 3027418,2476219 3083060))
3107;POLYGON((1920319 1986095,1967377 1981727,1962137 1926667,1915334 1931011,1920319 1986095))
3308;POLYGON((9086960 4663910,9134297 4664817,9135225 4609420,9088153 4608519,9086960 4663910))
3112;POLYGON((1008152 -3624518,1054920 -3628623,1050006 -3683367,1003456 -3679282,1008152 -3624518))
3577;POLYGON((1194893 -3519031,1241587 -3523799,1235795 -3579439,1189319 -3574693,1194893 -3519031))
