4326;POLYGON((145.5 -42.0,146.0 -42.0,146.0 -42.5,145.5 -42.5,145.5 -42.0))
28348;POLYGON((3861665 4478173,3902707 4454471,3870593 4399649,3830073 4423276,3861665 4478173))
28349;POLYGON((3366005 4733307,3407479 4714037,3381329 4658555,3340324 4677791,3366005 4733307))
28350;POLYGON((2867098 4938276,2908727 4922985,2887940 4867244,2846733 4882526,2867098 4938276))
28351;POLYGON((2367432 5098000,2409063 5086315,2393139 5030540,2351895 5042228,2367432 5098000))
28352;POLYGON((1868282 5216432,1909843 5208061,1898390 5152357,1857187 5160736,1868282 5216432))
28353;POLYGON((1370080 5296558,1411561 5291288,1404293 5235680,1363151 5240958,1370080 5296558))
28354;POLYGON((872719 5340419,914143 5338116,910876 5282578,869781 5284885,872719 5340419))
28355;POLYGON((375772 5349135,417181 5349740,417833 5294222,376749 5293616,375772 5349135))
28356;POLYGON((-121316 5322930,-79874 5326458,-75287 5270902,-116398 5267369,-121316 5322930))
28357;POLYGON((-619059 5261134,-577546 5267676,-568909 5212036,-610076 5205487,-619059 5261134))
28358;POLYGON((-1117750 5162168,-1076155 5171890,-1063249 5116156,-1104475 5106428,-1117750 5162168))
3113;POLYGON((-571559 -1480483,-530100 -1476953,-525511 -1532531,-566639 -1536066,-571559 -1480483))
3111;POLYGON((2541580 1944134,2583158 1943807,2582573 1888040,2541287 1888366,2541580 1944134))
3107;POLYGON((1880223 844340,1921997 840169,1916271 784130,1874756 788274,1880223 844340))
3308;POLYGON((9174340 3524991,9216225 3525492,9216763 3469295,9175147 3468797,9174340 3524991))
3112;POLYGON((973918 -4768223,1016136 -4772182,1010709 -4828845,968716 -4824907,973918 -4768223))
3577;POLYGON((1145492 -4652292,1187751 -4656858,1181840 -4710584,1139791 -4706041,1145492 -4652292))
