4326;POLYGON((144.75 -29.75,145.25 -29.75,145.25 -30.25,144.75 -30.25,144.75 -29.75))
28348;POLYGON((4494880 5941904,4548778 5919437,4522634 5857832,4469250 5880424,4494880 5941904))
28349;POLYGON((3857368 6178872,3909856 6161283,3889363 6101186,3837299 6118898,3857368 6178872))
28350;POLYGON((3235964 6362837,3287178 6349312,3271396 6290628,3220540 6304263,3235964 6362837))
28351;POLYGON((2628597 6502104,2678736 6492045,2666973 6434573,2617143 6444722,2628597 6502104))
28352;POLYGON((2032614 6602687,2081915 6595670,2073676 6539152,2024651 6546236,2032614 6602687))
28353;POLYGON((1445036 6668770,1493756 6664507,1488706 6608657,1440241 6612963,1445036 6668770))
28354;POLYGON((862714 6703020,911118 6701341,909057 6645860,860896 6647557,862714 6703020))
28355;POLYGON((282422 6706795,330781 6707633,331628 6652216,283511 6651369,282422 6706795))
28356;POLYGON((-299088 6680243,-250503 6683631,-246715 6627972,-295050 6624550,-299088 6680243))
28357;POLYGON((-885052 6622314,-835974 6628388,-829096 6572184,-877906 6566052,-885052 6622314))
28358;POLYGON((-1478646 6530684,-1428813 6539689,-1418568 6482648,-1468104 6473561,-1478646 6530684))
3113;POLYGON((-749400 -122641,-700796 -119251,-697007 -174932,-745360 -178356,-749400 -122641))
3111;POLYGON((2475633 3306052,2524366 3306052,2524219 3250232,2475780 3250232,2475633 3306052))
3107;POLYGON((1940261 2206453,1988338 2201990,1983097 2146913,1935274 2151352,1940261 2206453))
3308;POLYGON((9082185 4885600,9130583 4886527,9131512 4831072,9083379 4830151,9082185 4885600))
3112;POLYGON((1026902 -3405854,1074540 -3410035,1069640 -3464632,1022219 -3460470,1026902 -3405854))
3577;POLYGON((1217217 -3296081,1264784 -3300938,1258980 -3356690,1211633 -3351855,1217217 -3296081))
