4326;POLYGON((145.5 -24.25,146.0 -24.25,146.0 -24.75,145.5 -24.75,145.5 -24.25))
28348;POLYGON((4846352 6605095,4906047 6583959,4882573 6518958,4823370 6540326,4846352 6605095))
28349;POLYGON((4146604 6826332,4203809 6810012,4185666 6747633,4128854 6764155,4146604 6826332))
28350;POLYGON((3474033 6996155,3529165 6983718,3515320 6923565,3460510 6936168,3474033 6996155))
28351;POLYGON((2823639 7123919,2877112 7114703,2866832 7056348,2813630 7065695,2823639 7123919))
28352;POLYGON((2190513 7216211,2242731 7209754,2235503 7152768,2183521 7159321,2190513 7216211))
28353;POLYGON((1569883 7277523,1621239 7273518,1616721 7217481,1565580 7221546,1569883 7277523))
28354;POLYGON((957124 7310711,1007998 7308975,1005984 7253475,955314 7255237,957124 7310711))
28355;POLYGON((347717 7317275,398482 7317730,398883 7262364,348319 7261902,347717 7317275))
28356;POLYGON((-262804 7297509,-211776 7300176,-208943 7244542,-259764 7241835,-262804 7297509))
28357;POLYGON((-878928 7250527,-827260 7255525,-821868 7199218,-873313 7194145,-878928 7250527))
28358;POLYGON((-1505219 7174176,-1452526 7181738,-1444327 7124343,-1496770 7116672,-1505219 7174176))
3113;POLYGON((-713102 494866,-662053 497533,-659219 441878,-710061 439169,-713102 494866))
3111;POLYGON((2551981 3924476,2603960 3924066,2603365 3867424,2551683 3867831,2551981 3924476))
3107;POLYGON((2071609 2807260,2122465 2802182,2116802 2746757,2066202 2751809,2071609 2807260))
3308;POLYGON((9145987 5499461,9197323 5500076,9197858 5444118,9146790 5443507,9145987 5499461))
3112;POLYGON((1153381 -2812531,1203379 -2817220,1198158 -2871731,1148377 -2867063,1153381 -2812531))
3577;POLYGON((1353608 -2690144,1403545 -2695539,1397420 -2751204,1347702 -2745833,1353608 -2690144))
