4326;POLYGON((144.75 -35.25,145.25 -35.25,145.25 -35.75,144.75 -35.75,144.75 -35.25))
28348;POLYGON((4198891 5280575,4247059 5257214,4218209 5198685,4170567 5222076,4198891 5280575))
28349;POLYGON((3623922 5529090,3671598 5510510,3648619 5452476,3601393 5471108,3623922 5529090))
28350;POLYGON((3055532 5724725,3102630 5710261,3084711 5652881,3038004 5667401,3055532 5724725))
28351;POLYGON((2494047 5874414,2540585 5863558,2527103 5806834,2480911 5817743,2494047 5874414))
28352;POLYGON((1938785 5983378,1984849 5975753,1975341 5919595,1929593 5927262,1938785 5983378))
28353;POLYGON((1388420 6055355,1434137 6050702,1428283 5994962,1382860 5999642,1388420 6055355))
28354;POLYGON((841231 6092782,886755 6090944,884360 6035442,839119 6037290,841231 6092782))
28355;POLYGON((295292 6096911,340788 6097828,341772 6042367,296558 6041445,295292 6096911))
28356;POLYGON((-251398 6067882,-205763 6071584,-201367 6015966,-246713 6012243,-251398 6067882))
28357;POLYGON((-800797 6004724,-754865 6011334,-746912 5955371,-792537 5948724,-800797 6004724))
28358;POLYGON((-1354691 5905304,-1308323 5915048,-1296545 5858575,-1342578 5848782,-1354691 5905304))
3113;POLYGON((-701691 -735240,-656038 -731537,-651641 -787176,-697004 -790901,-701691 -735240))
3111;POLYGON((2477240 2694153,2522759 2694153,2522613 2638667,2477386 2638667,2477240 2694153))
3107;POLYGON((1885399 1600228,1930671 1596025,1925419 1540831,1880402 1545010,1885399 1600228))
3308;POLYGON((9095314 4276107,9140795 4276978,9141724 4221521,9096509 4220655,9095314 4276107))
3112;POLYGON((975180 -4009035,1020418 -4013004,1015466 -4068182,970447 -4064231,975180 -4009035))
3577;POLYGON((1155979 -3907655,1201152 -3912267,1195401 -3967524,1150444 -3962933,1155979 -3907655))
