4326;POLYGON((145.5 -21.25,146.0 -21.25,146.0 -21.75,145.5 -21.75,145.5 -21.25))
28348;POLYGON((4976717 6999387,5039263 6979853,5018001 6913182,4955916 6933007,4976717 6999387))
28349;POLYGON((4246852 7203017,4306310 7188048,4290003 7124604,4230907 7139815,4246852 7203017))
28350;POLYGON((3550145 7358280,3607107 7346940,3594738 7286136,3538069 7297671,3550145 7358280))
28351;POLYGON((2879830 7474499,2934837 7466132,2925693 7407410,2870931 7415927,2879830 7474499))
28352;POLYGON((2229691 7558142,2283242 7552297,2276834 7495134,2223494 7501086,2229691 7558142))
28353;POLYGON((1593969 7613568,1646529 7609950,1642532 7553854,1590163 7557539,1593969 7613568))
28354;POLYGON((967253 7643523,1019263 7641957,1017483 7586462,965653 7588058,967253 7643523))
28355;POLYGON((344354 7649445,396241 7649855,396595 7594509,344885 7594091,344354 7649445))
28356;POLYGON((-279813 7631611,-227627 7634018,-225122 7578373,-277126 7575921,-279813 7631611))
28357;POLYGON((-910373 7589177,-857455 7593694,-852682 7537295,-905402 7532694,-910373 7589177))
28358;POLYGON((-1552608 7520077,-1498509 7526929,-1491232 7469302,-1545108 7462326,-1552608 7520077))
3113;POLYGON((-730118 829098,-677910 831505,-675405 775839,-727429 773386,-730118 829098))
3111;POLYGON((2553777 4266575,2607554 4266152,2606952 4208851,2553476 4209272,2553777 4266575))
3107;POLYGON((2104184 3141360,2156586 3136128,2150880 3080284,2098736 3085490,2104184 3141360))
3308;POLYGON((9141143 5836794,9194093 5837427,9194633 5780990,9141953 5780360,9141143 5836794))
3112;POLYGON((1183457 -2484780,1234759 -2489591,1229521 -2544283,1178437 -2539493,1183457 -2484780))
3577;POLYGON((1388970 -2356748,1440211 -2362284,1434112 -2417721,1383088 -2412208,1388970 -2356748))
