4326;POLYGON((145.5 -42.75,146.0 -42.75,146.0 -43.25,145.5 -43.25,145.5 -42.75))
28348;POLYGON((3814220 4395924,3854479 4372338,3822143 4317910,3782404 4341411,3814220 4395924))
28349;POLYGON((3327423 4650102,3368194 4630885,3341806 4575686,3301503 4594860,3327423 4650102))
28350;POLYGON((2836494 4854696,2877489 4839421,2856476 4783868,2815906 4799127,2836494 4854696))
28351;POLYGON((2344077 5014369,2385128 5002681,2369009 4947020,2328348 4958706,2344077 5014369))
28352;POLYGON((1851603 5132901,1892626 5124519,1881021 5068873,1840360 5077259,1851603 5132901))
28353;POLYGON((1359662 5213162,1400633 5207881,1393264 5152293,1352636 5157578,1359662 5213162))
28354;POLYGON((868301 5257118,909231 5254809,905917 5199270,865320 5201582,868301 5257118))
28355;POLYGON((377241 5265855,418161 5266461,418822 5210937,378233 5210330,377241 5265855))
28356;POLYGON((-113921 5239589,-72977 5243125,-68325 5187573,-108933 5184033,-113921 5239589))
28357;POLYGON((-605553 5177671,-564560 5184224,-555804 5128616,-596446 5122058,-605553 5177671))
28358;POLYGON((-1097794 5078577,-1056754 5088308,-1043681 5032649,-1084349 5022916,-1097794 5078577))
3113;POLYGON((-564161 -1563856,-523201 -1560319,-518547 -1615893,-559171 -1619434,-564161 -1563856))
3111;POLYGON((2541140 1860462,2582279 1860138,2581693 1804289,2540847 1804611,2541140 1860462))
3107;POLYGON((1872020 760204,1913404 756072,1907662 699879,1866538 703985,1872020 760204))
3308;POLYGON((9175551 3440667,9217032 3441163,9217572 3384831,9176360 3384337,9175551 3440667))
3112;POLYGON((966110 -4853306,1007990 -4857233,1002541 -4914126,960887 -4910220,966110 -4853306))
3577;POLYGON((1136947 -4732858,1178891 -4737390,1173005 -4790882,1131271 -4786372,1136947 -4732858))
