4326;POLYGON((145.25 -38.0,145.75 -38.0,145.75 -38.5,145.25 -38.5,145.25 -38.0))
28348;POLYGON((4085811 4938699,4131087 4914854,4100593 4857841,4055847 4881670,4085811 4938699))
28349;POLYGON((3542736 5193652,3587937 5174505,3563415 5117488,3518676 5136650,3542736 5193652))
28350;POLYGON((3001881 5396162,3046825 5381128,3027536 5324382,2983000 5339446,3001881 5396162))
28351;POLYGON((2464629 5552446,2509251 5541062,2494611 5484693,2450354 5496110,2464629 5552446))
28352;POLYGON((1931208 5667307,1975523 5659224,1965086 5603225,1921106 5611337,1931208 5667307))
28353;POLYGON((1401079 5744261,1445153 5739232,1438605 5683529,1394845 5688579,1401079 5744261))
28354;POLYGON((873222 5785654,917153 5783525,914297 5728002,870668 5730139,873222 5785654))
28355;POLYGON((346348 5792740,390251 5793447,391000 5737966,347398 5737255,346348 5792740))
28356;POLYGON((-180932 5765734,-136942 5769299,-132565 5713717,-176247 5710137,-180932 5765734))
28357;POLYGON((-709971 5703818,-665787 5710349,-657650 5654536,-701511 5647980,-709971 5703818))
28358;POLYGON((-1241922 5605109,-1197459 5614806,-1185317 5558659,-1229431 5548932,-1241922 5605109))
3113;POLYGON((-631198 -1037507,-587191 -1033940,-582812 -1089543,-626511 -1093125,-631198 -1037507))
3111;POLYGON((2521958 2388995,2565873 2388764,2565436 2333260,2521812 2333490,2521958 2388995))
3107;POLYGON((1901733 1291944,1945579 1287669,1940045 1232244,1896457 1236494,1901733 1291944))
3308;POLYGON((9145911 3971579,9189934 3972212,9190600 3916553,9146844 3915925,9145911 3971579))
3112;POLYGON((993083 -4317545,1037094 -4321583,1031875 -4377243,988085 -4373225,993083 -4317545))
3577;POLYGON((1169624 -4215168,1213593 -4219831,1207678 -4274583,1163923 -4269943,1169624 -4215168))
