4326;POLYGON((145.25 -42.5,145.75 -42.5,145.75 -43.0,145.25 -43.0,145.25 -42.5))
28348;POLYGON((3809793 4434945,3850340 4411511,3818338 4356911,3778308 4380265,3809793 4434945))
28349;POLYGON((3319811 4687280,3360830 4668216,3334755 4612903,3294203 4631928,3319811 4687280))
28350;POLYGON((2826127 4890049,2867338 4874924,2846611 4819301,2805823 4834413,2826127 4890049))
28351;POLYGON((2331273 5047965,2372516 5036420,2356657 4980720,2315800 4992266,2331273 5047965))
28352;POLYGON((1836587 5164826,1877788 5156579,1866414 5100917,1825574 5109169,1836587 5164826))
28353;POLYGON((1342582 5243502,1383721 5238350,1376557 5182758,1335759 5187916,1342582 5243502))
28354;POLYGON((849234 5285947,890328 5283762,887196 5228226,846433 5230414,849234 5285947))
28355;POLYGON((356207 5293223,397291 5293949,398113 5238427,357358 5237699,356207 5293223))
28356;POLYGON((-136955 5265510,-95842 5269166,-91044 5213611,-131822 5209949,-136955 5265510))
28357;POLYGON((-630661 5202115,-589492 5208794,-580600 5153172,-621420 5146487,-630661 5202115))
28358;POLYGON((-1125089 5101461,-1083861 5111326,-1070658 5055640,-1111513 5045771,-1125089 5101461))
3113;POLYGON((-587204 -1537926,-546075 -1534268,-541275 -1589845,-582069 -1593508,-587204 -1537926))
3111;POLYGON((2520643 1888447,2561930 1888230,2561490 1832409,2520497 1832624,2520643 1888447))
3107;POLYGON((1853992 790275,1895516 786226,1889910 730072,1848646 734096,1853992 790275))
3308;POLYGON((9154340 3468473,9195955 3469071,9196628 3412786,9155283 3412192,9154340 3468473))
3112;POLYGON((947714 -4823001,989714 -4826855,984386 -4883681,942611 -4879847,947714 -4823001))
3577;POLYGON((1118761 -4703831,1160818 -4708292,1155028 -4761875,1113181 -4757437,1118761 -4703831))
