4326;POLYGON((145.5 -14.0,146.0 -14.0,146.0 -14.5,145.5 -14.5,145.5 -14.0))
28348;POLYGON((5232129 7989232,5300539 7974984,5285538 7904787,5217475 7919459,5232129 7989232))
28349;POLYGON((4441042 8136535,4505031 8125783,4493705 8060140,4429980 8071222,4441042 8136535))
28350;POLYGON((3696302 8247350,3756872 8239300,3748384 8177178,3688022 8185481,3696302 8247350))
28351;POLYGON((2987039 8329460,3045022 8323572,3038804 8264117,2980991 8270192,2987039 8329460))
28352;POLYGON((2304103 8388123,2360209 8384036,2355878 8326520,2299917 8330740,2304103 8388123))
28353;POLYGON((1639582 8426803,1694432 8424283,1691742 8368072,1637021 8370673,1639582 8426803))
28354;POLYGON((986403 8447645,1040564 8446556,1039369 8391071,985328 8392195,986403 8447645))
28355;POLYGON((337997 8451760,392004 8452045,392241 8396739,338353 8396445,337997 8451760))
28356;POLYGON((-311993 8439362,-257612 8441036,-255929 8385371,-310187 8383642,-311993 8439362))
28357;POLYGON((-969998 8409800,-914697 8412951,-911480 8356372,-966648 8353118,-969998 8409800))
28358;POLYGON((-1642799 8361470,-1585991 8366273,-1581064 8308186,-1637718 8303228,-1642799 8361470))
3113;POLYGON((-762310 1637164,-707907 1638839,-706224 1583151,-760504 1581422,-762310 1637164))
3111;POLYGON((2558226 5113654,2616451 5113195,2615826 5053661,2557914 5054117,2558226 5113654))
3107;POLYGON((2184297 3963036,2240502 3957424,2234630 3899950,2178691 3905535,2184297 3963036))
3308;POLYGON((9129209 6667846,9186137 6668528,9186694 6610303,9130045 6609625,9129209 6667846))
3112;POLYGON((1256905 -1684391,1311390 -1689500,1306052 -1745238,1251788 -1740149,1256905 -1684391))
3577;POLYGON((1473477 -1560003,1527836 -1565876,1521853 -1620250,1467708 -1614400,1473477 -1560003))
