4326;POLYGON((146.5 -20.5,147.0 -20.5,147.0 -21.0,146.5 -21.0,146.5 -20.5))
28348;POLYGON((5133949 7060859,5197781 7040918,5176173 6973217,5112813 6993474,5133949 7060859))
28349;POLYGON((4390405 7268607,4450889 7253341,4434334 7189124,4374218 7204652,4390405 7268607))
28350;POLYGON((3682767 7427031,3740549 7415450,3727978 7354078,3670491 7365868,3682767 7427031))
28351;POLYGON((3003699 7545963,3059363 7537378,3050028 7478250,2994607 7486997,3003699 7545963))
28352;POLYGON((2346559 7632223,2400635 7626158,2394019 7568722,2340153 7574905,2346559 7632223))
28353;POLYGON((1705265 7690425,1758242 7686565,1754004 7630307,1701215 7634243,1705265 7690425))
28354;POLYGON((1074160 7723515,1126495 7721669,1124426 7666105,1072266 7667988,1074160 7723515))
28355;POLYGON((447864 7733107,500000 7733187,500000 7677852,448035 7677771,447864 7733107))
28356;POLYGON((-178867 7719660,-126495 7721669,-124426 7666105,-176623 7664056,-178867 7719660))
28357;POLYGON((-811292 7682530,-758242 7686565,-754004 7630307,-806866 7626193,-811292 7682530))
28358;POLYGON((-1454824 7619897,-1400635 7626158,-1394019 7568722,-1447997 7562340,-1454824 7619897))
3113;POLYGON((-629132 917182,-576740 919191,-574670 863605,-626887 861556,-629132 917182))
3111;POLYGON((2662685 4351625,2716906 4350628,2715699 4293149,2661779 4294140,2662685 4351625))
3107;POLYGON((2217927 3214538,2270667 3208779,2264430 3152863,2211949 3158594,2217927 3214538))
3308;POLYGON((9246640 5922645,9300000 5922773,9300000 5866189,9246910 5866062,9246640 5922645))
3112;POLYGON((1294233 -2412515,1345821 -2417767,1340141 -2472484,1288770 -2467254,1294233 -2412515))
3577;POLYGON((1500893 -2285000,1552414 -2290975,1545890 -2346284,1494586 -2340334,1500893 -2285000))
