4326;POLYGON((146.5 -36.5,147.0 -36.5,147.0 -37.0,146.5 -37.0,146.5 -36.5))
28348;POLYGON((4291731 5050977,4338629 5026038,4307363 4968186,4261014 4993124,4291731 5050977))
28349;POLYGON((3730279 5317420,3776937 5297417,3751823 5239742,3705639 5259775,3730279 5317420))
28350;POLYGON((3172953 5529133,3219201 5513397,3199413 5456166,3153576 5471945,3172953 5529133))
28351;POLYGON((2620927 5693175,2666721 5681183,2651608 5624482,2606179 5636518,2620927 5693175))
28352;POLYGON((2074180 5814972,2119556 5806329,2108627 5750128,2063581 5758808,2074180 5814972))
28353;POLYGON((1531899 5898511,1576948 5892936,1569850 5837132,1525108 5842734,1531899 5898511))
28354;POLYGON((992776 5946498,1037620 5943812,1034126 5888261,989576 5890961,992776 5946498))
28355;POLYGON((455222 5960475,500000 5960591,500000 5905127,455511 5905010,455222 5960475))
28356;POLYGON((-82476 5940890,-37620 5943812,-34126 5888261,-78688 5885324,-82476 5940890))
28357;POLYGON((-622020 5887114,-576948 5892936,-569850 5837132,-614613 5831282,-622020 5887114))
28358;POLYGON((-1164964 5797420,-1119556 5806329,-1108627 5750128,-1153702 5741180,-1164964 5797420))
3113;POLYGON((-532703 -862282,-487830 -859359,-484335 -914932,-528913 -917870,-532703 -862282))
3111;POLYGON((2634365 2554420,2679148 2553596,2677983 2498130,2633491 2498948,2634365 2554420))
3107;POLYGON((2029028 1446709,2073588 1441844,2067431 1386643,2023127 1391481,2029028 1446709))
3308;POLYGON((9255174 4139492,9300000 4139599,9300000 4084061,9255440 4083955,9255174 4139492))
3112;POLYGON((1119675 -4161681,1164305 -4166225,1158563 -4221538,1114153 -4217016,1119675 -4161681))
3577;POLYGON((1298289 -4062423,1342855 -4067591,1336371 -4122566,1292020 -4117422,1298289 -4062423))
