4326;POLYGON((145.75 -43.5,146.25 -43.5,146.25 -44.0,145.75 -44.0,145.75 -43.5))
28348;POLYGON((3786189 4302569,3825636 4278925,3792826 4224936,3753898 4248482,3786189 4302569))
28349;POLYGON((3308524 4557774,3348575 4538452,3321720 4483560,3282139 4502829,3308524 4557774))
28350;POLYGON((2825737 4763802,2866087 4748398,2844638 4693045,2804717 4708425,2825737 4763802))
28351;POLYGON((2340669 4925095,2381133 4913268,2364626 4857725,2324556 4869544,2340669 4925095))
28352;POLYGON((1854942 5045291,1895421 5036771,1883483 4981183,1843371 4989703,1854942 5045291))
28353;POLYGON((1369326 5127179,1409782 5121765,1402138 5066195,1362030 5071611,1369326 5127179))
28354;POLYGON((884033 5172687,924464 5170252,920934 5114711,880842 5117148,884033 5172687))
28355;POLYGON((398944 5182899,439366 5183385,439869 5127853,399782 5127367,398944 5182899))
28356;POLYGON((-86202 5158058,-45765 5161476,-41218 5105928,-81315 5102508,-86202 5158058))
28357;POLYGON((-571629 5097571,-531164 5104003,-522466 5048426,-562578 5041992,-571629 5097571))
28358;POLYGON((-1057343 5000006,-1016862 5009602,-1003812 4954017,-1043918 4944422,-1057343 5000006))
3113;POLYGON((-536431 -1645419,-495978 -1642000,-491429 -1697570,-531542 -1700991,-536431 -1645419))
3111;POLYGON((2561050 1776530,2601748 1776102,2601014 1720164,2560609 1720588,2561050 1776530))
3107;POLYGON((1884293 673813,1925277 669625,1919389 613280,1878665 617441,1884293 673813))
3308;POLYGON((9197303 3356407,9238381 3356800,9238786 3300319,9197979 3299928,9197303 3356407))
3112;POLYGON((979042 -4940664,1020574 -4944642,1014988 -5001768,973683 -4997812,979042 -4940664))
3577;POLYGON((1149257 -4815297,1190877 -4819876,1184915 -4873107,1143503 -4868551,1149257 -4815297))
