4326;POLYGON((146.5 -23.75,147.0 -23.75,147.0 -24.25,146.5 -24.25,146.5 -23.75))
28348;POLYGON((4989589 6627900,5050248 6606094,5026120 6540317,4965969 6562370,4989589 6627900))
28349;POLYGON((4279448 6856103,4337442 6839268,4318797 6776281,4261206 6793331,4279448 6856103))
28350;POLYGON((3598380 7031425,3654156 7018571,3639902 6957954,3584454 6970986,3598380 7031425))
28351;POLYGON((2941072 7163793,2995068 7154216,2984429 7095521,2930708 7105238,2941072 7163793))
28352;POLYGON((2302367 7260196,2355004 7253407,2347439 7196187,2295039 7203080,2302367 7260196))
28353;POLYGON((1677296 7325429,1728982 7321098,1724124 7264919,1672652 7269317,1677296 7325429))
28354;POLYGON((1061072 7362583,1112200 7360509,1109825 7304947,1058897 7307054,1061072 7362583))
28355;POLYGON((449046 7373361,500000 7373451,500000 7318094,449242 7318003,449046 7373361))
28356;POLYGON((-163360 7358252,-112200 7360509,-109825 7304947,-160783 7302655,-163360 7358252))
28357;POLYGON((-780733 7316572,-728982 7321098,-724124 7264919,-775659 7260322,-780733 7316572))
28358;POLYGON((-1407739 7246400,-1355004 7253407,-1347439 7196187,-1399934 7189074,-1407739 7246400))
3113;POLYGON((-613619 555632,-562439 557890,-560063 502306,-611041 500013,-613619 555632))
3111;POLYGON((2656831 3980121,2709101 3979160,2707909 3922428,2655937 3923384,2656831 3980121))
3107;POLYGON((2179224 2852328,2230288 2846752,2224105 2791322,2173298 2796870,2179224 2852328))
3308;POLYGON((9248392 5556473,9300000 5556597,9300000 5500567,9248660 5500444,9248392 5556473))
3112;POLYGON((1258798 -2767597,1308973 -2772705,1303317 -2827193,1253358 -2822107,1258798 -2767597))
3577;POLYGON((1459799 -2645518,1509909 -2651329,1503352 -2706916,1453460 -2701130,1459799 -2645518))
