4326;POLYGON((146.25 -25.25,146.75 -25.25,146.75 -25.75,146.25 -25.75,146.25 -25.25))
28348;POLYGON((4888183 6443277,4947200 6420996,4922270 6356247,4863769 6378742,4888183 6443277))
28349;POLYGON((4195504 6676944,4252185 6659676,4232845 6597382,4176576 6614841,4195504 6676944))
28350;POLYGON((3528535 6857029,3583240 6843811,3568417 6783646,3514050 6797024,3528535 6857029))
28351;POLYGON((2882874 6993225,2935974 6983368,2924899 6924952,2872084 6934936,2882874 6993225))
28352;POLYGON((2254043 7092408,2305912 7085429,2298044 7028365,2246424 7035439,2254043 7092408))
28353;POLYGON((1637599 7159316,1688603 7154888,1683578 7098780,1632798 7103269,1637599 7159316))
28354;POLYGON((1029173 7197008,1079674 7194934,1077266 7139389,1026976 7141493,1029173 7197008))
28355;POLYGON((424470 7207158,474823 7207346,474927 7151977,424782 7151787,424470 7207158))
28356;POLYGON((-180763 7190211,-130203 7192668,-127583 7137091,-177930 7134599,-180763 7190211))
28357;POLYGON((-790789 7145422,-739666 7150257,-734414 7094085,-785309 7089181,-790789 7145422))
28358;POLYGON((-1409917 7070791,-1357869 7078224,-1349750 7021062,-1401545 7013530,-1409917 7070791))
3113;POLYGON((-631029 387525,-580449 389984,-577827 334385,-628194 331892,-631029 387525))
3111;POLYGON((2628463 3810574,2679843 3809764,2678805 3753315,2627721 3754120,2628463 3810574))
3107;POLYGON((2136308 2688786,2186615 2683411,2180579 2628132,2130527 2633481,2136308 2688786))
3308;POLYGON((9223794 5388439,9274598 5388683,9274731 5332850,9224195 5332608,9223794 5388439))
3112;POLYGON((1217714 -2928624,1267249 -2933568,1261705 -2988020,1212387 -2983098,1217714 -2928624))
3577;POLYGON((1416035 -2809642,1465504 -2815280,1459047 -2870955,1409797 -2865341,1416035 -2809642))
