4326;POLYGON((145.75 -37.5,146.25 -37.5,146.25 -38.0,145.75 -38.0,145.75 -37.5))
28348;POLYGON((4161390 4972144,4207195 4947864,4176355 4890587,4131087 4914854,4161390 4972144))
28349;POLYGON((3612269 5231715,3657951 5212221,3633153 5154991,3587937 5174505,3612269 5231715))
28350;POLYGON((3065941 5437999,3111320 5422675,3091794 5365770,3046825 5381128,3065941 5437999))
28351;POLYGON((2523748 5597506,2568763 5585868,2553900 5529389,2509251 5541062,2523748 5597506))
28352;POLYGON((1985850 5715259,2030522 5706942,2019861 5650876,1975523 5659224,1985850 5715259))
28353;POLYGON((1451629 5794946,1496032 5789691,1489244 5733955,1445153 5739232,1451629 5794946))
28354;POLYGON((919978 5839047,964217 5836690,961093 5781158,917153 5783525,919978 5839047))
28355;POLYGON((389510 5848924,433706 5849394,434151 5793919,390251 5793447,389510 5848924))
28356;POLYGON((-141272 5824884,-96991 5828194,-92965 5772624,-136942 5769299,-141272 5824884))
28357;POLYGON((-673837 5766184,-629355 5772436,-621623 5716628,-665787 5710349,-673837 5766184))
28358;POLYGON((-1209478 5671004,-1164698 5680393,-1153022 5624229,-1197459 5614806,-1209478 5671004))
3113;POLYGON((-591522 -978333,-547224 -975022,-543196 -1030614,-587191 -1033940,-591522 -978333))
3111;POLYGON((2566310 2444255,2610516 2443790,2609787 2388303,2565873 2388764,2566310 2444255))
3107;POLYGON((1951106 1343037,1995188 1338533,1989404 1283191,1945579 1287669,1951106 1343037))
3308;POLYGON((9189269 4027824,9233560 4028248,9233959 3972633,9189934 3972212,9189269 4027824))
3112;POLYGON((1042304 -4266026,1086520 -4270261,1081089 -4325797,1037094 -4321583,1042304 -4266026))
3577;POLYGON((1219520 -4164979,1263685 -4169839,1257544 -4224667,1213593 -4219831,1219520 -4164979))
