4326;POLYGON((146.25 -32.75,146.75 -32.75,146.75 -33.25,146.25 -33.25,146.25 -32.75))
28348;POLYGON((4489706 5506510,4540703 5482070,4511384 5421946,4460934 5446452,4489706 5506510))
28349;POLYGON((3883328 5765915,3933453 5746550,3910191 5687327,3860525 5706775,3883328 5765915))
28350;POLYGON((3287684 5969777,3336914 5954695,3318770 5896471,3269932 5911635,3287684 5969777))
28351;POLYGON((2702367 6126280,2750777 6114886,2737041 6057602,2688972 6069069,2702367 6126280))
28352;POLYGON((2126020 6241519,2173751 6233375,2163899 6176883,2116473 6185085,2126020 6241519))
28353;POLYGON((1556697 6319862,1603927 6314663,1597593 6258760,1550644 6263998,1556697 6319862))
28354;POLYGON((992098 6364210,1039028 6361765,1035981 6306221,989320 6308684,992098 6364210))
28355;POLYGON((429740 6376178,476580 6376399,476712 6320969,430135 6320746,429740 6376178))
28356;POLYGON((-132939 6356201,-85974 6359096,-82660 6303531,-129356 6300613,-132939 6356201))
28357;POLYGON((-698491 6303554,-651191 6309227,-644574 6253284,-691590 6247568,-698491 6303554))
28358;POLYGON((-1269365 6216312,-1221532 6224974,-1211372 6168423,-1258895 6159701,-1269365 6216312))
3113;POLYGON((-583186 -446809,-536203 -443913,-532887 -499500,-579601 -502418,-583186 -446809))
3111;POLYGON((2617439 2971071,2664411 2970331,2663389 2914764,2616710 2915499,2617439 2971071))
3107;POLYGON((2049930 1862312,2096413 1857345,2090407 1802346,2044179 1807286,2049930 1862312))
3308;POLYGON((9229777 4555148,9276592 4555372,9276724 4499972,9230175 4499749,9229777 4555148))
3112;POLYGON((1137703 -3746845,1183983 -3751464,1178406 -3806246,1132343 -3801650,1137703 -3746845))
3577;POLYGON((1322467 -3645028,1368667 -3650294,1362232 -3705778,1316250 -3700536,1322467 -3645028))
