4326;POLYGON((146.25 -18.25,146.75 -18.25,146.75 -18.75,146.25 -18.75,146.25 -18.25))
28348;POLYGON((5191125 7376480,5256818 7358293,5237347 7289521,5172088 7308066,5191125 7376480))
28349;POLYGON((4428167 7565400,4490087 7551552,4475252 7486692,4413667 7500828,4428167 7565400))
28350;POLYGON((3705294 7708740,3764222 7698285,3753010 7636547,3694349 7647230,3705294 7708740))
28351;POLYGON((3013825 7815863,3070439 7808147,3062150 7748835,3005755 7756724,3013825 7815863))
28352;POLYGON((2346152 7893200,2401053 7887777,2395209 7830268,2340496 7835817,2346152 7893200))
28353;POLYGON((1695486 7945060,1749214 7941636,1745499 7885369,1691939 7888873,1695486 7945060))
28354;POLYGON((1055619 7974167,1108673 7972567,1106898 7917021,1054001 7918659,1055619 7974167))
28355;POLYGON((420713 7981992,473571 7982137,473648 7926815,420943 7926667,420713 7981992))
28356;POLYGON((-214897 7968923,-161765 7970819,-159833 7915233,-212808 7913293,-214897 7968923))
28357;POLYGON((-856906 7934311,-803019 7938053,-799136 7881704,-852853 7877875,-856906 7934311))
28358;POLYGON((-1511222 7876393,-1456075 7882175,-1450041 7824538,-1504996 7818624,-1511222 7876393))
3113;POLYGON((-665176 1166542,-612023 1168438,-610090 1112830,-663086 1110889,-665176 1166542))
3111;POLYGON((2638991 4612391,2694583 4611515,2693515 4553410,2638228 4554281,2638991 4612391))
3107;POLYGON((2217988 3470314,2271912 3464552,2265757 3408183,2212094 3413917,2217988 3470314))
3308;POLYGON((9218123 6178410,9272707 6178672,9272844 6121602,9218532 6121342,9218123 6178410))
3112;POLYGON((1292590 -2162910,1345171 -2168158,1339573 -2223145,1287211 -2217919,1292590 -2162910))
3577;POLYGON((1502937 -2033772,1555441 -2039757,1549058 -2094800,1496769 -2088840,1502937 -2033772))
