4326;POLYGON((146.0 -10.25,146.5 -10.25,146.5 -10.75,146.0 -10.75,146.0 -10.25))
28348;POLYGON((5397544 8507628,5468701 8496542,5457112 8424454,5386229 8436030,5397544 8507628))
28349;POLYGON((4578026 8621883,4644101 8613564,4635402 8546691,4569534 8555383,4578026 8621883))
28350;POLYGON((3811431 8707445,3873623 8701239,3867128 8638329,3805096 8644818,3811431 8707445))
28351;POLYGON((3084917 8770716,3144199 8766179,3139444 8706238,3080292 8710983,3084917 8770716))
28352;POLYGON((2387956 8815983,2445133 8812822,2441811 8755029,2384743 8758336,2387956 8815983))
28353;POLYGON((1711653 8846057,1767419 8844083,1765329 8787737,1709660 8789803,1711653 8846057))
28354;POLYGON((1048209 8862681,1103182 8861782,1102208 8806259,1047325 8807200,1048209 8862681))
28355;POLYGON((390484 8866776,445243 8866903,445331 8811618,390659 8811484,390484 8866776))
28356;POLYGON((-268379 8858563,-213263 8859723,-212108 8804104,-267133 8802889,-268379 8858563))
28357;POLYGON((-935291 8837594,-879233 8839852,-876948 8783310,-932907 8780948,-935291 8837594))
28358;POLYGON((-1617569 8802696,-1559935 8806180,-1556390 8748080,-1613911 8744435,-1617569 8802696))
3113;POLYGON((-718678 2056528,-663541 2057689,-662386 2002048,-717432 2000833,-718678 2056528))
3111;POLYGON((2621209 5566072,2681809 5565277,2680847 5504207,2620567 5504999,2621209 5566072))
3107;POLYGON((2285053 4393449,2343248 4387367,2336981 4328715,2279057 4334768,2285053 4393449))
3308;POLYGON((9181906 7110547,9240952 7110971,9241237 7051450,9182475 7051029,9181906 7110547))
3112;POLYGON((1351776 -1267845,1407918 -1273335,1402269 -1329939,1346352 -1324471,1351776 -1267845))
3577;POLYGON((1572342 -1161367,1628260 -1167630,1622156 -1221182,1566447 -1214942,1572342 -1161367))
