4326;POLYGON((146.25 -28.25,146.75 -28.25,146.75 -28.75,146.25 -28.75,146.25 -28.25))
28348;POLYGON((4736801 6060504,4792672 6037089,4765809 5974182,4710473 5997750,4736801 6060504))
28349;POLYGON((4077716 6307210,4131863 6288906,4110840 6227818,4057129 6246269,4077716 6307210))
28350;POLYGON((3438144 6498789,3490758 6484685,3474536 6425274,3422284 6439508,3438144 6498789))
28351;POLYGON((2815403 6644519,2866730 6633948,2854548 6575968,2803530 6586646,2815403 6644519))
28352;POLYGON((2206329 6751098,2256646 6743586,2247960 6686741,2197916 6694333,2206329 6751098))
28353;POLYGON((1607506 6823208,1657102 6818431,1651540 6762401,1602192 6767231,1607506 6823208))
28354;POLYGON((1015397 6863906,1064570 6861665,1061901 6806120,1012963 6808387,1015397 6863906))
28355;POLYGON((426427 6874875,475476 6875078,475591 6819686,426773 6819481,426427 6874875))
28356;POLYGON((-162990 6856563,-113767 6859217,-110863 6803645,-159850 6800960,-162990 6856563))
28357;POLYGON((-756443 6808220,-706747 6813436,-700935 6757350,-750380 6752077,-756443 6808220))
28358;POLYGON((-1357501 6727837,-1307036 6735833,-1298075 6678906,-1348262 6670825,-1357501 6727837))
3113;POLYGON((-613249 53747,-564007 56403,-561101 809,-610107 -1876,-613249 53747))
3111;POLYGON((2624031 3473076,2673639 3472294,2672610 3416307,2623296 3417084,2624031 3473076))
3107;POLYGON((2101692 2357581,2150467 2352369,2144455 2297314,2095935 2302498,2101692 2357581))
3308;POLYGON((9226194 5054233,9275397 5054468,9275530 4998920,9226593 4998685,9226194 5054233))
3112;POLYGON((1185756 -3255435,1233991 -3260249,1228446 -3314718,1180427 -3309926,1185756 -3255435))
3577;POLYGON((1378584 -3144015,1426743 -3149504,1420282 -3205220,1372340 -3199756,1378584 -3144015))
