4326;POLYGON((146.0 -38.5,146.5 -38.5,146.5 -39.0,146.0 -39.0,146.0 -38.5))
28348;POLYGON((4122961 4845771,4167686 4821313,4136201 4764619,4092014 4789047,4122961 4845771))
28349;POLYGON((3585788 5107771,3630542 5088060,3605130 5031226,3560847 5050943,3585788 5107771))
28350;POLYGON((3049812 5316730,3094380 5301181,3074301 5244526,3030149 5260098,3049812 5316730))
28351;POLYGON((2516748 5478877,2561040 5467025,2545701 5410687,2501781 5422568,2516748 5478877))
28352;POLYGON((1987085 5599070,2031097 5590561,2020043 5534560,1976371 5543096,1987085 5599070))
28353;POLYGON((1460491 5680911,1504275 5675489,1497179 5619770,1453714 5625212,1460491 5680911))
28354;POLYGON((936114 5726843,979755 5724347,976407 5668808,933073 5671314,936114 5726843))
28355;POLYGON((412801 5738232,456400 5738588,456704 5683104,413407 5682747,412801 5738232))
28356;POLYGON((-110727 5715417,-67060 5718634,-63098 5663074,-106456 5659844,-110727 5715417))
28357;POLYGON((-635726 5657719,-591892 5663894,-584154 5608135,-627664 5601938,-635726 5657719))
28358;POLYGON((-1163268 5563420,-1119189 5572738,-1107446 5516683,-1151178 5507338,-1163268 5563420))
3113;POLYGON((-560966 -1087843,-517282 -1084624,-513318 -1140206,-556693 -1143437,-560966 -1087843))
3111;POLYGON((2587247 2333060,2630868 2332487,2629993 2276971,2586664 2277540,2587247 2333060))
3107;POLYGON((1961832 1230043,2005390 1225491,1999465 1170044,1956164 1174570,1961832 1230043))
3308;POLYGON((9212479 3916789,9256239 3917103,9256506 3861391,9213013 3861079,9212479 3916789))
3112;POLYGON((1053764 -4379318,1097529 -4383598,1091966 -4439333,1048423 -4435075,1053764 -4379318))
3577;POLYGON((1229548 -4276968,1273275 -4281866,1267050 -4336476,1223537 -4331603,1229548 -4276968))
