4326;POLYGON((146.0 -42.5,146.5 -42.5,146.5 -43.0,146.0 -43.0,146.0 -42.5))
28348;POLYGON((3870593 4399649,3911054 4375635,3878265 4321164,3838329 4345091,3870593 4399649))
28349;POLYGON((3381329 4658555,3422307 4638970,3395525 4583720,3355020 4603262,3381329 4658555))
28350;POLYGON((2887940 4867244,2929138 4851648,2907771 4796048,2867001 4811629,2887940 4867244))
28351;POLYGON((2393139 5030540,2434384 5018564,2417938 4962866,2377084 4974841,2393139 5030540))
28352;POLYGON((1898390 5152357,1939598 5143710,1927681 5088040,1886836 5096691,1898390 5152357))
28353;POLYGON((1404293 5235680,1445439 5230150,1437760 5174550,1396957 5180085,1404293 5235680))
28354;POLYGON((910876 5282578,951974 5280027,948344 5224485,907578 5227040,910876 5282578))
28355;POLYGON((417833 5294222,458916 5294585,459245 5239063,418491 5238700,417833 5294222))
28356;POLYGON((-75287 5270902,-34179 5274190,-29883 5218640,-70657 5215349,-75287 5270902))
28357;POLYGON((-568909 5212036,-527747 5218329,-519377 5162717,-560192 5156418,-568909 5212036))
28358;POLYGON((-1063249 5116156,-1022028 5125612,-1009379 5069932,-1050231 5060472,-1063249 5116156))
3113;POLYGON((-525511 -1532531,-484388 -1529243,-480090 -1584814,-520879 -1588106,-525511 -1532531))
3111;POLYGON((2582573 1888040,2623856 1887498,2622977 1831683,2581986 1832221,2582573 1888040))
3107;POLYGON((1916271 784130,1957765 779793,1951770 723680,1910535 727989,1916271 784130))
3308;POLYGON((9216763 3469295,9258381 3469594,9258650 3413306,9217302 3413009,9216763 3469295))
3112;POLYGON((1010709 -4828845,1052685 -4832950,1047018 -4889743,1005267 -4885660,1010709 -4828845))
3577;POLYGON((1181840 -4710584,1223870 -4715292,1217766 -4768840,1175946 -4764156,1181840 -4710584))
