4326;POLYGON((146.0 -20.25,146.5 -20.25,146.5 -20.75,146.0 -20.75,146.0 -20.25))
28348;POLYGON((5080609 7114001,5144364 7094655,5123431 7027132,5060135 7046794,5080609 7114001))
28349;POLYGON((4337961 7315446,4398374 7300650,4382352 7236608,4322297 7251663,4337961 7315446))
28350;POLYGON((3631080 7468856,3688807 7457652,3676662 7396436,3619221 7407847,3631080 7468856))
28351;POLYGON((2952540 7583749,3008170 7575469,2999178 7516473,2943786 7524912,2952540 7583749))
28352;POLYGON((2295640 7666707,2349708 7660894,2343374 7603560,2289511 7609489,2295640 7666707))
28353;POLYGON((1654259 7722169,1707256 7718520,1703252 7662333,1650438 7666055,1654259 7722169))
28354;POLYGON((1022703 7752945,1075091 7751279,1073218 7695751,1021003 7697451,1022703 7752945))
28355;POLYGON((395556 7760537,447779 7760774,447949 7705439,395895 7705198,395556 7760537))
28356;POLYGON((-232468 7745312,-179970 7747463,-177752 7691858,-230075 7689664,-232468 7745312))
28357;POLYGON((-866687 7706535,-813467 7710704,-809091 7654360,-862124 7650107,-866687 7706535))
28358;POLYGON((-1512590 7642291,-1458180 7648688,-1451429 7591114,-1505629 7584592,-1512590 7642291))
3113;POLYGON((-682754 942843,-630236 944995,-628016 889369,-680360 887173,-682754 942843))
3111;POLYGON((2608761 4381131,2663139 4380417,2662232 4322867,2608157 4323577,2608761 4381131))
3107;POLYGON((2168024 3248072,2220920 3242544,2214937 3186555,2162301 3192056,2168024 3248072))
3308;POLYGON((9193010 5950590,9246504 5950974,9246775 5894341,9193552 5893959,9193010 5950590))
3112;POLYGON((1245249 -2380070,1296966 -2385127,1291501 -2439891,1240001 -2434855,1245249 -2380070))
3577;POLYGON((1452393 -2251568,1504045 -2257354,1497741 -2312660,1446305 -2306899,1452393 -2251568))
