4326;POLYGON((145.75 -29.5,146.25 -29.5,146.25 -30.0,145.75 -30.0,145.75 -29.5))
28348;POLYGON((4616024 5927492,4670428 5904180,4643371 5842176,4589497 5865617,4616024 5927492))
28349;POLYGON((3972825 6173504,4025758 6155229,4004523 6094784,3952026 6113187,3972825 6173504))
28350;POLYGON((3346485 6364916,3398082 6350818,3381676 6291848,3330446 6306061,3346485 6364916))
28351;POLYGON((2734933 6510524,2785393 6499970,2773085 6442277,2722940 6452926,2734933 6510524))
28352;POLYGON((2135490 6616718,2185053 6609253,2176318 6552578,2127034 6560114,2135490 6616718))
28353;POLYGON((1545138 6687973,1594064 6683289,1588541 6627342,1539871 6632073,1545138 6687973))
28354;POLYGON((960679 6727199,1009238 6725107,1006707 6669586,958390 6671700,960679 6727199))
28355;POLYGON((378835 6735965,427303 6736382,427663 6680977,379435 6680557,378835 6735965))
28356;POLYGON((-203696 6714618,-155045 6717560,-151780 6661961,-200185 6658989,-203696 6714618))
28357;POLYGON((-790216 6662310,-741107 6667894,-734807 6611794,-783653 6606154,-790216 6662310))
28358;POLYGON((-1383974 6576935,-1334140 6585388,-1324551 6528484,-1374095 6519951,-1383974 6576935))
3113;POLYGON((-653971 -88252,-605301 -85309,-602034 -140929,-650458 -143902,-653971 -88252))
3111;POLYGON((2573318 3333726,2622195 3333213,2621461 3277370,2572878 3277880,2573318 3333726))
3107;POLYGON((2039143 2224836,2087304 2219916,2081552 2164882,2033646 2169777,2039143 2224836))
3308;POLYGON((9178653 4914960,9227190 4915425,9227589 4859952,9179317 4859490,9178653 4914960))
3112;POLYGON((1124720 -3387126,1172431 -3391696,1167098 -3446239,1119603 -3441690,1124720 -3387126))
3577;POLYGON((1315341 -3278110,1362977 -3283351,1356737 -3339065,1309319 -3333848,1315341 -3278110))
