4326;POLYGON((145.75 -39.0,146.25 -39.0,146.25 -39.5,145.75 -39.5,145.75 -39.0))
28348;POLYGON((4069913 4801105,4114111 4776886,4082716 4720458,4039052 4744642,4069913 4801105))
28349;POLYGON((3538708 5060664,3582988 5041130,3557630 4984497,3513817 5004031,3538708 5060664))
28350;POLYGON((3008079 5267762,3052223 5252352,3032183 5195839,2988455 5211268,3008079 5267762))
28351;POLYGON((2479829 5428398,2523738 5416664,2508442 5360419,2464906 5372178,2479829 5428398))
28352;POLYGON((1954542 5547264,1998204 5538862,1987210 5482914,1943891 5491340,1954542 5547264))
28353;POLYGON((1431987 5627839,1475445 5622522,1468435 5566827,1425298 5572161,1431987 5627839))
28354;POLYGON((911409 5672477,954739 5670091,951511 5614557,908490 5616951,911409 5672477))
28355;POLYGON((391758 5682480,435055 5682955,435515 5627467,392524 5626989,391758 5682480))
28356;POLYGON((-128139 5658138,-84776 5661489,-80615 5605925,-123665 5602562,-128139 5658138))
28357;POLYGON((-649426 5598744,-605907 5605068,-597924 5549317,-641116 5542973,-649426 5598744))
28358;POLYGON((-1173052 5502564,-1129310 5512045,-1117275 5456025,-1160665 5446519,-1173052 5502564))
3113;POLYGON((-578384 -1145144,-535004 -1141792,-530841 -1197378,-573909 -1200742,-578384 -1145144))
3111;POLYGON((2564998 2277739,2608329 2277284,2607600 2221744,2564561 2222196,2564998 2277739))
3107;POLYGON((1934506 1176757,1977817 1172332,1972014 1116805,1928959 1121205,1934506 1176757))
3308;POLYGON((9191267 3860844,9234759 3861261,9235159 3805494,9191934 3805080,9191267 3860844))
3112;POLYGON((1026645 -4433011,1070197 -4437183,1064735 -4493042,1021405 -4488892,1026645 -4433011))
3577;POLYGON((1201773 -4329230,1245296 -4334018,1239191 -4388530,1195881 -4383764,1201773 -4329230))
