4326;POLYGON((146.25 -43.75,146.75 -43.75,146.75 -44.25,146.25 -44.25,146.25 -43.75))
28348;POLYGON((3809248 4251898,3848365 4227924,3814964 4174171,3776370 4198039,3809248 4251898))
28349;POLYGON((3335166 4510982,3374943 4491344,3347539 4436603,3308236 4456184,3335166 4510982))
28350;POLYGON((2855381 4720706,2895498 4705001,2873545 4649741,2833860 4665417,2855381 4720706))
28351;POLYGON((2372895 4885487,2413156 4873377,2396188 4817883,2356325 4829982,2372895 4885487))
28352;POLYGON((1889464 5008972,1929760 5000184,1917402 4944618,1877477 4953404,1889464 5008972))
28353;POLYGON((1405968 5093978,1446252 5088310,1438223 5032746,1398290 5038416,1405968 5093978))
28354;POLYGON((922703 5142482,962966 5139801,959081 5084257,919158 5086940,922703 5142482))
28355;POLYGON((439617 5155620,479872 5155863,480040 5100329,440122 5100086,439617 5155620))
28356;POLYGON((-43497 5133702,-3231 5136874,994 5081329,-38929 5078155,-43497 5133702))
28357;POLYGON((-526825 5076212,-486537 5082389,-478156 5026823,-518089 5020645,-526825 5076212))
28358;POLYGON((-1010351 4981804,-970056 4991129,-957326 4935565,-997246 4926242,-1010351 4981804))
3113;POLYGON((-493709 -1669785,-453427 -1666611,-449199 -1722178,-489140 -1725354,-493709 -1669785))
3111;POLYGON((2601381 1748141,2641930 1747502,2640901 1691535,2600646 1692169,2601381 1748141))
3107;POLYGON((1922334 641467,1963169 637104,1957013 580729,1916440 585064,1922334 641467))
3308;POLYGON((9238583 3328572,9279527 3328768,9279663 3272234,9238989 3272039,9238583 3328572))
3112;POLYGON((1017783 -4973184,1059186 -4977316,1053364 -5034503,1012189 -5030394,1017783 -4973184))
3577;POLYGON((1187894 -4846513,1229392 -4851243,1223232 -4904364,1181941 -4899657,1187894 -4846513))
