4326;POLYGON((146.0 -14.25,146.5 -14.25,146.5 -14.75,146.0 -14.75,146.0 -14.25))
28348;POLYGON((5293097 7939860,5361751 7925057,5346154 7854537,5277860 7869768,5293097 7939860))
28349;POLYGON((4499414 8092945,4563596 8081767,4551813 8015854,4487904 8027367,4499414 8092945))
28350;POLYGON((3752663 8208229,3813379 8199848,3804535 8137507,3744035 8146146,3752663 8208229))
28351;POLYGON((3041939 8293839,3100023 8287690,3093526 8228064,3035616 8234405,3041939 8293839))
28352;POLYGON((2358062 8355275,2414226 8350980,2409673 8293339,2353657 8297770,2358062 8355275))
28353;POLYGON((1693099 8396176,1747967 8393489,1745099 8337196,1690363 8339968,1693099 8396176))
28354;POLYGON((1039971 8418814,1094109 8417589,1092770 8362064,1038756 8363328,1039971 8418814))
28355;POLYGON((392122 8424392,446062 8424566,446183 8369265,392363 8369085,392122 8424392))
28356;POLYGON((-256777 8413203,-202508 8414784,-200922 8359170,-255066 8357538,-256777 8413203))
28357;POLYGON((-913102 8384660,-857965 8387732,-854829 8331256,-909831 8328086,-913102 8384660))
28358;POLYGON((-1583549 8337226,-1526965 8341957,-1522110 8284032,-1578539 8279152,-1583549 8337226))
3113;POLYGON((-707073 1610995,-652782 1612577,-651195 1556941,-705361 1555308,-707073 1610995))
3111;POLYGON((2616139 5083405,2674204 5082642,2673267 5023205,2615514 5023963,2616139 5083405))
3107;POLYGON((2237564 3928669,2293609 3922812,2287478 3865436,2231699 3871266,2237564 3928669))
3308;POLYGON((9186416 6639396,9243207 6639804,9243485 6581654,9186973 6581248,9186416 6639396))
3112;POLYGON((1308720 -1717382,1363074 -1722697,1357518 -1778362,1303386 -1773069,1308720 -1717382))
3577;POLYGON((1524846 -1593051,1579075 -1599125,1572874 -1653523,1518858 -1647473,1524846 -1593051))
