4326;POLYGON((145.75 -38.25,146.25 -38.25,146.25 -38.75,145.75 -38.75,145.75 -38.25))
28348;POLYGON((4115863 4886313,4160864 4862055,4129741 4805205,4085276 4829439,4115863 4886313))
28349;POLYGON((3575699 5145973,3620682 5126452,3595599 5069521,3551084 5089052,3575699 5145973))
28350;POLYGON((3037202 5352739,3081965 5337367,3062179 5280658,3017829 5296057,3037202 5352739))
28351;POLYGON((2501949 5512868,2546414 5501178,2531333 5444816,2487237 5456537,2501949 5512868))
28352;POLYGON((1970318 5631220,2014489 5622857,2003660 5566850,1959828 5575240,1970318 5631220))
28353;POLYGON((1441888 5711379,1485822 5706091,1478922 5650375,1435305 5655683,1441888 5711379))
28354;POLYGON((915729 5755763,959517 5753392,956341 5697858,912857 5700240,915729 5755763))
28355;POLYGON((390624 5765707,434375 5766180,434827 5710698,391378 5710223,390624 5765707))
28356;POLYGON((-134760 5741508,-90934 5744840,-86840 5689272,-130358 5685928,-134760 5741508))
28357;POLYGON((-661729 5682440,-617725 5688731,-609867 5632951,-653548 5626638,-661729 5682440))
28358;POLYGON((-1191403 5586726,-1147139 5596165,-1135283 5540073,-1179199 5530605,-1191403 5586726))
3113;POLYGON((-585007 -1061742,-541165 -1058409,-537069 -1113998,-580604 -1117344,-585007 -1061742))
3111;POLYGON((2565655 2361014,2609423 2360554,2608694 2305045,2565217 2305502,2565655 2361014))
3107;POLYGON((1942813 1259964,1986509 1255499,1980716 1200070,1937276 1204508,1942813 1259964))
3308;POLYGON((9190267 3944388,9234159 3944809,9234559 3889123,9190933 3888705,9190267 3944388))
3112;POLYGON((1034486 -4349400,1078370 -4353603,1072924 -4409296,1029262 -4405114,1034486 -4349400))
3577;POLYGON((1210634 -4247220,1254478 -4252044,1248354 -4306721,1204724 -4301920,1210634 -4247220))
