4326;POLYGON((146.25 -24.75,146.75 -24.75,146.75 -25.25,146.25 -25.25,146.25 -24.75))
28348;POLYGON((4912256 6508104,4971785 6486048,4947200 6420996,4888183 6443277,4912256 6508104))
28349;POLYGON((4214141 6739237,4271231 6722167,4252185 6659676,4195504 6676944,4214141 6739237))
28350;POLYGON((3542782 6917151,3597821 6904099,3583240 6843811,3528535 6857029,3542782 6917151))
28351;POLYGON((2893478 7051580,2946859 7041855,2935974 6983368,2882874 6993225,2893478 7051580))
28352;POLYGON((2261526 7149410,2313640 7142528,2305912 7085429,2254043 7092408,2261526 7149410))
28353;POLYGON((1642312 7215373,1693537 7211009,1688603 7154888,1637599 7159316,1642312 7215373))
28354;POLYGON((1031329 7252523,1082038 7250479,1079674 7194934,1029173 7197008,1031329 7252523))
28355;POLYGON((424163 7262526,474721 7262710,474823 7207346,424470 7207158,424163 7262526))
28356;POLYGON((-183545 7245824,-132776 7248246,-130203 7192668,-180763 7190211,-183545 7245824))
28357;POLYGON((-796170 7201678,-744822 7206444,-739666 7150257,-790789 7145422,-796170 7201678))
28358;POLYGON((-1418142 7128093,-1365844 7135423,-1357869 7078224,-1409917 7070791,-1418142 7128093))
3113;POLYGON((-633812 443160,-583023 445583,-580449 389984,-631029 387525,-633812 443160))
3111;POLYGON((2629205 3867119,2680883 3866304,2679843 3809764,2628463 3810574,2629205 3867119))
3107;POLYGON((2142093 2744143,2192657 2738740,2186615 2683411,2136308 2688786,2142093 2744143))
3308;POLYGON((9223393 5444332,9274464 5444577,9274598 5388683,9223794 5388439,9223393 5444332))
3112;POLYGON((1223041 -2874139,1272793 -2879104,1267249 -2933568,1217714 -2928624,1223041 -2874139))
3577;POLYGON((1422272 -2753963,1471958 -2759627,1465504 -2815280,1416035 -2809642,1422272 -2753963))
