4326;POLYGON((146.25 -17.25,146.75 -17.25,146.75 -17.75,146.25 -17.75,146.25 -17.25))
28348;POLYGON((5227897 7514061,5294436 7496620,5275850 7427327,5209730 7445146,5227897 7514061))
28349;POLYGON((4456129 7695013,4518700 7681763,4504571 7616577,4442322 7630129,4456129 7695013))
28350;POLYGON((3726374 7832042,3785817 7822056,3775158 7760122,3715969 7770344,3726374 7832042))
28351;POLYGON((3029352 7934300,3086390 7926938,3078519 7867515,3021690 7875056,3029352 7934300))
28352;POLYGON((2357029 8008045,2412291 8002875,2406747 7945312,2351664 7950610,2357029 8008045))
28353;POLYGON((1702304 8057459,1756353 8054198,1752832 7997912,1698941 8001255,1702304 8057459))
28354;POLYGON((1058729 8085182,1112084 8083658,1110402 8028113,1057195 8029675,1058729 8085182))
28355;POLYGON((420272 8092633,473424 8092771,473497 8037455,420490 8037314,420272 8092633))
28356;POLYGON((-218912 8080188,-165477 8081994,-163646 8026406,-216932 8024555,-218912 8080188))
28357;POLYGON((-864697 8047220,-810483 8050785,-806801 7994414,-860854 7990760,-864697 8047220))
28358;POLYGON((-1523196 7992023,-1467679 7997535,-1461955 7939841,-1517289 7934193,-1523196 7992023))
3113;POLYGON((-669193 1277850,-615736 1279656,-613905 1224047,-667212 1222195,-669193 1277850))
3111;POLYGON((2640523 4729066,2696728 4728181,2695654 4669770,2639756 4670651,2640523 4729066))
3107;POLYGON((2229811 3583439,2284258 3577621,2278079 3521030,2223894 3526819,2229811 3583439))
3308;POLYGON((9217301 6292911,9272433 6293174,9272570 6235861,9217712 6235598,9217301 6292911))
3112;POLYGON((1303369 -2052682,1356389 -2057973,1350776 -2113102,1297976 -2107833,1303369 -2052682))
3577;POLYGON((1515249 -1923854,1568183 -1929888,1561816 -1984785,1509097 -1978776,1515249 -1923854))
