4326;POLYGON((145.75 -16.0,146.25 -16.0,146.25 -16.5,145.75 -16.5,145.75 -16.0))
28348;POLYGON((5204201 7703483,5271360 7687404,5254314 7617888,5187543 7634361,5204201 7703483))
28349;POLYGON((4426062 7870061,4489099 7857880,4476178 7792623,4413438 7805115,4426062 7870061))
28350;POLYGON((3691367 7995831,3751183 7986680,3741466 7924759,3681885 7934151,3691367 7995831))
28351;POLYGON((2990243 8089346,3047601 8082629,3040457 8023260,2983291 8030159,2990243 8089346))
28352;POLYGON((2314241 8156422,2369801 8151737,2364803 8094242,2309407 8099055,2314241 8156422))
28353;POLYGON((1655957 8200917,1710304 8198005,1707174 8141781,1652974 8144774,1655957 8200917))
28354;POLYGON((1008707 8225242,1062377 8223948,1060950 8168442,1007417 8169772,1008707 8225242))
28355;POLYGON((366251 8230662,419754 8230919,419956 8175607,366589 8175342,366251 8230662))
28356;POLYGON((-277461 8217453,-223622 8219276,-221780 8163640,-275478 8161767,-277461 8217453))
28357;POLYGON((-928530 8184939,-873841 8188420,-870263 8131931,-924801 8128354,-928530 8184939))
28358;POLYGON((-1593350 8131402,-1537258 8136729,-1531755 8078825,-1587674 8073353,-1593350 8131402))
3113;POLYGON((-727764 1415169,-673905 1416992,-672061 1361334,-725781 1359461,-727764 1415169))
3111;POLYGON((2585472 4876409,2642450 4875811,2641678 4816989,2585008 4817584,2585472 4876409))
3107;POLYGON((2189528 3731143,2244660 3725510,2238711 3668589,2183843 3674195,2189528 3731143))
3308;POLYGON((9160449 6436228,9216268 6436762,9216682 6379121,9161138 6378589,9160449 6436228))
3112;POLYGON((1263295 -1909326,1316885 -1914459,1311473 -1969810,1258102 -1964698,1263295 -1909326))
3577;POLYGON((1477095 -1781011,1530589 -1786896,1524460 -1841618,1471180 -1835756,1477095 -1781011))
