4326;POLYGON((146.5 -38.5,147.0 -38.5,147.0 -39.0,146.5 -39.0,146.5 -38.5))
28348;POLYGON((4167686 4821313,4212394 4796429,4180365 4739769,4136201 4764619,4167686 4821313))
28349;POLYGON((3630542 5088060,3675303 5067977,3649416 5011139,3605130 5031226,3630542 5088060))
28350;POLYGON((3094380 5301181,3138968 5285305,3118469 5228627,3074301 5244526,3094380 5301181))
28351;POLYGON((2561040 5467025,2605357 5454881,2589641 5398514,2545701 5410687,2561040 5467025))
28352;POLYGON((2031097 5590561,2075132 5581784,2063734 5525757,2020043 5534560,2031097 5590561))
28353;POLYGON((1504275 5675489,1548075 5669817,1540659 5614078,1497179 5619770,1504275 5675489))
28354;POLYGON((979755 5724347,1023403 5721611,1019749 5666062,976407 5668808,979755 5724347))
28355;POLYGON((456400 5738588,500000 5738706,500000 5683223,456704 5683104,456400 5738588))
28356;POLYGON((-67060 5718634,-23403 5721611,-19749 5666062,-63098 5663074,-67060 5718634))
28357;POLYGON((-591892 5663894,-548075 5669817,-540659 5614078,-584154 5608135,-591892 5663894))
28358;POLYGON((-1119189 5572738,-1075132 5581784,-1063734 5525757,-1107446 5516683,-1119189 5572738))
3113;POLYGON((-517282 -1084624,-473607 -1081647,-469951 -1137217,-513318 -1140206,-517282 -1084624))
3111;POLYGON((2630868 2332487,2674486 2331685,2673319 2276174,2629993 2276971,2630868 2332487))
3107;POLYGON((2005390 1225491,2048926 1220737,2042745 1165318,1999465 1170044,2005390 1225491))
3308;POLYGON((9256239 3917103,9300000 3917208,9300000 3861495,9256506 3861391,9256239 3917103))
3112;POLYGON((1097529 -4383598,1141276 -4388051,1135492 -4443764,1091966 -4439333,1097529 -4383598))
3577;POLYGON((1273275 -4281866,1316983 -4286935,1310544 -4341520,1267050 -4336476,1273275 -4281866))
