4326;POLYGON((147.5 -19.25,148.0 -19.25,148.0 -19.75,147.5 -19.75,147.5 -19.25))
28348;POLYGON((5315292 7191868,5380953 7171884,5359452 7102779,5294267 7123114,5315292 7191868))
28349;POLYGON((4552438 7399747,4614362 7384486,4597932 7319252,4536375 7334801,4552438 7399747))
28350;POLYGON((3829509 7558057,3888437 7546482,3875964 7484382,3817326 7496187,3829509 7558057))
28351;POLYGON((3138215 7677082,3194799 7668473,3185507 7608839,3129162 7617626,3138215 7677082))
28352;POLYGON((2471217 7763934,2526038 7757795,2519394 7700026,2464776 7706295,2471217 7763934))
28353;POLYGON((1821914 7823429,1875497 7819431,1871145 7762976,1817741 7767060,1821914 7823429))
28354;POLYGON((1184252 7858675,1237087 7856613,1234806 7800962,1182137 7803068,1184252 7858675))
28355;POLYGON((552546 7871434,605095 7871207,604773 7815874,552385 7816106,552546 7871434))
28356;POLYGON((-78704 7862332,-25984 7863930,-24363 7808438,-76919 7806806,-78704 7862332))
28357;POLYGON((-714985 7830925,-661634 7834424,-657991 7778293,-711167 7774717,-714985 7830925))
28358;POLYGON((-1361940 7775647,-1307477 7781225,-1301629 7723953,-1355897 7718256,-1361940 7775647))
3113;POLYGON((-528930 1059909,-476189 1061507,-474568 1005993,-527145 1004361,-528930 1059909))
3111;POLYGON((2774911 4493609,2829877 4492021,2828055 4434223,2773393 4435802,2774911 4493609))
3107;POLYGON((2339665 3342896,2392998 3336572,2386216 3280483,2333143 3286776,2339665 3342896))
3308;POLYGON((9354039 6064551,9408076 6064163,9407532 6007323,9353767 6007709,9354039 6064551))
3112;POLYGON((1412158 -2286261,1464247 -2291983,1458117 -2346787,1406245 -2341088,1412158 -2286261))
3577;POLYGON((1620732 -2159196,1672744 -2165641,1665806 -2220751,1614009 -2214333,1620732 -2159196))
