4326;POLYGON((147.5 -37.5,148.0 -37.5,148.0 -38.0,147.5 -38.0,147.5 -37.5))
28348;POLYGON((4321692 4885269,4367477 4859457,4334704 4802253,4289480 4828038,4321692 4885269))
28349;POLYGON((3772238 5161841,3817982 5141021,3791508 5083739,3746250 5104572,3772238 5161841))
28350;POLYGON((3224893 5382925,3270371 5366440,3249377 5309424,3204324 5325940,3224893 5382925))
28351;POLYGON((2681433 5555493,2726555 5542823,2710386 5486217,2665642 5498923,2681433 5555493))
28352;POLYGON((2142318 5684986,2187084 5675733,2175237 5619552,2130813 5628839,2142318 5684986))
28353;POLYGON((1607122 5775468,1651594 5769341,1643703 5713520,1599548 5719672,1607122 5775468))
28354;POLYGON((1074856 5829759,1119130 5826569,1114952 5770992,1070980 5774196,1074856 5829759))
28355;POLYGON((544195 5849541,588391 5849189,587798 5793713,543898 5794067,544195 5849541))
28356;POLYGON((13660 5835423,57903 5837898,60877 5782371,16934 5779885,13660 5835423))
28357;POLYGON((-518240 5786971,-473829 5792349,-467196 5736624,-511296 5731223,-518240 5786971))
28358;POLYGON((-1052868 5702685,-1008183 5711134,-997689 5655083,-1042039 5646602,-1052868 5702685))
3113;POLYGON((-436529 -967790,-392269 -965314,-389293 -1020863,-433254 -1023350,-436529 -967790))
3111;POLYGON((2721013 2441614,2765202 2440337,2763453 2384872,2719555 2386141,2721013 2441614))
3107;POLYGON((2105295 1326381,2149297 1321163,2142618 1265922,2098871 1271109,2105295 1326381))
3308;POLYGON((9344293 4028380,9388585 4028062,9388053 3972449,9344027 3972765,9344293 4028380))
3112;POLYGON((1196982 -4281617,1241135 -4286468,1234931 -4341923,1190999 -4337097,1196982 -4281617))
3577;POLYGON((1374013 -4182743,1418107 -4188207,1411216 -4242946,1367335 -4237508,1374013 -4182743))
