4326;POLYGON((147.25 -17.5,147.75 -17.5,147.75 -18.0,147.25 -18.0,147.25 -17.5))
28348;POLYGON((5351898 7443904,5418971 7425451,5399286 7355520,5332655 7374360,5351898 7443904))
28349;POLYGON((4574384 7635436,4637387 7621403,4622409 7555683,4559745 7570026,4574384 7635436))
28350;POLYGON((3840069 7780725,3899850 7770121,3888522 7707752,3829009 7718600,3840069 7780725))
28351;POLYGON((3139589 7889566,3196875 7881708,3188466 7821944,3131398 7829989,3139589 7889566))
28352;POLYGON((2464836 7968684,2520263 7963104,2514276 7905289,2459034 7911004,2464836 7968684))
28353;POLYGON((1808655 8022598,1862789 8018988,1858893 7962534,1804923 7966232,1808655 8022598))
28354;POLYGON((1164568 8054200,1217929 8052372,1215922 7996739,1162712 7998613,1164568 8054200))
28355;POLYGON((526539 8065113,579619 8064974,579398 8009653,526465 8009796,526539 8065113))
28356;POLYGON((-111248 8055885,-57968 8057428,-56413 8001921,-109543 8000340,-111248 8055885))
28357;POLYGON((-754604 8026054,-700634 8029356,-697225 7973157,-751035 7969773,-754604 8026054))
28358;POLYGON((-1409538 7974090,-1354365 7979324,-1348926 7921902,-1403919 7916541,-1409538 7974090))
3113;POLYGON((-561487 1253538,-508185 1255081,-506630 1199552,-559781 1197970,-561487 1253538))
3111;POLYGON((2752236 4697778,2808274 4696306,2806589 4637988,2750857 4639452,2752236 4697778))
3107;POLYGON((2335456 3543255,2389716 3536949,2383020 3480475,2329021 3486751,2335456 3543255))
3308;POLYGON((9327497 6264502,9382493 6264239,9382082 6206989,9327360 6207251,9327497 6264502))
3112;POLYGON((1406470 -2091037,1459336 -2096738,1453289 -2151784,1400642 -2146107,1406470 -2091037))
3577;POLYGON((1617804 -1963556,1670582 -1969991,1663781 -2024874,1611218 -2018465,1617804 -1963556))
