4326;POLYGON((147.5 -31.75,148.0 -31.75,148.0 -32.25,147.5 -32.25,147.5 -31.75))
28348;POLYGON((4676883 5565939,4729182 5540471,4698962 5479527,4647231 5505076,4676883 5565939))
28349;POLYGON((4055996 5836116,4107254 5815949,4083294 5756070,4032508 5776333,4055996 5836116))
28350;POLYGON((3447751 6048572,3497964 6032836,3479242 5974109,3429428 5989940,3447751 6048572))
28351;POLYGON((2851508 6212296,2900770 6200337,2886515 6142690,2837596 6154732,2851508 6212296))
28352;POLYGON((2265677 6333970,2314149 6325308,2303793 6268572,2255626 6277301,2265677 6333970))
28353;POLYGON((1688085 6418400,1735963 6412698,1729105 6356653,1681506 6362402,1688085 6418400))
28354;POLYGON((1116212 6468832,1163715 6465873,1160097 6410270,1112857 6413253,1116212 6468832))
28355;POLYGON((547355 6487165,594712 6486839,594200 6431414,547099 6431743,547355 6487165))
28356;POLYGON((-21268 6474083,26176 6476378,28750 6420863,-18434 6418550,-21268 6474083))
28357;POLYGON((-592447 6429100,-544684 6434100,-538929 6378230,-586419 6373189,-592447 6429100))
28358;POLYGON((-1168905 6350523,-1120601 6358418,-1111448 6301938,-1159455 6293982,-1168905 6350523))
3113;POLYGON((-471471 -328880,-424008 -326585,-421433 -382121,-468637 -384436,-471471 -328880))
3111;POLYGON((2737780 3079969,2785322 3078595,2783568 3022981,2736319 3024346,2737780 3079969))
3107;POLYGON((2178865 1959376,2225796 1953812,2219157 1898902,2172480 1904437,2178865 1959376))
3308;POLYGON((9347345 4666091,9394690 4665751,9394159 4610350,9347080 4610688,9347345 4666091))
3112;POLYGON((1265160 -3649392,1311827 -3654519,1305717 -3709143,1259267 -3704040,1265160 -3649392))
3577;POLYGON((1451462 -3547515,1498042 -3553286,1491055 -3608788,1444692 -3603043,1451462 -3547515))
