4326;POLYGON((147.25 -39.5,147.75 -39.5,147.75 -40.0,147.25 -40.0,147.25 -39.5))
28348;POLYGON((4169956 4670840,4213527 4645396,4180324 4589402,4137304 4614790,4169956 4670840))
28349;POLYGON((3645248 4944329,3689050 4923687,3662075 4867283,3618756 4887911,3645248 4944329))
28350;POLYGON((3119677 5164007,3163440 5147597,3141959 5091180,3098625 5107600,3119677 5164007))
28351;POLYGON((2595567 5336023,2639156 5323381,2622573 5267152,2579369 5279814,2595567 5336023))
28352;POLYGON((2073902 5465258,2117275 5456025,2105122 5400053,2062102 5409308,2073902 5465258))
28353;POLYGON((1554747 5555406,1597924 5549317,1589859 5493585,1547011 5499691,1554747 5555406))
28354;POLYGON((1037573 5609044,1080615 5605925,1076410 5550362,1033682 5553491,1037573 5609044))
28355;POLYGON((521494 5627705,564484 5627467,564020 5571973,521339 5572212,521494 5627705))
28356;POLYGON((5461 5611921,48488 5614557,51751 5559021,9037 5556378,5461 5611921))
28357;POLYGON((-511584 5561242,-468435 5566827,-461352 5511146,-504175 5505545,-511584 5561242))
28358;POLYGON((-1030548 5474221,-987210 5482914,-976108 5427007,-1019097 5418292,-1030548 5474221))
3113;POLYGON((-444731 -1191379,-401687 -1188742,-398422 -1244299,-441153 -1246944,-444731 -1191379))
3111;POLYGON((2693668 2220161,2736694 2219031,2735089 2163483,2692354 2164606,2693668 2220161))
3107;POLYGON((2058060 1107410,2101049 1102413,2094467 1046902,2051735 1051868,2058060 1107410))
3308;POLYGON((9321613 3805701,9364840 3805494,9364439 3749668,9321479 3749873,9321613 3805701))
3112;POLYGON((1151342 -4501859,1194618 -4506526,1188477 -4562435,1145423 -4557792,1151342 -4501859))
3577;POLYGON((1325752 -4398568,1369002 -4403841,1362271 -4458160,1319234 -4452912,1325752 -4398568))
