4326;POLYGON((147.5 -17.5,148.0 -17.5,148.0 -18.0,147.5 -18.0,147.5 -17.5))
28348;POLYGON((5385387 7434730,5452651 7416066,5432740 7345939,5365925 7364994,5385387 7434730))
28349;POLYGON((4605848 7628460,4669003 7614266,4653852 7548387,4591040 7562895,4605848 7628460))
28350;POLYGON((3869930 7775455,3929830 7764724,3918366 7702231,3858736 7713208,3869930 7775455))
28351;POLYGON((3168209 7885663,3225586 7877700,3217067 7817842,3159910 7825993,3168209 7885663))
28352;POLYGON((2492533 7965916,2548025 7960248,2541945 7902364,2486639 7908169,2492533 7965916))
28353;POLYGON((1835711 8020812,1889888 8017125,1885910 7960625,1831897 7964403,1835711 8020812))
28354;POLYGON((1191243 8053304,1244627 8051404,1242543 7995747,1189311 7997694,1191243 8053304))
28355;POLYGON((553079 8065061,606161 8064852,605866 8009528,552931 8009743,553079 8065061))
28356;POLYGON((-84603 8056675,-31341 8058146,-29860 8002657,-82973 8001148,-84603 8056675))
28357;POLYGON((-727609 8027724,-673678 8030951,-670349 7974790,-724120 7971484,-727609 8027724))
28358;POLYGON((-1381936 7976729,-1326824 7981877,-1321475 7924517,-1376407 7919243,-1381936 7976729))
3113;POLYGON((-534831 1254327,-481548 1255799,-480067 1200288,-533201 1198779,-534831 1254327))
3111;POLYGON((2780256 4697079,2836290 4695460,2834452 4637147,2778724 4638757,2780256 4697079))
3107;POLYGON((2362589 3540134,2416835 3533702,2410008 3477243,2356024 3483644,2362589 3540134))
3308;POLYGON((9354995 6264403,9409990 6264008,9409441 6206760,9354721 6207153,9354995 6264403))
3112;POLYGON((1432906 -2093862,1485761 -2099668,1479604 -2154701,1426969 -2148919,1432906 -2093862))
3577;POLYGON((1644196 -1966747,1696961 -1973285,1690053 -2028155,1637503 -2021644,1644196 -1966747))
