4326;POLYGON((146.75 -11.75,147.25 -11.75,147.25 -12.25,146.75 -12.25,146.75 -11.75))
28348;POLYGON((5467708 8274423,5538709 8261432,5525103 8189161,5454422 8202636,5467708 8274423))
28349;POLYGON((4649671 8408467,4715642 8398697,4705407 8331597,4639676 8341739,4649671 8408467))
28350;POLYGON((3884190 8509110,3946294 8501798,3938628 8438660,3876711 8446256,3884190 8509110))
28351;POLYGON((3158787 8583827,3217969 8578455,3212330 8518307,3153297 8523890,3158787 8583827))
28352;POLYGON((2463170 8637650,2520222 8633872,2516245 8575908,2459320 8579835,2463170 8637650))
28353;POLYGON((1788621 8673899,1844221 8671492,1841671 8615022,1786182 8617525,1788621 8673899))
28354;POLYGON((1127483 8694662,1182239 8693490,1180973 8637897,1126320 8639116,1127483 8694662))
28355;POLYGON((472760 8701078,527239 8701078,527189 8645789,472810 8645789,472760 8701078))
28356;POLYGON((-182239 8693490,-127483 8694662,-126320 8639116,-180973 8637897,-182239 8693490))
28357;POLYGON((-844221 8671492,-788621 8673899,-786182 8617525,-841671 8615022,-844221 8671492))
28358;POLYGON((-1520222 8633872,-1463170 8637650,-1459320 8579835,-1516245 8575908,-1520222 8633872))
3113;POLYGON((-632506 1891391,-577728 1892564,-576565 1836996,-631239 1835777,-632506 1891391))
3111;POLYGON((2708752 5382219,2768385 5380966,2766957 5320555,2707641 5321802,2708752 5382219))
3107;POLYGON((2353184 4208835,2410524 4202439,2403908 4144345,2346837 4150711,2353184 4208835))
3308;POLYGON((9270902 6933074,9329097 6933074,9328956 6874102,9271043 6874102,9270902 6933074))
3112;POLYGON((1418736 -1445547,1474171 -1451302,1468225 -1507487,1413014 -1501755,1418736 -1445547))
3577;POLYGON((1637543 -1331807,1692793 -1338324,1686334 -1392177,1631294 -1385685,1637543 -1331807))
