4326;POLYGON((147.5 -33.0,148.0 -33.0,148.0 -33.5,147.5 -33.5,147.5 -33.0))
28348;POLYGON((4602277 5414385,4653156 5388736,4622310 5328622,4572000 5354326,4602277 5414385))
28349;POLYGON((3996828 5687069,4046903 5666677,4022348 5607365,3972750 5627834,3996828 5687069))
28350;POLYGON((3401550 5902258,3450761 5886296,3431513 5827939,3382708 5843981,3401550 5902258))
28351;POLYGON((2816406 6068545,2864802 6056385,2850110 5998961,2802066 6011193,2816406 6068545))
28352;POLYGON((2240301 6192380,2288004 6183557,2277311 6126939,2229921 6135821,2240301 6192380))
28353;POLYGON((1671468 6278436,1718644 6272621,1711555 6216623,1664665 6222480,1671468 6278436))
28354;POLYGON((1107735 6329888,1154576 6326869,1150833 6271271,1104264 6274313,1107735 6329888))
28355;POLYGON((546708 6348602,593417 6348269,592887 6292833,546442 6293168,546708 6348602))
28356;POLYGON((-14110 6335248,32678 6337590,35341 6282073,-11178 6279713,-14110 6335248))
28357;POLYGON((-577221 6289349,-530148 6294449,-524196 6238610,-570987 6233473,-577221 6289349))
28358;POLYGON((-1145045 6209243,-1097491 6217288,-1088035 6160899,-1135284 6152799,-1145045 6209243))
3113;POLYGON((-464310 -467770,-417504 -465427,-414840 -520966,-461377 -523326,-464310 -467770))
3111;POLYGON((2734129 2940976,2780941 2939623,2779190 2884088,2732670 2885432,2734129 2940976))
3107;POLYGON((2162900 1822015,2209196 1816526,2202553 1761593,2156512 1767052,2162900 1822015))
3308;POLYGON((9346682 4527588,9393364 4527253,9392833 4471854,9346417 4472187,9346682 4527588))
3112;POLYGON((1250417 -3786104,1296541 -3791171,1290416 -3845923,1244510 -3840880,1250417 -3786104))
3577;POLYGON((1434546 -3686261,1480583 -3691965,1473609 -3747359,1427789 -3741681,1434546 -3686261))
