4326;POLYGON((147.25 -28.5,147.75 -28.5,147.75 -29.0,147.25 -29.0,147.25 -28.5))
28348;POLYGON((4835027 5981628,4890921 5957173,4862808 5894125,4807469 5918727,4835027 5981628))
28349;POLYGON((4175448 6239571,4229645 6220411,4207594 6159136,4153848 6178441,4175448 6239571))
28350;POLYGON((3535225 6440471,3587892 6425651,3570813 6366045,3518521 6380995,3535225 6440471))
28351;POLYGON((2911930 6594049,2963295 6582871,2950389 6524714,2899343 6536000,2911930 6594049))
28352;POLYGON((2302572 6707364,2352899 6699326,2343590 6642335,2293543 6650457,2302572 6707364))
28353;POLYGON((1703853 6785391,1753423 6780146,1747313 6724012,1697995 6729313,1703853 6785391))
28354;POLYGON((1112321 6831431,1161426 6828761,1158261 6773160,1109393 6775859,1112321 6831431))
28355;POLYGON((524466 6847382,573399 6847178,573051 6791782,524350 6791988,524466 6847382))
28356;POLYGON((-63241 6833893,-14185 6836147,-11731 6780627,-60551 6778348,-63241 6833893))
28357;POLYGON((-654332 6790415,-604859 6795218,-599504 6739247,-648726 6734392,-654332 6790415))
28358;POLYGON((-1252320 6715159,-1202139 6722711,-1193661 6665964,-1243567 6658333,-1252320 6715159))
3113;POLYGON((-513461 31068,-464386 33323,-461931 -22217,-510770 -24497,-513461 31068))
3111;POLYGON((2722580 3443253,2772030 3441955,2770414 3386013,2721258 3387304,2722580 3443253))
3107;POLYGON((2196084 2319415,2244681 2313767,2238162 2258781,2189819 2264400,2196084 2319415))
3308;POLYGON((9324535 5026690,9373606 5026455,9373207 4970924,9324402 4971158,9324535 5026690))
3112;POLYGON((1279326 -3292476,1327413 -3297661,1321434 -3352093,1273563 -3346930,1279326 -3292476))
3577;POLYGON((1471542 -3183028,1519548 -3188881,1512651 -3244542,1464863 -3238715,1471542 -3183028))
