4326;POLYGON((147.5 -15.25,148.0 -15.25,148.0 -15.75,147.5 -15.75,147.5 -15.25))
28348;POLYGON((5467156 7751825,5536325 7735044,5518586 7663692,5449824 7680909,5467156 7751825))
28349;POLYGON((4667876 7925550,4732481 7912850,4719050 7846206,4654753 7859250,4667876 7925550))
28350;POLYGON((3916710 8056801,3977746 8047236,3967623 7984279,3906828 7994110,3916710 8056801))
28351;POLYGON((3202831 8154882,3261129 8147805,3253629 8087681,3195525 8094959,3202831 8154882))
28352;POLYGON((2517092 8226132,2573362 8221104,2568020 8163085,2511914 8168258,2517092 8226132))
28353;POLYGON((1851588 8274789,1906450 8271522,1902960 8214969,1848242 8218331,1851588 8274789))
28354;POLYGON((1199281 8303556,1253297 8301874,1251470 8246212,1197588 8247943,1199281 8303556))
28355;POLYGON((553691 8313960,607386 8313776,607128 8258464,553562 8258654,553691 8313960))
28356;POLYGON((-91386 8306539,-37499 8307842,-36202 8252355,-89957 8251014,-91386 8306539))
28357;POLYGON((-742134 8280910,-687534 8283767,-684615 8227573,-739073 8224632,-742134 8280910))
28358;POLYGON((-1404969 8235721,-1349106 8240286,-1344409 8182823,-1400113 8178125,-1404969 8235721))
3113;POLYGON((-541617 1504289,-487709 1505592,-486411 1450084,-540187 1448743,-541617 1504289))
3111;POLYGON((2787202 4961537,2844625 4959877,2842764 4900822,2785651 4902472,2787202 4961537))
3107;POLYGON((2392307 3795826,2447736 3789254,2440842 3732243,2385678 3738784,2392307 3795826))
3308;POLYGON((9356236 6523655,9412471 6523252,9411917 6465401,9355959 6465802,9356236 6523655))
3112;POLYGON((1459730 -1845116,1513574 -1851031,1507377 -1906434,1453753 -1900543,1459730 -1845116))
3577;POLYGON((1674195 -1720697,1727923 -1727355,1721061 -1781859,1667547 -1775228,1674195 -1720697))
