4326;POLYGON((147.5 -34.75,148.0 -34.75,148.0 -35.25,147.5 -35.25,147.5 -34.75))
28348;POLYGON((4495275 5205578,4544166 5179778,4512513 5120812,4464189 5146635,4495275 5205578))
28349;POLYGON((3911562 5480707,3959963 5460079,3934622 5401562,3886701 5422241,3911562 5480707))
28350;POLYGON((3334719 5698914,3382500 5682696,3362545 5624859,3315178 5641138,3334719 5698914))
28351;POLYGON((2765483 5868190,2812634 5855793,2797350 5798684,2750562 5811140,2765483 5868190))
28352;POLYGON((2203408 5994622,2250000 5985604,2238848 5929154,2192581 5938221,2203408 5994622))
28353;POLYGON((1647274 6082667,1693431 6076713,1686024 6020783,1640166 6026773,1647274 6082667))
28354;POLYGON((1095383 6135381,1141259 6132286,1137344 6076696,1091751 6079810,1095383 6135381))
28355;POLYGON((545764 6154566,591529 6154225,590974 6098774,545486 6099117,545764 6154566))
28356;POLYGON((-3678 6140875,42153 6143276,44939 6087755,-611 6085339,-3678 6140875))
28357;POLYGON((-555049 6093843,-508978 6099067,-502756 6043272,-548533 6038016,-555049 6093843))
28358;POLYGON((-1110348 6011863,-1063878 6020090,-1054010 5963831,-1100163 5955558,-1110348 6011863))
3113;POLYGON((-453874 -662219,-408025 -659817,-405237 -715360,-450806 -717776,-453874 -662219))
3111;POLYGON((2729025 2746671,2774817 2745347,2773068 2689880,2727568 2691194,2729025 2746671))
3107;POLYGON((2140532 1629563,2185938 1624179,2179286 1569169,2134135 1574522,2140532 1629563))
3308;POLYGON((9345754 4333645,9391507 4333317,9390976 4277876,9345489 4278203,9345754 4333645))
3112;POLYGON((1229714 -3978091,1275074 -3983074,1268923 -4038054,1223782 -4033095,1229714 -3978091))
3577;POLYGON((1410925 -3879994,1456204 -3885604,1449256 -3940794,1404193 -3935210,1410925 -3879994))
