4326;POLYGON((146.75 -26.0,147.25 -26.0,147.25 -26.5,146.75 -26.5,146.75 -26.0))
28348;POLYGON((4909678 6323986,4968114 6300913,4942147 6236421,4884242 6259694,4909678 6323986))
28349;POLYGON((4223065 6566309,4279296 6548377,4259095 6486198,4203290 6504312,4223065 6566309))
28350;POLYGON((3560915 6753609,3615254 6739840,3599723 6679704,3545734 6693628,3560915 6753609))
28351;POLYGON((2919291 6895770,2972076 6885459,2960424 6827024,2907934 6837460,2919291 6895770))
28352;POLYGON((2294059 6999846,2345637 6992496,2337305 6935392,2285984 6942835,2294059 6999846))
28353;POLYGON((1681031 7070730,1731753 7066003,1726359 7009852,1675870 7014641,1681031 7070730))
28354;POLYGON((1076045 7111616,1126254 7109303,1123562 7053727,1073571 7056072,1076045 7111616))
28355;POLYGON((474980 7124292,525019 7124292,524912 7068918,475087 7068918,474980 7124292))
28356;POLYGON((-126254 7109303,-76045 7111616,-73571 7056072,-123562 7053727,-126254 7109303))
28357;POLYGON((-731753 7066003,-681031 7070730,-675870 7014641,-726359 7009852,-731753 7066003))
28358;POLYGON((-1345637 6992496,-1294059 6999846,-1285984 6942835,-1337305 6935392,-1345637 6992496))
3113;POLYGON((-576499 306586,-526270 308900,-523795 253334,-573806 250988,-576499 306586))
3111;POLYGON((2678287 3725123,2729218 3724053,2727887 3667739,2677252 3668803,2678287 3725123))
3107;POLYGON((2177563 2600511,2227462 2594946,2221178 2539765,2171534 2545302,2177563 2600511))
3308;POLYGON((9274798 5304956,9325201 5304956,9325068 5249208,9274931 5249208,9274798 5304956))
3112;POLYGON((1258934 -3015242,1308124 -3020349,1302365 -3074769,1253392 -3069685,1258934 -3015242))
3577;POLYGON((1455818 -2898799,1504937 -2904593,1498260 -2960266,1449358 -2954498,1455818 -2898799))
