4326;POLYGON((147.0 -37.75,147.5 -37.75,147.5 -38.25,147.0 -38.25,147.0 -37.75))
28348;POLYGON((4260093 4881972,4305610 4856615,4273304 4799538,4228340 4824869,4260093 4881972))
28349;POLYGON((3713780 5153624,3759268 5133180,3733184 5076018,3688176 5096474,3713780 5153624))
28350;POLYGON((3169390 5370580,3214631 5354414,3193972 5297501,3149153 5313695,3169390 5370580))
28351;POLYGON((2628652 5539587,2673557 5527197,2657688 5470671,2613159 5483095,2628652 5539587))
28352;POLYGON((2092011 5665907,2136581 5656907,2125016 5600782,2080787 5609814,2092011 5665907))
28353;POLYGON((1559052 5753456,1603346 5747568,1595730 5691781,1551754 5697693,1559052 5753456))
28354;POLYGON((1028810 5804935,1072923 5801977,1069025 5746415,1025215 5749386,1028810 5804935))
28355;POLYGON((500000 5821922,544047 5821804,543749 5766328,500000 5766446,500000 5821922))
28356;POLYGON((-28810 5804935,15292 5807654,18584 5752116,-25215 5749386,-28810 5804935))
28357;POLYGON((-559052 5753456,-514778 5759095,-507795 5703354,-551754 5697693,-559052 5753456))
28358;POLYGON((-1092011 5665907,-1047468 5674638,-1036582 5618577,-1080787 5609814,-1092011 5665907))
3113;POLYGON((-479016 -998290,-434896 -995570,-431602 -1051129,-475420 -1053861,-479016 -998290))
3111;POLYGON((2676234 2414920,2720284 2413879,2718827 2358399,2675069 2359434,2676234 2414920))
3107;POLYGON((2058186 1303751,2102084 1298752,2095657 1243453,2052014 1248423,2058186 1303751))
3308;POLYGON((9300000 4000684,9344160 4000578,9343893 3944940,9300000 3945045,9300000 4000684))
3112;POLYGON((1149931 -4304682,1193992 -4309345,1188004 -4364875,1144164 -4360235,1149931 -4304682))
3577;POLYGON((1326664 -4204859,1370672 -4210138,1364001 -4264854,1320207 -4259602,1326664 -4204859))
