4326;POLYGON((146.75 -14.5,147.25 -14.5,147.25 -15.0,146.75 -15.0,146.75 -14.5))
28348;POLYGON((5388407 7882128,5457515 7866574,5441115 7795512,5372385 7811503,5388407 7882128))
28349;POLYGON((4589897 8043020,4654439 8031268,4642041 7964912,4577786 7977007,4589897 8043020))
28350;POLYGON((3839392 8164333,3900382 8155504,3891061 8092811,3830295 8101904,3839392 8164333))
28351;POLYGON((3125871 8254684,3184154 8248180,3177277 8188281,3119176 8194984,3125871 8254684))
28352;POLYGON((2440064 8319921,2496358 8315338,2491499 8257498,2435359 8262222,2440064 8319921))
28353;POLYGON((1773978 8363928,1828910 8361004,1825790 8304579,1770994 8307594,1773978 8363928))
28354;POLYGON((1120498 8389160,1174636 8387735,1173086 8332144,1119074 8333614,1120498 8389160))
28355;POLYGON((473061 8396960,526938 8396960,526876 8341658,473123 8341658,473061 8396960))
28356;POLYGON((-174636 8387735,-120498 8389160,-119074 8333614,-173086 8332144,-174636 8387735))
28357;POLYGON((-828910 8361004,-773978 8363928,-770994 8307594,-825790 8304579,-828910 8361004))
28358;POLYGON((-1496358 8315338,-1440064 8319921,-1435359 8262222,-1491499 8257498,-1496358 8315338))
3113;POLYGON((-624899 1585517,-570740 1586942,-569315 1531374,-623348 1529905,-624899 1585517))
3111;POLYGON((2702688 5052406,2760590 5051190,2759187 4991853,2701597 4993064,2702688 5052406))
3107;POLYGON((2318487 3891088,2374358 3884856,2367837 3827595,2312232 3833797,2318487 3891088))
3308;POLYGON((9271673 6610812,9328326 6610812,9328187 6552737,9271812 6552737,9271673 6610812))
3112;POLYGON((1387408 -1753275,1441618 -1758903,1435736 -1814484,1381747 -1808879,1387408 -1753275))
3577;POLYGON((1603028 -1629422,1657114 -1635802,1650588 -1690209,1596715 -1683855,1603028 -1629422))
