4326;POLYGON((147.0 -11.75,147.5 -11.75,147.5 -12.25,147.0 -12.25,147.0 -11.75))
28348;POLYGON((5503149 8267966,5574389 8254819,5560620 8182302,5489704 8195938,5503149 8267966))
28349;POLYGON((4682611 8403611,4748767 8393724,4738409 8326435,4672496 8336698,4682611 8403611))
28350;POLYGON((3915207 8505477,3977452 8498074,3969691 8434791,3907635 8442481,3915207 8505477))
28351;POLYGON((3188352 8581159,3247639 8575715,3241924 8515459,3182788 8521117,3188352 8581159))
28352;POLYGON((2491677 8635776,2548803 8631938,2544763 8573897,2487764 8577888,2491677 8635776))
28353;POLYGON((1816409 8672709,1872057 8670248,1869451 8613728,1813915 8616287,1816409 8672709))
28354;POLYGON((1154855 8694089,1209635 8692867,1208318 8637249,1153641 8638520,1154855 8694089))
28355;POLYGON((500000 8701090,554479 8701042,554379 8645751,500000 8645801,500000 8701090))
28356;POLYGON((-154855 8694089,-100122 8695211,-99010 8639687,-153641 8638520,-154855 8694089))
28357;POLYGON((-816409 8672709,-760856 8675063,-758472 8618735,-813915 8616287,-816409 8672709))
28358;POLYGON((-1491677 8635776,-1434700 8639493,-1430912 8581751,-1487764 8577888,-1491677 8635776))
3113;POLYGON((-605111 1891990,-550356 1893113,-549244 1837567,-603896 1836399,-605111 1891990))
3111;POLYGON((2738569 5381632,2798200 5380222,2796613 5319815,2737300 5321217,2738569 5381632))
3107;POLYGON((2381858 4205670,2439183 4199142,2432433 4141063,2375376 4147561,2381858 4205670))
3308;POLYGON((9300000 6933108,9358195 6932969,9357913 6873998,9300000 6874137,9300000 6933108))
3112;POLYGON((1446456 -1448397,1501879 -1454262,1495822 -1510435,1440622 -1504594,1446456 -1448397))
3577;POLYGON((1665171 -1335039,1720408 -1341664,1713844 -1395504,1658817 -1388904,1665171 -1335039))
