4326;POLYGON((147.5 -26.75,148.0 -26.75,148.0 -27.25,147.5 -27.25,147.5 -26.75))
28348;POLYGON((4957925 6192427,5015835 6168327,4988549 6104033,4931190 6128318,4957925 6192427))
28349;POLYGON((4276741 6445940,4332574 6427151,4311279 6365026,4255890 6383987,4276741 6445940))
28350;POLYGON((3618824 6642564,3672843 6628082,3656408 6567916,3602754 6582549,3618824 6642564))
28351;POLYGON((2980738 6792485,3033245 6781581,3020849 6723076,2968649 6734103,2980738 6792485))
28352;POLYGON((2358713 6903021,2410030 6895176,2401086 6837990,2350036 6845928,2358713 6903021))
28353;POLYGON((1748834 6979291,1799290 6974152,1793395 6917927,1743180 6923131,1748834 6979291))
28354;POLYGON((1147149 7024684,1197073 7022025,1193972 6966400,1144273 6969094,1147149 7024684))
28355;POLYGON((549717 7041156,599436 7040863,598997 6985478,549497 6985775,549717 7041156))
28356;POLYGON((-47388 7029404,2453 7031466,4658 6975961,-44960 6973874,-47388 7029404))
28357;POLYGON((-648091 6988932,-597799 6993435,-592857 6937451,-642914 6932891,-648091 6988932))
28358;POLYGON((-1256329 6918001,-1205259 6925142,-1197368 6868316,-1248180 6861089,-1256329 6918001))
3113;POLYGON((-497601 226656,-447740 228718,-445534 173192,-495173 171104,-497601 226656))
3111;POLYGON((2752463 3638983,2802941 3637525,2801170 3581343,2750987 3582793,2752463 3638983))
3107;POLYGON((2242785 2509344,2292261 2503477,2285602 2448402,2236381 2454238,2242785 2509344))
3308;POLYGON((9350002 5221264,9400004 5220905,9399471 5165235,9349736 5165592,9350002 5221264))
3112;POLYGON((1323911 -3104587,1372745 -3109952,1366662 -3164336,1318044 -3158995,1323911 -3104587))
3577;POLYGON((1519308 -2991056,1568065 -2997098,1561059 -3052746,1512520 -3046731,1519308 -2991056))
