4326;POLYGON((147.25 -35.25,147.75 -35.25,147.75 -35.75,147.25 -35.75,147.25 -35.25))
28348;POLYGON((4440036 5159372,4488348 5133782,4456762 5075147,4409013 5100752,4440036 5159372))
28349;POLYGON((3862757 5432432,3910656 5411950,3885341 5353680,3837921 5374207,3862757 5432432))
28350;POLYGON((3291513 5649151,3338855 5633041,3318914 5575381,3271985 5591546,3291513 5649151))
28351;POLYGON((2727185 5817257,2773950 5804950,2758684 5747959,2712283 5760321,2727185 5817257))
28352;POLYGON((2169462 5942655,2215709 5933721,2204592 5877343,2158672 5886323,2169462 5942655))
28353;POLYGON((1617248 6029676,1663091 6023809,1655746 5967915,1610204 5973815,1617248 6029676))
28354;POLYGON((1068961 6081280,1114546 6078282,1110726 6022704,1065427 6025719,1068961 6081280))
28355;POLYGON((522743 6099203,568230 6098974,567809 6043520,522602 6043750,522743 6099203))
28356;POLYGON((-23391 6084044,22165 6086576,25128 6031047,-20143 6028500,-23391 6084044))
28357;POLYGON((-571431 6035297,-525641 6040674,-519196 5984877,-564687 5979469,-571431 6035297))
28358;POLYGON((-1123253 5951323,-1077082 5959727,-1066937 5903485,-1112787 5895036,-1123253 5951323))
3113;POLYGON((-473595 -719072,-428020 -716539,-425056 -772089,-470346 -774637,-473595 -719072))
3111;POLYGON((2704816 2691762,2750319 2690567,2748716 2635104,2703504 2636292,2704816 2691762))
3107;POLYGON((2111551 1577121,2156714 1571871,2150185 1516814,2105277 1522034,2111551 1577121))
3308;POLYGON((9322744 4278284,9368233 4278067,9367834 4222603,9322611 4222819,9322744 4278284))
3112;POLYGON((1201205 -4030683,1246355 -4035552,1240306 -4090620,1195374 -4085774,1201205 -4030683))
3577;POLYGON((1381653 -3932484,1426727 -3937980,1419895 -3993113,1375037 -3987644,1381653 -3932484))
