4326;POLYGON((147.0 -40.25,147.5 -40.25,147.5 -40.75,147.0 -40.75,147.0 -40.25))
28348;POLYGON((4099525 4599397,4142293 4574249,4109119 4518670,4066895 4543753,4099525 4599397))
28349;POLYGON((3583901 4869951,3626984 4849517,3599987 4793423,3557385 4813836,3583901 4869951))
28350;POLYGON((3066478 5087537,3109595 5071279,3088079 5015080,3045391 5031342,3066478 5087537))
28351;POLYGON((2549716 5257966,2592719 5245444,2576112 5189356,2533495 5201893,2549716 5257966))
28352;POLYGON((2034743 5385880,2077579 5376751,2065431 5320861,2022950 5330007,2034743 5385880))
28353;POLYGON((1521777 5474803,1564454 5468815,1556434 5413119,1514090 5419121,1521777 5474803))
28354;POLYGON((1010440 5527191,1053005 5524179,1048894 5468623,1006648 5471643,1010440 5527191))
28355;POLYGON((500000 5544494,542523 5544374,542209 5488874,500000 5488994,500000 5544494))
28356;POLYGON((-10440 5527191,32118 5529960,35592 5474420,-6648 5471643,-10440 5527191))
28357;POLYGON((-521777 5474803,-479112 5480537,-471755 5424870,-514090 5419121,-521777 5474803))
28358;POLYGON((-1034743 5385880,-991921 5394739,-980481 5338883,-1022950 5330007,-1034743 5385880))
3113;POLYGON((-460639 -1276142,-418063 -1273372,-414589 -1328934,-456846 -1331712,-460639 -1276142))
3111;POLYGON((2670401 2137292,2712993 2136286,2711532 2080686,2669233 2081686,2670401 2137292))
3107;POLYGON((2027259 1026472,2069874 1021619,2063407 965977,2021049 970800,2027259 1026472))
3308;POLYGON((9300000 3721961,9342826 3721859,9342558 3665933,9300000 3666035,9300000 3721961))
3112;POLYGON((1120980 -4583553,1163932 -4588099,1157881 -4644207,1115153 -4639685,1120980 -4583553))
3577;POLYGON((1294507 -4477485,1337448 -4482635,1330847 -4536779,1288117 -4531654,1294507 -4477485))
