4326;POLYGON((147.0 -42.0,147.5 -42.0,147.5 -42.5,147.0 -42.5,147.0 -42.0))
28348;POLYGON((3984626 4405886,4025498 4380997,3991788 4326431,3951453 4351230,3984626 4405886))
28349;POLYGON((3490355 4674439,3531753 4654106,3504172 4598744,3463255 4619034,3490355 4674439))
28350;POLYGON((2991969 4891452,3033578 4875204,3011501 4819501,2970325 4835734,2991969 4891452))
28351;POLYGON((2492333 5062078,2533973 5049522,2516874 4993742,2475629 5006299,2492333 5062078))
28352;POLYGON((1992986 5190515,2034567 5181339,2022028 5125612,1980811 5134796,1992986 5190515))
28353;POLYGON((1494541 5279990,1536040 5273961,1527747 5218329,1486591 5224367,1494541 5279990))
28354;POLYGON((997001 5332777,1038435 5329740,1034179 5274190,993075 5277231,997001 5332777))
28355;POLYGON((500000 5350223,541408 5350102,541083 5294585,500000 5294706,500000 5350223))
28356;POLYGON((2998 5332777,44429 5335568,48025 5280027,6924 5277231,2998 5332777))
28357;POLYGON((-494541 5279990,-453048 5285766,-445439 5230150,-486591 5224367,-494541 5279990))
28358;POLYGON((-992986 5190515,-951411 5199422,-939598 5143710,-980811 5134796,-992986 5190515))
3113;POLYGON((-447195 -1470632,-405748 -1467840,-402151 -1523403,-443268 -1526200,-447195 -1470632))
3111;POLYGON((2666308 1942497,2707877 1941514,2706412 1885764,2665137 1886739,2666308 1942497))
3107;POLYGON((2005484 831248,2047196 826498,2040692 770543,1999240 775264,2005484 831248))
3308;POLYGON((9300000 3525893,9341887 3525793,9341618 3469594,9300000 3469693,9300000 3525893))
3112;POLYGON((1100523 -4780604,1142691 -4785066,1136588 -4841660,1094645 -4837221,1100523 -4780604))
3577;POLYGON((1272213 -4666485,1314416 -4671547,1307874 -4725200,1265882 -4720164,1272213 -4666485))
