4326;POLYGON((148.0 -37.75,148.5 -37.75,148.5 -38.25,148.0 -38.25,148.0 -37.75))
28348;POLYGON((4351114 4830816,4396603 4804569,4363170 4747557,4318248 4773769,4351114 4830816))
28349;POLYGON((3804769 5112352,3850281 5091137,3823220 5033960,3778199 5055182,3804769 5112352))
28350;POLYGON((3259897 5337913,3305187 5321073,3283673 5264104,3238812 5280972,3259897 5337913))
28351;POLYGON((2718490 5514508,2763452 5501519,2746824 5444924,2702243 5457948,2718490 5514508))
28352;POLYGON((2181176 5647636,2225799 5638093,2213545 5581904,2169268 5591480,2181176 5647636))
28353;POLYGON((1647659 5741428,1691993 5735036,1683738 5679200,1639725 5685617,1647659 5741428))
28354;POLYGON((1117047 5798780,1161182 5795342,1156676 5739752,1112846 5743204,1117047 5798780))
28355;POLYGON((588095 5821451,632145 5820863,631251 5765382,587499 5765973,588095 5821451))
28356;POLYGON((59386 5810135,103471 5812378,106161 5756860,62377 5754607,59386 5810135))
28357;POLYGON((-470522 5764485,-426283 5769628,-419927 5713930,-463853 5708766,-470522 5764485))
28358;POLYGON((-1002950 5683103,-958457 5691304,-948241 5635302,-992401 5627072,-1002950 5683103))
3113;POLYGON((-390785 -993088,-346682 -990845,-343991 -1046384,-387793 -1048637,-390785 -993088))
3111;POLYGON((2764328 2412606,2808364 2411102,2806324 2355641,2762579 2357135,2764328 2412606))
3107;POLYGON((2145958 1293550,2189808 1288144,2182869 1232907,2139275 1238281,2145958 1293550))
3308;POLYGON((9388319 4000261,9432476 3999733,9431677 3944100,9387786 3944625,9388319 4000261))
3112;POLYGON((1238034 -4314183,1282057 -4319196,1275627 -4374677,1231825 -4369689,1238034 -4314183))
3577;POLYGON((1414660 -4215588,1458626 -4221211,1451526 -4275874,1407775 -4270278,1414660 -4215588))
