4326;POLYGON((147.75 -24.25,148.25 -24.25,148.25 -24.75,147.75 -24.75,147.75 -24.25))
28348;POLYGON((5116783 6506349,5177519 6483097,5151702 6417024,5091505 6440518,5116783 6506349))
28349;POLYGON((4405555 6750003,4463646 6732004,4443643 6668685,4385979 6686898,4405555 6750003))
28350;POLYGON((3723381 6937834,3779241 6924031,3763885 6863092,3708370 6877075,3723381 6937834))
28351;POLYGON((3065253 7080467,3119300 7070106,3107754 7011127,3053994 7021632,3065253 7080467))
28352;POLYGON((2426218 7185434,2478860 7177985,2470536 7120536,2418142 7128093,2426218 7185434))
28353;POLYGON((1801451 7257949,1853085 7253051,1847582 7196707,1796170 7201678,1801451 7257949))
28354;POLYGON((1186275 7301439,1237285 7298866,1234349 7243212,1183545 7245824,1186275 7301439))
28355;POLYGON((576136 7317889,626898 7317525,626397 7262156,575836 7262526,576136 7317889))
28356;POLYGON((-33444 7308037,17441 7309866,19353 7254379,-31329 7252523,-33444 7308037))
28357;POLYGON((-646938 7271442,-595554 7275545,-591144 7219538,-642312 7215373,-646938 7271442))
28358;POLYGON((-1268874 7206444,-1216611 7213009,-1209502 7156072,-1261526 7149410,-1268874 7206444))
3113;POLYGON((-483652 505398,-432746 507227,-430833 451719,-481536 449862,-483652 505398))
3111;POLYGON((2785857 3920483,2837812 3918846,2835879 3862233,2784221 3863862,2785857 3920483))
3107;POLYGON((2300267 2782559,2351006 2776424,2344190 2721128,2293707 2727233,2300267 2782559))
3308;POLYGON((9377008 5500291,9428345 5499799,9427675 5443843,9376606 5444332,9377008 5500291))
3112;POLYGON((1378216 -2835195,1428122 -2840777,1421926 -2895186,1372236 -2889628,1378216 -2835195))
3577;POLYGON((1578148 -2715961,1627982 -2722235,1620878 -2777784,1571262 -2771537,1578148 -2715961))
