4326;POLYGON((148.5 -41.0,149.0 -41.0,149.0 -41.5,148.5 -41.5,148.5 -41.0))
28348;POLYGON((4176214 4439651,4217998 4413352,4182930 4358468,4141705 4384676,4176214 4439651))
28349;POLYGON((3671081 4723551,3713374 4702040,3684649 4646371,3642852 4667842,3671081 4723551))
28350;POLYGON((3162199 4953525,3204664 4936272,3181586 4880309,3139565 4897553,3162199 4953525))
28351;POLYGON((2652622 5135370,2695066 5121932,2677056 5065955,2635011 5079399,2652622 5135370))
28352;POLYGON((2143952 5273808,2186287 5263833,2172878 5207974,2130909 5217962,2143952 5273808))
28353;POLYGON((1636777 5372496,1678983 5365719,1669824 5310015,1627960 5316804,1636777 5372496))
28354;POLYGON((1131012 5434064,1173115 5430304,1167965 5374728,1126188 5378495,1131012 5434064))
28355;POLYGON((626154 5460159,668207 5459316,666929 5403804,625195 5404649,626154 5460159))
28356;POLYGON((121488 5451480,163555 5453531,166115 5398006,124369 5395950,121488 5451480))
28357;POLYGON((-383742 5407794,-341601 5412794,-335135 5357181,-376944 5352171,-383742 5407794))
28358;POLYGON((-890170 5327933,-847911 5336015,-837368 5280260,-879276 5272164,-890170 5327933))
3113;POLYGON((-328659 -1351883,-286575 -1349831,-284014 -1405378,-325776 -1407434,-328659 -1351883))
3111;POLYGON((2795090 2050215,2837222 2048555,2834884 1992928,2793043 1994577,2795090 2050215))
3107;POLYGON((2144558 927921,2186716 922526,2179460 866853,2137560 872215,2144558 927921))
3308;POLYGON((9427269 3637131,9469688 3636420,9468615 3580394,9426465 3581100,9427269 3637131))
3112;POLYGON((1240028 -4681838,1282588 -4686857,1275844 -4743088,1233508 -4738096,1240028 -4681838))
3577;POLYGON((1412739 -4574527,1455300 -4580139,1448090 -4634002,1405740 -4628417,1412739 -4574527))
