4326;POLYGON((148.0 -38.5,148.5 -38.5,148.5 -39.0,148.0 -39.0,148.0 -38.5))
28348;POLYGON((4301747 4745363,4346386 4719171,4312686 4662638,4268610 4688783,4301747 4745363))
28349;POLYGON((3764842 5026680,3809618 5005458,3782272 4948624,3737988 4969843,3764842 5026680))
28350;POLYGON((3228203 5252556,3272847 5235678,3251064 5178940,3206851 5195838,3228203 5252556))
28351;POLYGON((2694062 5429702,2738450 5416663,2721588 5360212,2677585 5373279,2694062 5429702))
28352;POLYGON((2163268 5563420,2207371 5553830,2194930 5497720,2151178 5507338,2163268 5563420))
28353;POLYGON((1635726 5657719,1679578 5651290,1671191 5595487,1627664 5601938,1635726 5657719))
28354;POLYGON((1110727 5715417,1154405 5711958,1149824 5656372,1106456 5659844,1110727 5715417))
28355;POLYGON((587198 5738232,630800 5737640,629890 5682153,586592 5682747,587198 5738232))
28356;POLYGON((63885 5726843,107518 5729100,110253 5673580,66926 5671314,63885 5726843))
28357;POLYGON((-460491 5680911,-416723 5686085,-410263 5630404,-453714 5625212,-460491 5680911))
28358;POLYGON((-987085 5599070,-943094 5607314,-932718 5551366,-976371 5543096,-987085 5599070))
3113;POLYGON((-386284 -1076412,-342635 -1074154,-339898 -1129696,-383242 -1131963,-386284 -1076412))
3111;POLYGON((2761704 2329394,2805304 2327905,2803263 2272420,2759955 2273899,2761704 2329394))
3107;POLYGON((2135931 1210625,2179397 1205267,2172447 1149939,2129237 1155266,2135931 1210625))
3308;POLYGON((9387520 3916789,9431277 3916265,9430477 3860558,9386986 3861079,9387520 3916789))
3112;POLYGON((1228716 -4397481,1272407 -4402456,1265959 -4458096,1222489 -4453146,1228716 -4397481))
3577;POLYGON((1404337 -4297585,1447982 -4303167,1440903 -4357673,1397471 -4352119,1404337 -4297585))
