4326;POLYGON((148.0 -21.0,148.5 -21.0,148.5 -21.5,148.0 -21.5,148.0 -21.0))
28348;POLYGON((5303799 6931341,5368073 6909701,5344561 6841347,5280797 6863305,5303799 6931341))
28349;POLYGON((4555309 7157008,4616176 7140405,4598123 7075585,4537652 7092454,4555309 7157008))
28350;POLYGON((3843549 7329649,3901639 7316999,3887871 7255101,3830097 7267967,3843549 7329649))
28351;POLYGON((3161328 7460055,3217215 7450599,3206908 7391038,3151280 7400663,3161328 7460055))
28352;POLYGON((2502088 7555756,2556297 7548968,2548878 7491197,2494890 7498111,2502088 7555756))
28353;POLYGON((1859802 7621899,1912818 7617424,1907901 7560933,1855081 7565493,1859802 7621899))
28354;POLYGON((1228858 7661841,1281135 7659457,1278477 7603766,1226381 7606195,1228858 7661841))
28355;POLYGON((603932 7677527,655906 7677120,655381 7621768,603582 7622183,603932 7677527))
28356;POLYGON((-20138 7669704,31960 7671256,33542 7615791,-18378 7614210,-20138 7669704))
28357;POLYGON((-648495 7638002,-595841 7641585,-592077 7585552,-644542 7581901,-648495 7638002))
28358;POLYGON((-1286394 7580890,-1232739 7586679,-1226610 7529610,-1280055 7523712,-1286394 7580890))
3113;POLYGON((-470340 867206,-418222 868758,-416639 813271,-468580 811689,-470340 867206))
3111;POLYGON((2823519 4290317,2877416 4288476,2875307 4231149,2821711 4232980,2823519 4290317))
3107;POLYGON((2369310 3140673,2421707 3134214,2414705 3078476,2362567 3084903,2369310 3140673))
3308;POLYGON((9406176 5865681,9459262 5865046,9458451 5808565,9405636 5809197,9406176 5865681))
3112;POLYGON((1442817 -2483556,1494121 -2489399,1487794 -2543997,1436707 -2538180,1442817 -2483556))
3577;POLYGON((1648427 -2358786,1699658 -2365337,1692479 -2420619,1641464 -2414095,1648427 -2358786))
