4326;POLYGON((148.25 -39.0,148.75 -39.0,148.75 -39.5,148.25 -39.5,148.25 -39.0))
28348;POLYGON((4290652 4675766,4334710 4649401,4300554 4593215,4257061 4619522,4290652 4675766))
28349;POLYGON((3760130 4959281,3804412 4937870,3776633 4881270,3732846 4902669,3760130 4959281))
28350;POLYGON((3228956 5187431,3273175 5170364,3250996 5113774,3207214 5130854,3228956 5187431))
28351;POLYGON((2699584 5366784,2743597 5353565,2726385 5297199,2682762 5310441,2699584 5366784))
28352;POLYGON((2173052 5502564,2216814 5492808,2204073 5436738,2160665 5446519,2173052 5502564))
28353;POLYGON((1649426 5598744,1692961 5592166,1684322 5536374,1641116 5542973,1649426 5598744))
28354;POLYGON((1128139 5658138,1171512 5654545,1166725 5598956,1123665 5602562,1128139 5658138))
28355;POLYGON((608241 5682480,651540 5681766,650467 5626273,607475 5626989,608241 5682480))
28356;POLYGON((88590 5672477,131914 5674623,134524 5619104,91509 5616951,88590 5672477))
28357;POLYGON((-431987 5627839,-388543 5632907,-382174 5577245,-425298 5572161,-431987 5627839))
28358;POLYGON((-954542 5547264,-910899 5555402,-900588 5499501,-943891 5491340,-954542 5547264))
3113;POLYGON((-361570 -1130800,-318229 -1128653,-315617 -1184193,-358649 -1186347,-361570 -1130800))
3111;POLYGON((2781610 2273188,2824914 2271595,2822726 2216093,2779714 2217675,2781610 2273188))
3107;POLYGON((2150845 1152627,2194043 1147201,2186956 1091824,2144015 1097218,2150845 1152627))
3308;POLYGON((9408732 3860844,9452222 3860220,9451288 3804460,9408065 3805080,9408732 3860844))
3112;POLYGON((1244226 -4455600,1287686 -4460636,1281114 -4516376,1237876 -4511365,1244226 -4455600))
3577;POLYGON((1419190 -4354875,1462610 -4360514,1455439 -4414895,1412231 -4409284,1419190 -4354875))
