4326;POLYGON((148.0 -21.5,148.5 -21.5,148.5 -22.0,148.0 -22.0,148.0 -21.5))
28348;POLYGON((5280797 6863305,5344561 6841347,5320630 6773318,5257383 6795583,5280797 6863305))
28349;POLYGON((4537652 7092454,4598123 7075585,4579723 7010972,4519655 7028101,4537652 7092454))
28350;POLYGON((3830097 7267967,3887871 7255101,3873825 7193331,3816371 7206408,3830097 7267967))
28351;POLYGON((3151280 7400663,3206908 7391038,3196383 7331552,3141020 7341343,3151280 7400663))
28352;POLYGON((2494890 7498111,2548878 7491197,2541298 7433465,2487536 7440502,2494890 7498111))
28353;POLYGON((1855081 7565493,1907901 7560933,1902876 7504458,1850256 7509101,1855081 7565493))
28354;POLYGON((1226381 7606195,1278477 7603766,1275760 7548077,1223849 7550551,1226381 7606195))
28355;POLYGON((603582 7622183,655381 7621768,654844 7566413,603224 7566835,603582 7622183))
28356;POLYGON((-18378 7614210,33542 7615791,35160 7560325,-16579 7558714,-18378 7614210))
28357;POLYGON((-644542 7581901,-592077 7585552,-588228 7529528,-640501 7525810,-644542 7581901))
28358;POLYGON((-1280055 7523712,-1226610 7529610,-1220346 7472567,-1273578 7466563,-1280055 7523712))
3113;POLYGON((-468580 811689,-416639 813271,-415021 757784,-466780 756172,-468580 811689))
3111;POLYGON((2821711 4232980,2875307 4231149,2873203 4173945,2819908 4175765,2821711 4232980))
3107;POLYGON((2362567 3084903,2414705 3078476,2407714 3022820,2355833 3029215,2362567 3084903))
3308;POLYGON((9405636 5809197,9458451 5808565,9457641 5752177,9405096 5752806,9405636 5809197))
3112;POLYGON((1436707 -2538180,1487794 -2543997,1481471 -2598554,1430601 -2592761,1436707 -2538180))
3577;POLYGON((1641464 -2414095,1692479 -2420619,1685293 -2475949,1634495 -2469453,1641464 -2414095))
