4326;POLYGON((147.75 -35.75,148.25 -35.75,148.25 -36.25,147.75 -36.25,147.75 -35.75))
28348;POLYGON((4456762 5075147,4504527 5049080,4472161 4990761,4424965 5016830,4456762 5075147))
28349;POLYGON((3885341 5353680,3932797 5332760,3906785 5274676,3859816 5295632,3885341 5353680))
28350;POLYGON((3318914 5575381,3365886 5558876,3345333 5501313,3298781 5517868,3318914 5575381))
28351;POLYGON((2758684 5747959,2805128 5735298,2789330 5678346,2743256 5691058,2758684 5747959))
28352;POLYGON((2204592 5877343,2250550 5868094,2238974 5811720,2193349 5821012,2204592 5877343))
28353;POLYGON((1655746 5967915,1701315 5961768,1693576 5905861,1648313 5912041,1655746 5967915))
28354;POLYGON((1110726 6022704,1156038 6019453,1151881 5963858,1106859 5967127,1110726 6022704))
28355;POLYGON((567809 6043520,613016 6043059,612305 5987597,567382 5988061,567809 6043520))
28356;POLYGON((25128 6031047,70389 6033361,73101 5977844,28128 5975518,25128 6031047))
28357;POLYGON((-519196 5984877,-473728 5990041,-467505 5934285,-512673 5929092,-519196 5984877))
28358;POLYGON((-1066937 5903485,-1021122 5911670,-1011184 5855507,-1056677 5847281,-1066937 5903485))
3113;POLYGON((-425056 -772089,-379778 -769775,-377065 -825313,-422056 -827641,-425056 -772089))
3111;POLYGON((2748716 2635104,2793921 2633679,2792028 2578232,2747114 2579648,2748716 2635104))
3107;POLYGON((2150185 1516814,2195069 1511387,2188281 1456324,2143653 1461720,2150185 1516814))
3308;POLYGON((9367834 4222603,9413056 4222170,9412392 4166683,9367436 4167114,9367834 4222603))
3112;POLYGON((1240306 -4090620,1285218 -4095644,1278941 -4150767,1234248 -4145767,1240306 -4090620))
3577;POLYGON((1419895 -3993113,1464732 -3998758,1457694 -4053789,1413073 -4048171,1419895 -3993113))
