4326;POLYGON((148.25 -13.5,148.75 -13.5,148.75 -14.0,148.25 -14.0,148.25 -13.5))
28348;POLYGON((5629853 7979036,5701067 7963312,5684536 7890363,5613707 7906573,5629853 7979036))
28349;POLYGON((4809319 8141510,4875487 8129650,4863015 8061902,4797136 8074139,4809319 8141510))
28350;POLYGON((4041788 8263949,4104036 8255032,4094652 8191315,4032628 8200523,4041788 8263949))
28351;POLYGON((3315112 8355422,3374365 8348817,3367406 8288181,3308332 8295006,3315112 8355422))
28352;POLYGON((2619209 8422081,2676243 8417363,2671260 8359014,2614376 8363890,2619209 8422081))
28353;POLYGON((1945506 8468032,2000989 8464921,1997687 8408175,1942335 8411391,1945506 8468032))
28354;POLYGON((1286480 8495908,1341008 8494232,1339205 8438481,1284796 8440214,1286480 8495908))
28355;POLYGON((635284 8507225,689411 8506894,689009 8451575,634997 8451917,635284 8507225))
28356;POLYGON((-14574 8502582,39685 8503579,40664 8448146,-13479 8447115,-14574 8502582))
28357;POLYGON((-669533 8481734,-614598 8484111,-612187 8428016,-666997 8425558,-669533 8481734))
28358;POLYGON((-1336253 8443564,-1280073 8447451,-1276099 8390115,-1332140 8386097,-1336253 8443564))
3113;POLYGON((-464775 1700408,-410494 1701406,-409514 1645952,-463679 1644920,-464775 1700408))
3111;POLYGON((2880440 5167039,2938942 5164887,2936590 5105207,2878402 5107347,2880440 5167039))
3107;POLYGON((2500162 3986442,2556472 3979369,2549120 3921917,2493076 3928957,2500162 3986442))
3308;POLYGON((9443025 6726601,9500231 6725780,9499253 6667404,9442326 6668221,9443025 6726601))
3112;POLYGON((1562652 -1659436,1617235 -1665761,1610666 -1721473,1556305 -1715173,1562652 -1659436))
3577;POLYGON((1779075 -1540772,1833506 -1547842,1826367 -1601977,1772148 -1594936,1779075 -1540772))
