4326;POLYGON((148.25 -38.75,148.75 -38.75,148.75 -39.25,148.25 -39.25,148.25 -38.75))
28348;POLYGON((4307383 4704005,4351725 4677614,4317654 4621268,4273878 4647605,4307383 4704005))
28349;POLYGON((3773703 4987671,3818232 4966257,3790545 4909541,3746511 4930947,3773703 4987671))
28350;POLYGON((3239761 5215776,3284198 5198718,3262107 5142050,3218106 5159124,3239761 5215776))
28351;POLYGON((2707938 5394990,2752144 5381785,2735010 5325370,2691192 5338601,2707938 5394990))
28352;POLYGON((2179199 5530605,2223138 5520863,2210459 5464766,2166873 5474535,2179199 5530605))
28353;POLYGON((1653548 5626638,1697247 5620070,1688652 5564267,1645281 5570856,1653548 5626638))
28354;POLYGON((1130358 5685928,1173886 5682341,1169125 5626750,1125908 5630350,1130358 5685928))
28355;POLYGON((608621 5710223,652072 5709511,651005 5654020,607859 5654735,608621 5710223))
28356;POLYGON((87142 5700240,130619 5702381,133215 5646864,90046 5644714,87142 5700240))
28357;POLYGON((-435305 5655683,-391702 5660741,-385367 5605075,-428651 5599999,-435305 5655683))
28358;POLYGON((-959828 5575240,-916016 5583365,-905757 5527447,-949230 5519298,-959828 5575240))
3113;POLYGON((-363018 -1103026,-319524 -1100884,-316927 -1156423,-360113 -1158573,-363018 -1103026))
3111;POLYGON((2782558 2300936,2826007 2299337,2823820 2243847,2780662 2245434,2782558 2300936))
3107;POLYGON((2154257 1180307,2197583 1174865,2190501 1119521,2147431 1124931,2154257 1180307))
3308;POLYGON((9409066 3888705,9452689 3888079,9451755 3832347,9408399 3832970,9409066 3888705))
3112;POLYGON((1247397 -4427759,1290967 -4432809,1284402 -4488492,1241053 -4483468,1247397 -4427759))
3577;POLYGON((1422674 -4327628,1466201 -4333281,1459023 -4387719,1415709 -4382094,1422674 -4327628))
