4326;POLYGON((148.25 -21.75,148.75 -21.75,148.75 -22.25,148.25 -22.25,148.25 -21.75))
28348;POLYGON((5300857 6818409,5364512 6796054,5340111 6728037,5276981 6750694,5300857 6818409))
28349;POLYGON((4558800 7051799,4619193 7034610,4600417 6969974,4540433 6987420,4558800 7051799))
28350;POLYGON((3852051 7230723,3909765 7217600,3895415 7155790,3838028 7169124,3852051 7230723))
28351;POLYGON((3173905 7366171,3229479 7356338,3218712 7296807,3163406 7306805,3173905 7366171))
28352;POLYGON((2518156 7465840,2572090 7458759,2564314 7400985,2510610 7408190,2518156 7465840))
28353;POLYGON((1879032 7535018,1931791 7530323,1926610 7473814,1874054 7478593,1879032 7535018))
28354;POLYGON((1251119 7577169,1303144 7574631,1300304 7518920,1248466 7521504,1251119 7577169))
28355;POLYGON((629258 7594321,680971 7593819,680338 7538458,628806 7538969,629258 7594321))
28356;POLYGON((8435 7587281,60252 7588792,61795 7533339,10162 7531800,8435 7587281))
28357;POLYGON((-616340 7555719,-564001 7559314,-560208 7503326,-612353 7499666,-616340 7555719))
28358;POLYGON((-1250152 7498135,-1196861 7503987,-1190638 7447009,-1243713 7441053,-1250152 7498135))
3113;POLYGON((-441756 784751,-389919 786262,-388375 730787,-440029 729248,-441756 784751))
3111;POLYGON((2847533 4203480,2900974 4201514,2898722 4144375,2845581 4146329,2847533 4203480))
3107;POLYGON((2385207 3053874,2437202 3047342,2430086 2991741,2378349 2998240,2385207 3053874))
3308;POLYGON((9431706 5780706,9484384 5779950,9483440 5723608,9431032 5724361,9431706 5780706))
3112;POLYGON((1459145 -2568352,1510112 -2574259,1503683 -2628783,1452933 -2622902,1459145 -2568352))
3577;POLYGON((1663437 -2444998,1714330 -2451608,1707033 -2506947,1656356 -2500365,1663437 -2444998))
