4326;POLYGON((147.75 -34.25,148.25 -34.25,148.25 -34.75,147.75 -34.75,147.75 -34.25))
28348;POLYGON((4550862 5252013,4600340 5226008,4568623 5166701,4519717 5192737,4550862 5252013))
28349;POLYGON((3960638 5529158,4009547 5508389,3984182 5449616,3935757 5470443,3960638 5529158))
28350;POLYGON((3378153 5748800,3426374 5732477,3406410 5674458,3358603 5690847,3378153 5748800))
28351;POLYGON((2803989 5919197,2851527 5906713,2836228 5849482,2789052 5862029,2803989 5919197))
28352;POLYGON((2237561 6046618,2284497 6037519,2273312 5980994,2226699 5990146,2237561 6046618))
28353;POLYGON((1677519 6135652,1723987 6129613,1716521 6073644,1670349 6079721,1677519 6135652))
28354;POLYGON((1122045 6189444,1168210 6186254,1164203 6130651,1118319 6133862,1122045 6189444))
28355;POLYGON((569058 6209869,615098 6209417,614413 6153968,568646 6154424,569058 6209869))
28356;POLYGON((16349 6197632,62452 6199902,65064 6144390,19239 6142104,16349 6197632))
28357;POLYGON((-538300 6152310,-491952 6157381,-485952 6101589,-532010 6096485,-538300 6152310))
28358;POLYGON((-1097016 6072329,-1050253 6080378,-1040658 6024106,-1087108 6016009,-1097016 6072329))
3113;POLYGON((-433839 -605440,-387718 -603169,-385104 -658703,-430948 -660989,-433839 -605440))
3111;POLYGON((2753525 2801526,2799604 2800073,2797709 2744596,2751922 2746039,2753525 2801526))
3107;POLYGON((2169759 1681895,2215406 1676375,2208631 1621408,2163238 1626897,2169759 1681895))
3308;POLYGON((9369029 4388933,9415046 4388493,9414383 4333071,9368631 4333509,9369029 4388933))
3112;POLYGON((1258429 -3925638,1303998 -3930736,1297746 -3985633,1252396 -3980560,1258429 -3925638))
3577;POLYGON((1440416 -3827509,1485900 -3833235,1478836 -3888476,1433567 -3882777,1440416 -3827509))
