4326;POLYGON((148.25 -17.5,148.75 -17.5,148.75 -18.0,148.25 -18.0,148.25 -17.5))
28348;POLYGON((5486427 7406572,5554271 7387258,5533669 7316533,5466288 7336248,5486427 7406572))
28349;POLYGON((4700695 7607045,4764314 7592355,4748636 7525995,4685371 7541008,4700695 7607045))
28350;POLYGON((3959870 7759262,4020134 7748141,4008256 7685268,3948269 7696643,3959870 7759262))
28351;POLYGON((3254343 7873641,3311999 7865362,3303144 7805212,3245713 7813686,3254343 7873641))
28352;POLYGON((2575822 7957348,2631517 7951413,2625154 7893315,2569648 7899393,2575822 7957348))
28353;POLYGON((1917010 8015223,1971322 8011300,1967096 7954658,1912950 7958676,1917010 8015223))
28354;POLYGON((1271336 8050400,1324791 8048283,1322479 7992550,1269176 7994718,1271336 8050400))
28355;POLYGON((632704 8064695,685798 8064277,685283 8008939,632336 8009368,632704 8064695))
28356;POLYGON((-4722 8058829,48491 8060088,49747 8004647,-3317 8003356,-4722 8058829))
28357;POLYGON((-646741 8032507,-592920 8035507,-589830 7979459,-643492 7976385,-646741 8032507))
28358;POLYGON((-1299312 7984388,-1244377 7989284,-1239294 7932104,-1294052 7927089,-1299312 7984388))
3113;POLYGON((-454919 1256482,-401684 1257742,-400428 1202279,-453513 1200988,-454919 1256482))
3111;POLYGON((2864304 4694540,2920323 4692480,2918026 4634183,2862312 4636232,2864304 4694540))
3107;POLYGON((2443946 3530392,2498146 3523583,2490927 3467173,2436989 3473949,2443946 3530392))
3308;POLYGON((9437486 6263712,9492476 6262923,9491517 6205680,9436801 6206465,9437486 6263712))
3112;POLYGON((1512179 -2102650,1564999 -2108771,1558514 -2163767,1505914 -2157671,1512179 -2102650))
3577;POLYGON((1723334 -1976632,1776060 -1983480,1768830 -2038308,1716319 -2031488,1723334 -1976632))
