4326;POLYGON((148.5 -36.25,149.0 -36.25,149.0 -36.75,148.5 -36.75,148.5 -36.25))
28348;POLYGON((4495761 4977554,4542963 4950787,4509527 4892812,4462904 4919565,4495761 4977554))
28349;POLYGON((3930281 5264050,3977292 5242497,3950331 5184603,3903816 5206181,3930281 5264050))
28350;POLYGON((3368623 5492907,3415233 5475836,3393845 5418360,3347666 5435475,3368623 5492907))
28351;POLYGON((2812382 5671877,2858515 5658711,2841989 5601783,2796233 5614996,2812382 5671877))
28352;POLYGON((2261800 5806972,2307477 5797271,2295265 5740884,2249927 5750627,2261800 5806972))
28353;POLYGON((1716217 5902677,1761518 5896121,1753222 5840187,1708232 5846775,1716217 5902677))
28354;POLYGON((1174398 5962135,1219442 5958510,1214793 5902890,1170043 5906534,1174398 5962135))
28355;POLYGON((634768 5987279,679695 5986467,678543 5930995,633904 5931811,634768 5987279))
28356;POLYGON((95583 5978920,140542 5980895,142850 5925394,98182 5923407,95583 5978920))
28357;POLYGON((-444929 5936789,-399794 5941616,-393951 5885909,-438785 5881057,-444929 5936789))
28358;POLYGON((-988450 5859522,-943005 5867356,-933439 5811285,-978562 5803414,-988450 5859522))
3113;POLYGON((-354574 -824237,-309597 -822261,-307288 -877784,-351974 -879771,-354574 -824237))
3111;POLYGON((2814482 2577436,2859383 2575666,2857053 2520237,2812443 2521995,2814482 2577436))
3107;POLYGON((2210586 1453548,2255176 1447842,2248001 1392787,2203666 1398460,2210586 1453548))
3308;POLYGON((9434869 4166387,9479821 4165634,9478758 4110123,9434072 4110872,9434869 4166387))
3112;POLYGON((1301279 -4153333,1345941 -4158600,1339325 -4213770,1294882 -4208529,1301279 -4153333))
3577;POLYGON((1479996 -4056664,1524584 -4062543,1517234 -4117452,1472861 -4111600,1479996 -4056664))
