4326;POLYGON((148.25 -20.5,148.75 -20.5,148.75 -21.0,148.25 -21.0,148.25 -20.5))
28348;POLYGON((5358730 6989090,5423671 6967543,5400328 6898701,5335897 6920580,5358730 6989090))
28349;POLYGON((4603216 7213641,4664607 7197129,4646706 7131964,4585710 7148753,4603216 7213641))
28350;POLYGON((3885898 7385275,3944406 7372702,3930762 7310564,3872568 7323361,3885898 7385275))
28351;POLYGON((3199212 7514905,3255437 7505504,3245220 7445780,3189252 7455357,3199212 7514905))
28352;POLYGON((2536327 7610132,2590814 7603371,2583447 7545496,2529178 7552387,2536327 7610132))
28353;POLYGON((1891012 7676147,1944260 7671669,1939356 7615118,1886300 7619684,1891012 7676147))
28354;POLYGON((1257500 7716340,1309976 7713920,1307290 7658202,1254991 7660670,1257500 7716340))
28355;POLYGON((630346 7732689,682495 7732210,681896 7676856,629918 7677344,630346 7732689))
28356;POLYGON((4281 7725979,56539 7727419,57999 7671970,5914 7670501,4281 7725979))
28357;POLYGON((-625933 7695890,-573127 7699318,-569538 7643311,-622160 7639815,-625933 7695890))
28358;POLYGON((-1265650 7640958,-1211843 7646543,-1205950 7589502,-1259554 7583809,-1265650 7640958))
3113;POLYGON((-445912 923502,-393633 924943,-392173 869472,-444278 868002,-445912 923502))
3111;POLYGON((2852431 4346891,2906625 4344897,2904361 4287450,2850469 4289432,2852431 4346891))
3107;POLYGON((2402396 3193314,2455035 3186702,2447894 3130894,2395512 3137474,2402396 3193314))
3308;POLYGON((9433396 5921974,9486751 5921208,9485803 5864633,9432719 5865395,9433396 5921974))
3112;POLYGON((1474696 -2431795,1526206 -2437764,1519765 -2492397,1468472 -2486452,1474696 -2431795))
3577;POLYGON((1681111 -2306794,1732545 -2313474,1725264 -2368688,1674046 -2362036,1681111 -2306794))
