4326;POLYGON((148.0 -40.25,148.5 -40.25,148.5 -40.75,148.0 -40.75,148.0 -40.25))
28348;POLYGON((4185017 4548681,4227693 4522688,4193412 4467253,4151292 4493171,4185017 4548681))
28349;POLYGON((3670053 4828712,3713108 4807532,3685133 4751489,3642570 4772642,3670053 4828712))
28350;POLYGON((3152717 5054690,3195841 5037769,3173455 4981568,3130767 4998490,3152717 5054690))
28351;POLYGON((2635736 5232625,2678764 5219506,2661373 5163391,2618738 5176523,2635736 5232625))
28352;POLYGON((2120429 5367351,2163294 5357676,2150429 5301751,2107924 5311443,2120429 5367351))
28353;POLYGON((1607142 5462573,1649843 5456076,1641153 5400350,1598788 5406863,1607142 5462573))
28354;POLYGON((1095578 5520923,1138157 5517423,1133405 5461849,1091147 5465359,1095578 5520923))
28355;POLYGON((585048 5544015,627573 5543415,626629 5487912,584419 5488513,585048 5544015))
28356;POLYGON((74672 5532486,117220 5534771,120058 5479244,77827 5476953,74672 5532486))
28357;POLYGON((-436457 5486020,-393814 5491251,-387116 5435610,-429431 5430366,-436457 5486020))
28358;POLYGON((-949113 5403329,-906320 5411653,-895579 5355830,-938024 5347490,-949113 5403329))
3113;POLYGON((-375493 -1270845,-332929 -1268560,-330089 -1324108,-372337 -1326400,-375493 -1270845))
3111;POLYGON((2755578 2135055,2798157 2133601,2796113 2078020,2753826 2079464,2755578 2135055))
3107;POLYGON((2112466 1016568,2155034 1011321,2148053 955741,2105741 960957,2112466 1016568))
3308;POLYGON((9385651 3721551,9428474 3721039,9427671 3665118,9385115 3665627,9385651 3721551))
3112;POLYGON((1206865 -4592815,1249779 -4597702,1243282 -4653760,1200591 -4648899,1206865 -4592815))
3577;POLYGON((1380370 -4487953,1423270 -4493440,1416245 -4547531,1373556 -4542071,1380370 -4487953))
