4326;POLYGON((148.0 -32.5,148.5 -32.5,148.5 -33.0,148.0 -33.0,148.0 -32.5))
28348;POLYGON((4683756 5449181,4735272 5423111,4704094 5362604,4653156 5388736,4683756 5449181))
28349;POLYGON((4071223 5726215,4121851 5705503,4097049 5645881,4046903 5666677,4071223 5726215))
28350;POLYGON((3469801 5944801,3519491 5928584,3500043 5869992,3450761 5886296,3469801 5944801))
28351;POLYGON((2879321 6113899,2928134 6101521,2913263 6043929,2864802 6056385,2879321 6113899))
28352;POLYGON((2298563 6240222,2346631 6231199,2335759 6174470,2288004 6183557,2298563 6240222))
28353;POLYGON((1725642 6328638,1773140 6322627,1765857 6266565,1718644 6272621,1725642 6328638))
28354;POLYGON((1158269 6382469,1205399 6379247,1201437 6323622,1154576 6326869,1158269 6382469))
28355;POLYGON((593941 6403700,640915 6403149,640130 6347713,593417 6348269,593941 6403700))
28356;POLYGON((30050 6393106,77088 6395206,79451 6339707,32678 6337590,30050 6393106))
28357;POLYGON((-536021 6350300,-488702 6355128,-483106 6299314,-530148 6294449,-536021 6350300))
28358;POLYGON((-1106826 6273712,-1059018 6281446,-1049983 6225077,-1097491 6217288,-1106826 6273712))
3113;POLYGON((-420132 -409890,-373076 -407789,-370712 -463310,-417504 -465427,-420132 -409890))
3111;POLYGON((2782692 2995187,2829788 2993579,2827745 2938025,2780941 2939623,2782692 2995187))
3107;POLYGON((2215837 1871446,2262361 1865711,2255466 1810822,2209196 1816526,2215837 1871446))
3308;POLYGON((9393894 4582650,9440839 4582089,9440043 4526695,9393364 4527253,9393894 4582650))
3112;POLYGON((1302660 -3736473,1348980 -3741748,1342644 -3796421,1296541 -3791171,1302660 -3736473))
3577;POLYGON((1487563 -3636525,1533794 -3642437,1526598 -3697850,1480583 -3691965,1487563 -3636525))
