4326;POLYGON((148.5 -21.75,149.0 -21.75,149.0 -22.25,148.5 -22.25,148.5 -21.75))
28348;POLYGON((5332647 6807292,5396451 6784692,5371783 6716522,5308510 6739427,5332647 6807292))
28349;POLYGON((4588966 7043252,4649483 7025873,4630499 6961107,4570395 6978745,4588966 7043252))
28350;POLYGON((3880883 7224200,3938698 7210925,3924183 7149008,3866697 7162495,3880883 7224200))
28351;POLYGON((3201673 7361285,3257326 7351328,3246422 7291712,3191040 7301837,3201673 7361285))
28352;POLYGON((2545108 7462326,2599101 7455138,2591210 7397301,2537448 7404614,2545108 7462326))
28353;POLYGON((1905402 7532694,1958201 7527905,1952918 7471352,1900322 7476227,1905402 7532694))
28354;POLYGON((1277126 7575921,1329173 7573296,1326239 7517561,1274379 7520234,1277126 7575921))
28355;POLYGON((655114 7594091,706832 7593506,706107 7538138,654571 7538734,655114 7594091))
28356;POLYGON((34346 7588058,86151 7589485,87603 7534044,35982 7532591,34346 7588058))
28357;POLYGON((-590163 7557539,-537855 7561045,-534158 7505088,-586273 7501519,-590163 7557539))
28358;POLYGON((-1223494 7501086,-1170253 7506839,-1164135 7449911,-1217163 7444056,-1223494 7501086))
3113;POLYGON((-415834 785528,-364010 786955,-362557 731492,-414198 730039,-415834 785528))
3111;POLYGON((2874255 4202532,2927690 4200426,2925288 4143293,2872153 4145387,2874255 4202532))
3107;POLYGON((2411208 3050638,2463187 3043986,2455944 2988402,2404222 2995021,2411208 3050638))
3308;POLYGON((9458046 5780360,9510722 5779477,9509643 5723138,9457237 5724016,9458046 5780360))
3112;POLYGON((1484632 -2571280,1535587 -2577289,1529049 -2631800,1478311 -2625817,1484632 -2571280))
3577;POLYGON((1688887 -2448278,1739767 -2454987,1732361 -2510312,1681697 -2503631,1688887 -2448278))
