4326;POLYGON((148.0 -12.25,148.5 -12.25,148.5 -12.75,148.0 -12.75,148.0 -12.25))
28348;POLYGON((5632014 8168337,5703894 8154037,5688903 8080734,5617375 8095537,5632014 8168337))
28349;POLYGON((4804692 8315925,4871352 8305163,4860068 8237235,4793672 8248385,4804692 8315925))
28350;POLYGON((4032030 8426911,4094659 8418836,4086187 8355043,4023762 8363415,4032030 8426911))
28351;POLYGON((3301271 8509647,3360836 8503679,3354567 8443027,3295165 8449217,3301271 8509647))
28352;POLYGON((2601913 8569778,2659219 8565529,2654744 8507194,2597574 8511603,2601913 8569778))
28353;POLYGON((1925085 8611056,1980822 8608270,1977873 8551551,1922255 8554443,1925085 8611056))
28354;POLYGON((1263044 8635875,1317824 8634396,1316236 8578670,1261565 8580205,1263044 8635875))
28355;POLYGON((608762 8645600,663153 8645348,662840 8590040,608553 8590301,608762 8645600))
28356;POLYGON((-44422 8640751,10128 8641713,11073 8586266,-43371 8585268,-44422 8640751))
28357;POLYGON((-703120 8621071,-647853 8623298,-645600 8567150,-700754 8564839,-703120 8621071))
28358;POLYGON((-1374202 8585490,-1317628 8589105,-1313944 8531660,-1370389 8527908,-1374202 8585490))
3113;POLYGON((-494634 1838632,-440062 1839594,-439117 1784125,-493583 1783127,-494634 1838632))
3111;POLYGON((2855918 5318102,2915212 5316077,2912999 5255896,2854020 5257910,2855918 5318102))
3107;POLYGON((2489459 4134302,2546453 4127276,2539185 4069424,2482459 4076416,2489459 4134302))
3308;POLYGON((9415825 6873582,9473734 6872889,9472890 6814098,9415262 6814787,9415825 6873582))
3112;POLYGON((1550997 -1516496,1606148 -1522777,1599658 -1578780,1544730 -1572525,1550997 -1516496))
3577;POLYGON((1768845 -1402319,1823818 -1409350,1816818 -1463244,1762056 -1456241,1768845 -1402319))
