4326;POLYGON((147.75 -24.0,148.25 -24.0,148.25 -24.5,147.75 -24.5,147.75 -24.0))
28348;POLYGON((5129284 6539385,5190288 6516258,5164656 6450018,5104189 6473393,5129284 6539385))
28349;POLYGON((4415226 6781633,4473528 6763744,4453684 6700317,4395806 6718424,4415226 6781633))
28350;POLYGON((3730790 6968262,3786822 6954551,3771596 6893545,3715907 6907438,3730790 6968262))
28351;POLYGON((3070806 7109913,3124996 7099625,3113552 7040607,3059649 7051040,3070806 7109913))
28352;POLYGON((2430200 7214119,2482965 7206725,2474717 7149255,2422198 7156759,2430200 7214119))
28353;POLYGON((1804055 7286090,1855798 7281230,1850347 7224877,1798823 7229811,1804055 7286090))
28354;POLYGON((1187620 7329247,1238732 7326694,1235824 7271039,1184917 7273631,1187620 7329247))
28355;POLYGON((576284 7345570,627145 7345209,626649 7289841,575987 7290208,576284 7345570))
28356;POLYGON((-34486 7335794,16499 7337609,18392 7282123,-32391 7280280,-34486 7335794))
28357;POLYGON((-649218 7299480,-597728 7303552,-593359 7247540,-644636 7243406,-649218 7299480))
28358;POLYGON((-1272496 7234973,-1220116 7241489,-1213073 7184537,-1265217 7177923,-1272496 7234973))
3113;POLYGON((-484695 533165,-433689 534981,-431794 479473,-482599 477630,-484695 533165))
3111;POLYGON((2786676 3948831,2838780 3947189,2836845 3890527,2785038 3892160,2786676 3948831))
3107;POLYGON((2303549 2810244,2354417 2804094,2347598 2748769,2296986 2754889,2303549 2810244))
3308;POLYGON((9377209 5528296,9428680 5527803,9428010 5471813,9376807 5472303,9377209 5528296))
3112;POLYGON((1381207 -2807971,1431221 -2813566,1425023 -2867984,1375226 -2862414,1381207 -2807971))
3577;POLYGON((1581590 -2688183,1631532 -2694471,1624430 -2750006,1574705 -2743746,1581590 -2688183))
