4326;POLYGON((148.0 -28.25,148.5 -28.25,148.5 -28.75,148.0 -28.75,148.0 -28.25))
28348;POLYGON((4933006 5976448,4989404 5951327,4960593 5887886,4904764 5913159,4933006 5976448))
28349;POLYGON((4267832 6241438,4322465 6221751,4299860 6160141,4245689 6179979,4267832 6241438))
28350;POLYGON((3622817 6448006,3675854 6432755,3658321 6372877,3605665 6388263,3622817 6448006))
28351;POLYGON((2995477 6606314,3047152 6594769,3033856 6536401,2982504 6548060,2995477 6606314))
28352;POLYGON((2382762 6723747,2433344 6715383,2423683 6658239,2373383 6666692,2382762 6723747))
28353;POLYGON((1781310 6805529,1831086 6799980,1824643 6743746,1775121 6749356,1781310 6805529))
28354;POLYGON((1187612 6855158,1236878 6852191,1233381 6796539,1184353 6799539,1187612 6855158))
28355;POLYGON((598097 6874698,647151 6874191,646459 6818789,597636 6819301,598097 6874698))
28356;POLYGON((9180 6864950,58321 6866882,60405 6811397,11497 6809442,9180 6864950))
28357;POLYGON((-582725 6825515,-533198 6829966,-528254 6774065,-577535 6769564,-582725 6825515))
28358;POLYGON((-1181198 6754764,-1130988 6761920,-1122978 6705271,-1172920 6698039,-1181198 6754764))
3113;POLYGON((-441010 62137,-391850 64071,-389766 8564,-438692 6608,-441010 62137))
3111;POLYGON((2797635 3469200,2847220 3467507,2845161 3411548,2795870 3413231,2797635 3469200))
3107;POLYGON((2272295 2338353,2320979 2332351,2314076 2277400,2265646 2283370,2272295 2338353))
3308;POLYGON((9398406 5054027,9447607 5053438,9446810 4997895,9397875 4998480,9398406 5054027))
3112;POLYGON((1354492 -3273122,1402656 -3278607,1396353 -3332994,1348406 -3327533,1354492 -3273122))
3577;POLYGON((1547046 -3164053,1595126 -3170201,1587902 -3225824,1540040 -3219703,1547046 -3164053))
