4326;POLYGON((148.5 -10.0,149.0 -10.0,149.0 -10.5,148.5 -10.5,148.5 -10.0))
28348;POLYGON((5764466 8486595,5838314 8474371,5825537 8399556,5751993 8412333,5764466 8486595))
28349;POLYGON((4916847 8612498,4984990 8603333,4975409 8534394,4907493 8543980,4916847 8612498))
28350;POLYGON((4128759 8706896,4192525 8700034,4185348 8635568,4121755 8642750,4128759 8706896))
28351;POLYGON((3386034 8777180,3446490 8772110,3441182 8711018,3380863 8716327,3386034 8777180))
28352;POLYGON((2677186 8828323,2735207 8824703,2731408 8766094,2673501 8769886,2677186 8828323))
28353;POLYGON((1992654 8863621,2048977 8861227,2046453 8804353,1990228 8806861,1992654 8863621))
28354;POLYGON((1324195 8885180,1379471 8883873,1378075 8828079,1322889 8829448,1324195 8885180))
28355;POLYGON((664411 8894213,719233 8893922,718889 8838608,664153 8838913,664411 8894213))
28356;POLYGON((6339 8891215,61280 8891924,61970 8836515,7116 8835772,6339 8891215))
28357;POLYGON((-656892 8876024,-601255 8877771,-599495 8821686,-655039 8819855,-656892 8876024))
28358;POLYGON((-1332421 8847798,-1275473 8850682,-1272544 8793306,-1329387 8790285,-1332421 8847798))
3113;POLYGON((-443852 2089194,-388890 2089903,-388200 2034471,-443075 2033728,-443852 2089194))
3111;POLYGON((2925270 5589514,2985989 5587121,2983419 5525985,2923021 5528365,2925270 5589514))
3107;POLYGON((2579415 4389677,2637590 4382232,2629955 4323651,2572052 4331061,2579415 4389677))
3308;POLYGON((9477565 7139669,9536748 7138678,9535606 7079072,9476709 7080059,9477565 7139669))
3112;POLYGON((1635534 -1269223,1691668 -1275842,1684886 -1332390,1628977 -1325797,1635534 -1269223))
3577;POLYGON((1855139 -1168189,1911028 -1175558,1903885 -1228922,1848205 -1221580,1855139 -1168189))
