4326;POLYGON((147.75 -38.5,148.25 -38.5,148.25 -39.0,147.75 -39.0,147.75 -38.5))
28348;POLYGON((4279417 4758293,4324070 4732322,4290652 4675766,4246560 4701692,4279417 4758293))
28349;POLYGON((3742456 5037147,3787230 5016117,3760130 4959281,3715845 4980309,3742456 5037147))
28350;POLYGON((3205887 5260869,3250523 5244159,3228956 5187431,3184750 5204160,3205887 5260869))
28351;POLYGON((2671877 5436109,2716253 5423220,2699584 5366784,2655592 5379700,2671877 5436109))
28352;POLYGON((2141226 5568113,2185317 5558659,2173052 5502564,2129310 5512045,2141226 5568113))
28353;POLYGON((1613807 5660838,1657650 5654536,1649426 5598744,1605907 5605068,1613807 5660838))
28354;POLYGON((1088893 5717056,1132565 5713717,1128139 5658138,1084776 5661489,1088893 5717056))
28355;POLYGON((565398 5738440,608999 5737966,608241 5682480,564944 5682955,565398 5738440))
28356;POLYGON((42066 5725625,85702 5728002,88590 5672477,45260 5670091,42066 5725625))
28357;POLYGON((-482381 5678232,-438605 5683529,-431987 5627839,-475445 5622522,-482381 5678232))
28358;POLYGON((-1009088 5594849,-965086 5603225,-954542 5547264,-998204 5538862,-1009088 5594849))
3113;POLYGON((-408112 -1077631,-364459 -1075253,-361570 -1130800,-404917 -1133186,-408112 -1077631))
3111;POLYGON((2739902 2330053,2783505 2328678,2781610 2273188,2738298 2274553,2739902 2330053))
3107;POLYGON((2114189 1213228,2157667 1207971,2150845 1152627,2107623 1157854,2114189 1213228))
3308;POLYGON((9365640 3916972,9409399 3916553,9408732 3860844,9365240 3861261,9365640 3916972))
3112;POLYGON((1206863 -4395058,1250564 -4399947,1244226 -4455600,1200747 -4450736,1206863 -4395058))
3577;POLYGON((1382506 -4294858,1426162 -4300355,1419190 -4354875,1375747 -4349406,1382506 -4294858))
