4326;POLYGON((148.0 -25.75,148.5 -25.75,148.5 -26.25,148.0 -26.25,148.0 -25.75))
28348;POLYGON((5069401 6297917,5128610 6273723,5101441 6208554,5042788 6232956,5069401 6297917))
28349;POLYGON((4374283 6552062,4431170 6533247,4410021 6470491,4353577 6489497,4374283 6552062))
28350;POLYGON((3704976 6748830,3759862 6734342,3743558 6673736,3689033 6688387,3704976 6748830))
28351;POLYGON((3057449 6898836,3110681 6887920,3098374 6829118,3045446 6840168,3057449 6898836))
28352;POLYGON((2427476 7009676,2479408 7001793,2470497 6944420,2418827 6952405,2427476 7009676))
28353;POLYGON((1810779 7086652,1861768 7081434,1855838 7025106,1805084 7030393,1810779 7086652))
28354;POLYGON((1203115 7133279,1253511 7130494,1250298 7074828,1200121 7077651,1203115 7133279))
28355;POLYGON((600291 7151621,650443 7151145,649807 7095762,599868 7096244,600291 7151621))
28356;POLYGON((-1841 7142472,48410 7144286,50324 7088808,286 7086969,-1841 7142472))
28357;POLYGON((-607429 7105437,-556730 7109619,-552184 7053670,-602656 7049431,-607429 7105437))
28358;POLYGON((-1220646 7038891,-1169150 7045627,-1161772 6988824,-1213018 6982000,-1220646 7038891))
3113;POLYGON((-452037 339768,-401765 341583,-399850 286083,-449908 284244,-452037 339768))
3111;POLYGON((2806490 3750129,2857551 3748385,2855479 3692051,2804714 3693785,2806490 3750129))
3107;POLYGON((2305595 2613749,2355554 2607591,2348629 2552465,2298926 2558591,2305595 2613749))
3308;POLYGON((9401071 5332397,9451604 5331792,9450803 5276023,9400537 5276624,9401071 5332397))
3112;POLYGON((1384913 -3001182,1434158 -3006790,1427858 -3061152,1378829 -3055569,1384913 -3001182))
3577;POLYGON((1582073 -2885833,1631242 -2892121,1624021 -2947719,1575070 -2941459,1582073 -2885833))
