4326;POLYGON((148.0 -42.0,148.5 -42.0,148.5 -42.5,148.0 -42.5,148.0 -42.0))
28348;POLYGON((4066307 4355704,4107048 4330005,4072250 4275633,4032055 4301233,4066307 4355704))
28349;POLYGON((3573121 4633413,3614457 4612355,3585900 4557087,3545054 4578096,3573121 4633413))
28350;POLYGON((3075178 4858632,3116768 4841733,3093813 4786063,3052664 4802945,3075178 4858632))
28351;POLYGON((2575614 5036671,2617257 5023524,2599360 4967744,2558118 4980891,2575614 5036671))
28352;POLYGON((2076155 5171890,2117750 5162168,2104475 5106428,2063249 5116156,2076155 5171890))
28353;POLYGON((1577546 5267676,1619059 5261134,1610076 5205487,1568909 5212036,1577546 5267676))
28354;POLYGON((1079874 5326458,1121316 5322930,1116398 5267369,1075287 5270902,1079874 5326458))
28355;POLYGON((582818 5349740,624227 5349135,623250 5293616,582166 5294222,582818 5349740))
28356;POLYGON((85856 5338116,127280 5340419,130218 5284885,89123 5282578,85856 5338116))
28357;POLYGON((-411561 5291288,-370080 5296558,-363151 5240958,-404293 5235680,-411561 5291288))
28358;POLYGON((-909843 5208061,-868282 5216432,-857187 5160736,-898390 5152357,-909843 5208061))
3113;POLYGON((-364305 -1465292,-322865 -1462987,-319925 -1518542,-361036 -1520850,-364305 -1465292))
3111;POLYGON((2749439 1940313,2790995 1938894,2788945 1883162,2747682 1884571,2749439 1940313))
3107;POLYGON((2088885 821555,2130551 816419,2123530 760527,2082123 765631,2088885 821555))
3308;POLYGON((9383774 3525492,9425659 3524991,9424852 3468797,9383236 3469295,9383774 3525492))
3112;POLYGON((1184841 -4789696,1226972 -4794494,1220419 -4851038,1178513 -4846266,1184841 -4789696))
3577;POLYGON((1356598 -4676774,1398759 -4682166,1391798 -4735766,1349846 -4730401,1356598 -4676774))
