4326;POLYGON((148.25 -25.75,148.75 -25.75,148.75 -26.25,148.25 -26.25,148.25 -25.75))
28348;POLYGON((5098980 6285883,5158292 6261437,5130840 6196163,5072090 6220818,5098980 6285883))
28349;POLYGON((4402704 6542704,4459682 6523688,4438308 6460837,4381777 6480045,4402704 6542704))
28350;POLYGON((3732400 6741627,3787363 6726976,3770875 6666286,3716277 6681102,3732400 6741627))
28351;POLYGON((3084050 6893412,3137343 6882359,3124883 6823489,3071895 6834677,3084050 6893412))
28352;POLYGON((2453430 7005764,2505409 6997763,2496366 6940338,2444650 6948442,2453430 7005764))
28353;POLYGON((1836266 7084069,1887286 7078746,1881238 7022382,1830453 7027776,1836266 7084069))
28354;POLYGON((1228309 7131911,1278723 7129027,1275400 7073341,1225205 7076264,1228309 7131911))
28355;POLYGON((625366 7151407,675522 7150836,674780 7095448,624837 7096027,625366 7151407))
28356;POLYGON((23287 7143403,73528 7145121,75335 7089655,25308 7087913,23287 7143403))
28357;POLYGON((-582073 7107554,-531400 7111634,-526966 7055712,-577414 7051576,-582073 7107554))
28358;POLYGON((-1194888 7042287,-1143433 7048911,-1136178 6992152,-1187385 6985440,-1194888 7042287))
3113;POLYGON((-426898 340699,-376637 342418,-374830 286930,-424876 285188,-426898 340699))
3111;POLYGON((2832022 3749290,2883077 3747413,2880857 3691085,2830098 3692952,2832022 3749290))
3107;POLYGON((2330578 2610699,2380522 2604425,2373470 2549315,2323781 2555557,2330578 2610699))
3308;POLYGON((9426338 5332124,9476870 5331399,9475935 5275632,9425671 5276353,9426338 5332124))
3112;POLYGON((1409538 -3003962,1458772 -3009668,1452364 -3064017,1403346 -3058336,1409538 -3003962))
3577;POLYGON((1606661 -2888953,1655817 -2895337,1648488 -2950921,1599549 -2944565,1606661 -2888953))
