4326;POLYGON((149.5 -35.25,150.0 -35.25,150.0 -35.75,149.5 -35.75,149.5 -35.25))
28348;POLYGON((4657605 5040511,4706001 5012776,4671786 4954123,4623988 4981854,4657605 5040511))
28349;POLYGON((4078626 5337117,4126705 5314816,4099155 5256367,4051584 5278705,4078626 5337117))
28350;POLYGON((3504935 5573950,3552494 5556276,3530630 5498373,3483507 5516100,3504935 5573950))
28351;POLYGON((2937997 5759502,2984974 5745827,2968025 5688587,2921428 5702318,2937997 5759502))
28352;POLYGON((2377890 5900329,2424321 5890172,2411700 5833576,2365609 5843783,2377890 5900329))
28353;POLYGON((1823775 6001324,1869754 5994336,1861030 5938279,1815360 5945305,1823775 6001324))
28354;POLYGON((1274222 6065943,1319886 6061886,1314765 6006211,1269392 6010292,1274222 6065943))
28355;POLYGON((727457 6096367,772961 6095105,771273 6039628,726051 6040897,727457 6096367))
28356;POLYGON((181527 6093614,227038 6095105,228726 6039628,183497 6038127,181527 6093614))
28357;POLYGON((-365570 6057592,-319886 6061886,-314765 6006211,-360157 6001892,-365570 6057592))
28358;POLYGON((-915767 5987095,-869754 5994336,-861030 5938279,-906731 5930998,-915767 5987095))
3113;POLYGON((-268597 -709499,-223068 -708007,-221379 -763506,-266625 -765007,-268597 -709499))
3111;POLYGON((2909518 2684502,2954980 2682232,2952067 2626823,2906896 2629078,2909518 2684502))
3107;POLYGON((2314582 1551855,2359625 1545666,2351952 1490757,2307163 1496910,2314582 1551855))
3308;POLYGON((9527424 4275590,9572897 4274393,9571304 4218951,9526096 4220141,9527424 4275590))
3112;POLYGON((1404223 -4054007,1449279 -4059684,1442245 -4114634,1397408 -4108985,1404223 -4054007))
3577;POLYGON((1584310 -3958603,1629280 -3964891,1621478 -4019896,1576724 -4013637,1584310 -3958603))
