4326;POLYGON((148.75 -23.75,149.25 -23.75,149.25 -24.25,148.75 -24.25,148.75 -23.75))
28348;POLYGON((5264484 6526008,5326258 6502008,5299710 6435089,5238494 6459347,5264484 6526008))
28349;POLYGON((4542056 6777371,4600997 6758806,4580444 6694820,4521941 6713612,4542056 6777371))
28350;POLYGON((3850714 6971173,3907269 6956922,3891475 6895468,3835272 6909911,3850714 6971173))
28351;POLYGON((3185110 7118691,3239722 7107952,3227803 7048589,3173482 7059482,3185110 7118691))
28352;POLYGON((2540021 7227914,2593119 7220126,2584453 7162404,2531604 7170310,2540021 7227914))
28353;POLYGON((1910407 7304391,1962403 7299168,1956563 7242648,1904788 7247952,1910407 7304391))
28354;POLYGON((1291416 7351805,1342709 7348901,1339421 7293156,1288333 7296106,1291416 7351805))
28355;POLYGON((678355 7372354,729329 7371637,728444 7316251,677667 7316979,678355 7372354))
28356;POLYGON((66626 7366970,117664 7368407,119142 7312970,68303 7311510,66626 7366970))
28357;POLYGON((-548342 7335409,-496859 7339066,-492951 7283167,-544226 7279453,-548342 7335409))
28358;POLYGON((-1171181 7276231,-1118862 7282276,-1112347 7225497,-1164436 7219360,-1171181 7276231))
3113;POLYGON((-383542 564353,-332484 565791,-331006 510332,-381865 508872,-383542 564353))
3111;POLYGON((2891993 3973636,2944226 3971440,2941694 3914751,2889758 3916935,2891993 3973636))
3107;POLYGON((2408797 2825376,2459734 2818738,2452398 2763449,2401717 2770054,2408797 2825376))
3308;POLYGON((9480617 5555084,9532215 5554096,9531008 5498079,9479679 5499062,9480617 5555084))
3112;POLYGON((1484420 -2792155,1534496 -2798160,1527865 -2852538,1478005 -2846559,1484420 -2792155))
3577;POLYGON((1685108 -2673212,1735108 -2679905,1727573 -2735368,1677790 -2728704,1685108 -2673212))
