4326;POLYGON((149.5 -36.0,150.0 -36.0,150.0 -36.5,149.5 -36.5,149.5 -36.0))
28348;POLYGON((4607102 4952658,4654601 4924932,4620082 4866817,4573179 4894526,4607102 4952658))
28349;POLYGON((4037983 5249592,4085300 5227239,4057432 5169173,4010624 5191551,4037983 5249592))
28350;POLYGON((3472718 5487237,3519622 5469485,3497458 5411840,3450993 5429636,3472718 5487237))
28351;POLYGON((2913080 5673765,2959486 5660008,2942277 5602931,2896256 5616738,2913080 5673765))
28352;POLYGON((2359416 5815532,2405337 5805301,2392506 5748798,2346929 5759073,2359416 5815532))
28353;POLYGON((1811116 5917306,1856630 5910261,1847753 5854246,1802554 5861326,1811116 5917306))
28354;POLYGON((1266955 5982468,1312181 5978377,1306967 5922712,1262037 5926826,1266955 5982468))
28355;POLYGON((725341 6013160,770421 6011888,768701 5956405,723909 5957685,725341 6013160))
28356;POLYGON((184492 6010383,229578 6011888,231298 5956405,186499 5954892,184492 6010383))
28357;POLYGON((-357425 5974045,-312181 5978377,-306967 5922712,-351915 5918357,-357425 5974045))
28358;POLYGON((-902173 5902961,-856630 5910261,-847753 5854246,-892980 5846910,-902173 5902961))
3113;POLYGON((-265630 -792762,-220526 -791257,-218806 -846761,-263623 -848275,-265630 -792762))
3111;POLYGON((2905585 2601369,2950611 2599121,2947698 2543719,2902964 2545953,2905585 2601369))
3107;POLYGON((2303451 1469425,2348113 1463289,2340432 1408323,2296024 1414424,2303451 1469425))
3308;POLYGON((9525433 4192407,9570508 4191220,9568914 4135738,9524104 4136917,9525433 4192407))
3112;POLYGON((1393996 -4136504,1438724 -4142139,1431675 -4197212,1387165 -4191604,1393996 -4136504))
3577;POLYGON((1572934 -4041127,1617582 -4047370,1609796 -4102260,1565364 -4096047,1572934 -4041127))
