4326;POLYGON((149.0 -9.25,149.5 -9.25,149.5 -9.75,149.0 -9.75,149.0 -9.25))
28348;POLYGON((5856377 8586965,5931215 8575305,5919029 8499617,5844483 8511854,5856377 8586965))
28349;POLYGON((4998522 8706969,5067414 8698238,5058288 8628679,4989613 8637849,4998522 8706969))
28350;POLYGON((4202655 8796868,4266992 8790334,4260159 8725427,4195987 8732294,4202655 8796868))
28351;POLYGON((3453978 8863825,3514872 8858991,3509813 8797590,3449050 8802671,3453978 8863825))
28352;POLYGON((2740563 8912656,2798920 8909193,2795287 8850373,2737038 8854015,2740563 8912656))
28353;POLYGON((2052536 8946555,2109115 8944244,2106681 8887237,2050194 8889668,2052536 8946555))
28354;POLYGON((1381437 8967568,1436904 8966275,1435526 8910411,1380143 8911771,1381437 8967568))
28355;POLYGON((719717 8976891,774676 8976544,774278 8921214,719398 8921579,719717 8976891))
28356;POLYGON((60308 8975038,115340 8975618,115899 8920239,60948 8919629,60308 8975038))
28357;POLYGON((-603736 8961906,-548049 8963445,-546502 8907434,-602103 8905815,-603736 8961906))
28358;POLYGON((-1279603 8936768,-1222644 8939352,-1220022 8882091,-1276885 8879374,-1279603 8936768))
3113;POLYGON((-389862 2173049,-334809 2173629,-334250 2118229,-389222 2117618,-389862 2173049))
3111;POLYGON((2989863 5679255,3051052 5676522,3048145 5615055,2987278 5617774,2989863 5679255))
3107;POLYGON((2649086 4470447,2707634 4462679,2699691 4403859,2641416 4411591,2649086 4470447))
3308;POLYGON((9538467 7228454,9598073 7227170,9596639 7167276,9537320 7168554,9538467 7228454))
3112;POLYGON((1701872 -1190758,1758318 -1197641,1751285 -1254372,1695065 -1247516,1701872 -1190758))
3577;POLYGON((1921713 -1095737,1977885 -1103368,1970558 -1156524,1914594 -1148921,1921713 -1095737))
