4326;POLYGON((149.5 -25.5,150.0 -25.5,150.0 -26.0,149.5 -26.0,149.5 -25.5))
28348;POLYGON((5261672 6256737,5321800 6231101,5293074 6165113,5233535 6190965,5261672 6256737))
28349;POLYGON((4556406 6526061,4614078 6506114,4591706 6442650,4534501 6462797,4556406 6526061))
28350;POLYGON((3878522 6734907,3934065 6719507,3916774 6658313,3861608 6673887,3878522 6734907))
28351;POLYGON((3223902 6894833,3277670 6883154,3264537 6823886,3211082 6835709,3223902 6894833))
28352;POLYGON((2588219 7014125,2640576 7005580,2630944 6947860,2578856 6956516,2588219 7014125))
28353;POLYGON((1967102 7098609,2018412 7092792,2011825 7036227,1960754 7042123,1967102 7098609))
28354;POLYGON((1356216 7152209,1406837 7148854,1402997 7093055,1352596 7096457,1356216 7152209))
28355;POLYGON((751294 7177324,801579 7176284,800318 7120867,750243 7121921,751294 7177324))
28356;POLYGON((148120 7175055,198420 7176284,199681 7120867,149593 7119620,148120 7175055))
28357;POLYGON((-457502 7145302,-406837 7148854,-402997 7093055,-453441 7089454,-457502 7145302))
28358;POLYGON((-1069795 7086759,-1018412 7092792,-1011825 7036227,-1062968 7030112,-1069795 7086759))
3113;POLYGON((-302017 372363,-251697 373594,-250435 318154,-300543 316907,-302017 372363))
3111;POLYGON((2960974 3772280,3012149 3769724,3009187 3713387,2958308 3715928,2960974 3772280))
3107;POLYGON((2459102 2622128,2509098 2615259,2501405 2560212,2451664 2567045,2459102 2622128))
3308;POLYGON((9553327 5357758,9603979 5356424,9602377 5300644,9551991 5301970,9553327 5357758))
3112;POLYGON((1535947 -2991436,1585230 -2997645,1578280 -3051931,1529214 -3045749,1535947 -2991436))
3577;POLYGON((1733331 -2877510,1782531 -2884390,1774659 -2939891,1725676 -2933042,1733331 -2877510))
