4326;POLYGON((149.25 -19.25,149.75 -19.25,149.75 -19.75,149.25 -19.75,149.25 -19.25))
28348;POLYGON((5546639 7119920,5613543 7098304,5590290 7027921,5523901 7049909,5546639 7119920))
28349;POLYGON((4770417 7344793,4833350 7328279,4815574 7261995,4753035 7278816,4770417 7344793))
28350;POLYGON((4036746 7516329,4096477 7503766,4082943 7440824,4023522 7453633,4036746 7516329))
28351;POLYGON((3337022 7645956,3394227 7636542,3384072 7576254,3327118 7585860,3337022 7645956))
28352;POLYGON((2663649 7741605,2718927 7734786,2711555 7676533,2656488 7683495,2663649 7741605))
28353;POLYGON((2009830 7808691,2063723 7804095,2058731 7747311,2005023 7752006,2009830 7808691))
28354;POLYGON((1369374 7850773,1422378 7848161,1419509 7792327,1366674 7794995,1369374 7850773))
28355;POLYGON((736504 7869978,789089 7869221,788201 7813844,735778 7814618,736504 7869978))
28356;POLYGON((105684 7867251,158307 7868312,159357 7812916,106896 7811831,105684 7867251))
28357;POLYGON((-528557 7842459,-475438 7845390,-472399 7789495,-525346 7786501,-528557 7842459))
28358;POLYGON((-1171799 7794376,-1117711 7799324,-1112532 7742438,-1166431 7737384,-1171799 7794376))
3113;POLYGON((-344469 1064830,-291825 1065891,-290775 1010473,-343256 1009388,-344469 1064830))
3111;POLYGON((2967248 4486788,3022175 4484190,3019291 4426434,2964667 4429018,2967248 4486788))
3107;POLYGON((2526197 3319683,2579420 3312497,2571730 3256525,2518766 3263677,2526197 3319683))
3308;POLYGON((9543157 6062062,9597181 6060769,9595685 6003945,9541933 6005232,9543157 6062062))
3112;POLYGON((1594368 -2307195,1646373 -2313642,1639480 -2368354,1587693 -2361934,1594368 -2307195))
3577;POLYGON((1802661 -2182643,1854580 -2189800,1846888 -2244810,1795184 -2237683,1802661 -2182643))
