4326;POLYGON((148.75 -11.75,149.25 -11.75,149.25 -12.25,148.75 -12.25,148.75 -11.75))
28348;POLYGON((5754633 8220548,5827616 8206255,5812649 8131937,5740019 8146758,5754633 8220548))
28349;POLYGON((4915817 8367954,4983323 8357211,4972069 8288536,4904827 8299686,4915817 8367954))
28350;POLYGON((4134333 8478753,4197612 8470690,4189160 8406349,4126084 8414724,4134333 8478753))
28351;POLYGON((3396808 8561451,3456870 8555478,3450602 8494429,3390702 8500636,3396808 8561451))
28352;POLYGON((2692297 8621796,2749979 8617518,2745480 8558907,2687931 8563355,2692297 8621796))
28353;POLYGON((2011619 8663618,2067633 8660773,2064627 8603876,2008729 8606835,2011619 8663618))
28354;POLYGON((1346814 8689374,1401787 8687801,1400104 8631981,1345236 8633617,1346814 8689374))
28355;POLYGON((690704 8700497,745214 8700109,744762 8644781,690353 8645184,690704 8700497))
28356;POLYGON((36534 8697585,91136 8698363,91891 8642964,37390 8642156,36534 8697585))
28357;POLYGON((-622361 8680483,-567107 8682467,-565105 8626434,-620251 8624371,-622361 8680483))
28358;POLYGON((-1292872 8648260,-1236375 8651560,-1233016 8594298,-1289392 8590866,-1292872 8648260))
3113;POLYGON((-413646 1895488,-359022 1896265,-358267 1840846,-412789 1840037,-413646 1895488))
3111;POLYGON((2947235 5375328,3006829 5372823,3004133 5312455,2944856 5314947,2947235 5375328))
3107;POLYGON((2582359 4181661,2639571 4174205,2631881 4116243,2574937 4123664,2582359 4181661))
3308;POLYGON((9503675 6931402,9561861 6930288,9560591 6871330,9502688 6872439,9503675 6931402))
3112;POLYGON((1640330 -1469890,1695666 -1476526,1688827 -1532609,1633714 -1525999,1640330 -1469890))
3577;POLYGON((1858385 -1359172,1913527 -1366553,1906225 -1420298,1851294 -1412945,1858385 -1359172))
