4326;POLYGON((149.25 -30.5,149.75 -30.5,149.75 -31.0,149.25 -31.0,149.25 -30.5))
28348;POLYGON((4938327 5629049,4992412 5602057,4960800 5539926,4907316 5567016,4938327 5629049))
28349;POLYGON((4297603 5915112,4350405 5893768,4325379 5832922,4273069 5854380,4297603 5915112))
28350;POLYGON((3672240 6140110,3723783 6123425,3704193 6063945,3653061 6080742,3672240 6140110))
28351;POLYGON((3061266 6314230,3111672 6301464,3096659 6243258,3046602 6256122,3061266 6314230))
28352;POLYGON((2462777 6445019,2512232 6435630,2501161 6378507,2452012 6387976,2462777 6445019))
28353;POLYGON((1874294 6537929,1923019 6531532,1915441 6475247,1866991 6481702,1874294 6537929))
28354;POLYGON((1293008 6596705,1341246 6593046,1336861 6537326,1288880 6541019,1293008 6596705))
28355;POLYGON((715938 6623655,763940 6622592,762579 6567151,714824 6568224,715938 6623655))
28356;POLYGON((140022 6619824,188046 6621315,189656 6565861,141881 6564356,140022 6619824))
28357;POLYGON((-437816 6585062,-389515 6589165,-384872 6533409,-432914 6529268,-437816 6585062))
28358;POLYGON((-1020626 6518022,-971796 6524897,-963940 6468552,-1012490 6461615,-1020626 6518022))
3113;POLYGON((-310117 -183083,-262075 -181592,-260464 -237067,-308258 -238572,-310117 -183083))
3111;POLYGON((2910354 3213212,2958593 3210930,2955813 3155253,2907866 3157522,2910354 3213212))
3107;POLYGON((2361193 2076022,2408663 2069612,2401134 2014815,2353919 2021191,2361193 2076022))
3308;POLYGON((9516023 4802434,9564018 4801285,9562559 4745872,9514829 4747014,9516023 4802434))
3112;POLYGON((1445015 -3531925,1492148 -3537768,1485290 -3592202,1438374 -3586386,1445015 -3531925))
3577;POLYGON((1633236 -3429793,1680275 -3436277,1672517 -3491757,1625695 -3485303,1633236 -3429793))
