4326;POLYGON((148.75 -42.25,149.25 -42.25,149.25 -42.75,148.75 -42.75,148.75 -42.25))
28348;POLYGON((4109873 4289803,4150230 4263539,4114535 4209482,4074731 4235634,4109873 4289803))
28349;POLYGON((3620730 4574040,3661766 4552456,3632387 4497382,3591848 4518909,3620730 4574040))
28350;POLYGON((3125990 4805311,3167338 4787925,3143635 4732366,3102734 4749728,3125990 4805311))
28351;POLYGON((2629047 4988937,2670488 4975340,2651914 4919615,2610878 4933206,2629047 4988937))
28352;POLYGON((2131833 5129326,2173251 5119187,2159359 5063466,2118315 5073609,2131833 5129326))
28353;POLYGON((1635250 5229938,1676600 5223005,1667051 5167359,1626051 5174299,1635250 5229938))
28354;POLYGON((1139503 5293291,1180787 5289390,1175344 5233822,1134395 5237729,1139503 5293291))
28355;POLYGON((644364 5320983,685613 5320014,684139 5264491,643218 5265461,644364 5320983))
28356;POLYGON((149374 5313713,190631 5315653,193089 5260123,152162 5258181,149374 5313713))
28357;POLYGON((-345970 5271299,-304667 5276196,-298214 5220611,-339179 5215707,-345970 5271299))
28358;POLYGON((-842058 5192668,-800684 5200646,-790076 5144978,-831093 5136993,-842058 5192668))
3113;POLYGON((-300761 -1489703,-259489 -1487763,-257029 -1543314,-297972 -1545258,-300761 -1489703))
3111;POLYGON((2810673 1910246,2852070 1908505,2849580 1852765,2808475 1854493,2810673 1910246))
3107;POLYGON((2147802 785853,2189302 780444,2181886 724553,2140645 729928,2147802 785853))
3308;POLYGON((9446130 3496580,9487875 3495781,9486664 3439550,9445187 3440344,9446130 3496580))
3112;POLYGON((1244700 -4825203,1286689 -4830238,1279789 -4886817,1238025 -4881808,1244700 -4825203))
3577;POLYGON((1416296 -4711736,1458320 -4717361,1451054 -4770843,1409240 -4765246,1416296 -4711736))
