4326;POLYGON((149.5 -16.25,150.0 -16.25,150.0 -16.75,149.5 -16.75,149.5 -16.25))
28348;POLYGON((5707889 7537161,5777928 7517809,5757397 7445244,5687827 7465044,5707889 7537161))
28349;POLYGON((4899151 7737677,4964474 7723002,4948898 7655300,4883929 7670333,4899151 7737677))
28350;POLYGON((4140387 7889651,4201985 7878549,4190193 7814703,4128870 7826086,4140387 7889651))
28351;POLYGON((3420785 8003978,3479489 7995688,3470674 7934845,3412190 7943351,3420785 8003978))
28352;POLYGON((2731178 8088135,2787700 8082138,2781309 8023566,2724971 8029722,2731178 8088135))
28353;POLYGON((2063638 8147174,2118600 8143123,2114264 8086181,2059462 8090341,2063638 8147174))
28354;POLYGON((1411128 8184397,1465090 8182073,1462576 8126183,1408759 8128570,1411128 8184397))
28355;POLYGON((767215 8201778,820697 8201059,819872 8145685,766529 8146424,767215 8201778))
28356;POLYGON((125801 8200209,179302 8201059,180127 8145685,126763 8144812,125801 8200209))
28357;POLYGON((-519115 8179610,-465090 8182073,-462576 8126183,-516455 8123654,-519115 8179610))
28358;POLYGON((-1173669 8138920,-1118600 8143123,-1114264 8086181,-1169174 8081865,-1173669 8138920))
3113;POLYGON((-324344 1397918,-270822 1398768,-269997 1343373,-323382 1342499,-324344 1397918))
3111;POLYGON((3011256 4835226,3068012 4832392,3064928 4773730,3008480 4776548,3011256 4835226))
3107;POLYGON((2598479 3654309,2653250 3646784,2645338 3590166,2590829 3597655,2598479 3654309))
3308;POLYGON((9578391 6404893,9634055 6403427,9632402 6345876,9577013 6347335,9578391 6404893))
3112;POLYGON((1661254 -1980621,1714558 -1987337,1707502 -2042460,1654417 -2035772,1661254 -1980621))
3577;POLYGON((1873931 -1857514,1927122 -1864952,1919383 -1919512,1866406 -1912104,1873931 -1857514))
