4326;POLYGON((149.0 -24.0,149.5 -24.0,149.5 -24.5,149.0 -24.5,149.0 -24.0))
28348;POLYGON((5282253 6480633,5343874 6456245,5316850 6389378,5255795 6414019,5282253 6480633))
28349;POLYGON((4561373 6736174,4620203 6717292,4599262 6653310,4540878 6672416,4561373 6736174))
28350;POLYGON((3871194 6933391,3927663 6918881,3911553 6857405,3855442 6872105,3871194 6933391))
28351;POLYGON((3206538 7083701,3261077 7072751,3248901 7013355,3194659 7024458,3206538 7083701))
28352;POLYGON((2562306 7195211,2615334 7187249,2606459 7129493,2553684 7137572,2562306 7195211))
28353;POLYGON((1933545 7273563,1985469 7268197,1979460 7211647,1927761 7217093,1933545 7273563))
28354;POLYGON((1315472 7322515,1366684 7319494,1363261 7263728,1312256 7266795,1315472 7322515))
28355;POLYGON((703449 7344328,754332 7343515,753338 7288121,702655 7288947,703449 7344328))
28356;POLYGON((92932 7339987,143862 7341345,145254 7285917,94525 7284538,92932 7339987))
28357;POLYGON((-520598 7309297,-469244 7312886,-465404 7257018,-516547 7253373,-520598 7309297))
28358;POLYGON((-1141712 7250864,-1089549 7256850,-1083086 7200128,-1135018 7194052,-1141712 7250864))
3113;POLYGON((-357225 537360,-306276 538718,-304883 483269,-355632 481890,-357225 537360))
3111;POLYGON((2916919 3944212,2968997 3941885,2966318 3885254,2914537 3887567,2916919 3944212))
3107;POLYGON((2430664 2794426,2481458 2787687,2473998 2732445,2423461 2739150,2430664 2794426))
3308;POLYGON((9505880 5526602,9557341 5525493,9556002 5469515,9504808 5470618,9505880 5526602))
3112;POLYGON((1506199 -2822331,1556155 -2828423,1549417 -2882777,1499677 -2876711,1506199 -2822331))
3577;POLYGON((1706399 -2704269,1756277 -2711045,1748632 -2766508,1698971 -2759761,1706399 -2704269))
