4326;POLYGON((149.0 -38.25,149.5 -38.25,149.5 -38.75,149.0 -38.75,149.0 -38.25))
28348;POLYGON((4408067 4720895,4452934 4693780,4418172 4637189,4373883 4664251,4408067 4720895))
28349;POLYGON((3868245 5012349,3913272 4990343,3885020 4933404,3840496 4955404,3868245 5012349))
28350;POLYGON((3328553 5246895,3373451 5229341,3350879 5172487,3306421 5190060,3328553 5246895))
28351;POLYGON((2791429 5431597,2836060 5417963,2818495 5361406,2774256 5375069,2791429 5431597))
28352;POLYGON((2257846 5572054,2302171 5561927,2289087 5505731,2245116 5515889,2257846 5572054))
28353;POLYGON((1727771 5672528,1771823 5665601,1762828 5609738,1719103 5616690,1727771 5672528))
28354;POLYGON((1200519 5736058,1244373 5732121,1239199 5676504,1195654 5680456,1200519 5736058))
28355;POLYGON((675005 5764554,718762 5763490,717254 5707997,673799 5709066,675005 5764554))
28356;POLYGON((149939 5758874,193710 5760650,195823 5705146,152355 5703363,149939 5758874))
28357;POLYGON((-376017 5718846,-332122 5723516,-326324 5667866,-369906 5663178,-376017 5718846))
28358;POLYGON((-904105 5643268,-859990 5650972,-850335 5595059,-894117 5587329,-904105 5643268))
3113;POLYGON((-300197 -1044369,-256408 -1042592,-254294 -1098118,-297779 -1099902,-300197 -1044369))
3111;POLYGON((2850060 2353918,2893787 2351964,2891164 2296512,2847728 2298453,2850060 2353918))
3107;POLYGON((2226438 1227332,2269981 1221555,2262523 1166325,2219236 1172068,2226438 1227332))
3308;POLYGON((9475565 3943364,9519449 3942419,9518116 3886748,9474499 3887688,9475565 3943364))
3112;POLYGON((1319408 -4379839,1363169 -4385176,1356285 -4440708,1312745 -4435399,1319408 -4379839))
3577;POLYGON((1495256 -4281640,1538963 -4287578,1531450 -4342080,1487957 -4336172,1495256 -4281640))
