4326;POLYGON((149.0 -38.0,149.5 -38.0,149.5 -38.5,149.0 -38.5,149.0 -38.0))
28348;POLYGON((4425092 4749340,4470250 4722202,4435575 4665442,4390997 4692532,4425092 4749340))
28349;POLYGON((3882048 5040910,3927326 5018903,3899169 4961843,3854394 4983847,3882048 5040910))
28350;POLYGON((3339550 5275373,3384669 5257830,3362188 5200893,3317509 5218458,3339550 5275373))
28351;POLYGON((2799956 5459899,2844782 5446281,2827297 5389671,2782862 5403320,2799956 5459899))
28352;POLYGON((2264163 5600158,2308664 5590047,2295646 5533822,2251497 5543964,2264163 5600158))
28353;POLYGON((1732071 5700456,1776285 5693542,1767338 5637666,1723448 5644606,1732071 5700456))
28354;POLYGON((1202931 5763860,1246939 5759931,1241793 5704312,1198093 5708256,1202931 5763860))
28355;POLYGON((675603 5792297,719510 5791235,718010 5735744,674403 5736811,675603 5792297))
28356;POLYGON((148741 5786629,192662 5788401,194764 5732898,151144 5731119,148741 5786629))
28357;POLYGON((-379048 5746684,-334997 5751344,-329231 5695690,-372970 5691011,-379048 5746684))
28358;POLYGON((-909059 5671250,-864779 5678940,-855175 5623012,-899124 5615294,-909059 5671250))
3113;POLYGON((-301395 -1016603,-257457 -1014830,-255354 -1070355,-298991 -1072135,-301395 -1016603))
3111;POLYGON((2851226 2381644,2895098 2379684,2892476 2324240,2848895 2326187,2851226 2381644))
3107;POLYGON((2230036 1254941,2273707 1249147,2266253 1193947,2222838 1199708,2230036 1254941))
3308;POLYGON((9476098 3971184,9520115 3970236,9518783 3914590,9475032 3915532,9476098 3971184))
3112;POLYGON((1322735 -4352099,1366606 -4357449,1359729 -4412929,1316078 -4407605,1322735 -4352099))
3577;POLYGON((1498911 -4254335,1542724 -4260287,1535204 -4314842,1491605 -4308919,1498911 -4254335))
