4326;POLYGON((149.5 -30.25,150.0 -30.25,150.0 -30.75,149.5 -30.75,149.5 -30.25))
28348;POLYGON((4980906 5646797,5035347 5619597,5003571 5557228,4949736 5584531,4980906 5646797))
28349;POLYGON((4336282 5934982,4389385 5913484,4364242 5852452,4311634 5874068,4336282 5934982))
28350;POLYGON((3707604 6161585,3759403 6144781,3739723 6085160,3688336 6102080,3707604 6161585))
28351;POLYGON((3093805 6337000,3144431 6324134,3129338 6265826,3079063 6278794,3093805 6337000))
28352;POLYGON((2492898 6468920,2542541 6459440,2531392 6402247,2482055 6411809,2492898 6468920))
28353;POLYGON((1902331 6562898,1951218 6556412,1943556 6500084,1894943 6506629,1902331 6562898))
28354;POLYGON((1319229 6622756,1367609 6619005,1363128 6563263,1315003 6567051,1319229 6622756))
28355;POLYGON((740550 6650867,788680 6649702,787205 6594257,739322 6595433,740550 6650867))
28356;POLYGON((163178 6648325,211319 6649702,212794 6594257,164900 6592866,163178 6648325))
28357;POLYGON((-416022 6615032,-367609 6619005,-363128 6563263,-411284 6559253,-416022 6615032))
28358;POLYGON((-1000160 6549688,-951218 6556412,-943556 6500084,-992221 6493298,-1000160 6549688))
3113;POLYGON((-286952 -154571,-238793 -153193,-237317 -208660,-285230 -210051,-286952 -154571))
3111;POLYGON((2935793 3239962,2984172 3237546,2981245 3181854,2933158 3184255,2935793 3239962))
3107;POLYGON((2388633 2100255,2436214 2093718,2428558 2038934,2381231 2045437,2388633 2100255))
3308;POLYGON((9540685 4829604,9588809 4828336,9587218 4772918,9539358 4774178,9540685 4829604))
3112;POLYGON((1471958 -3507612,1519188 -3513563,1512224 -3567966,1465210 -3562043,1471958 -3507612))
3577;POLYGON((1660585 -3405256,1707720 -3411847,1699852 -3467324,1652934 -3460763,1660585 -3405256))
