4326;POLYGON((148.75 -15.5,149.25 -15.5,149.25 -16.0,148.75 -16.0,148.75 -15.5))
28348;POLYGON((5631770 7673083,5701819 7655065,5682758 7582729,5613147 7601198,5631770 7673083))
28349;POLYGON((4823125 7859629,4888431 7845987,4873992 7778542,4809016 7792542,4823125 7859629))
28350;POLYGON((4064589 8000753,4126170 7990455,4115263 7926860,4053939 7937437,4064589 8000753))
28351;POLYGON((3345083 8106610,3403788 8098949,3395664 8038330,3337165 8046204,3345083 8106610))
28352;POLYGON((2655264 8184139,2711818 8178634,2705967 8120248,2649585 8125909,2655264 8184139))
28353;POLYGON((1987083 8238009,2042117 8234341,2038200 8177539,1983315 8181312,1987083 8238009))
28354;POLYGON((1333410 8271240,1387490 8269209,1385294 8213408,1331350 8215498,1333410 8271240))
28355;POLYGON((687718 8285604,741374 8285103,740783 8229760,687260 8230276,687718 8285604))
28356;POLYGON((43811 8281843,97551 8282847,98536 8227439,44929 8226406,43811 8281843))
28357;POLYGON((-604439 8259763,-550101 8262324,-547488 8206325,-601686 8203690,-604439 8259763))
28358;POLYGON((-1263336 8218213,-1207861 8222466,-1203484 8165325,-1258803 8160950,-1263336 8218213))
3113;POLYGON((-406366 1479583,-352605 1480588,-351619 1425158,-405248 1424125,-406366 1479583))
3111;POLYGON((2929577 4927282,2986819 4924875,2984186 4865937,2927254 4868330,2929577 4927282))
3107;POLYGON((2527173 3750417,2582390 3743221,2574846 3686359,2519892 3693521,2527173 3750417))
3308;POLYGON((9496334 6493201,9552422 6492127,9551177 6434358,9495366 6435426,9496334 6493201))
3112;POLYGON((1591030 -1887999,1644703 -1894436,1637960 -1949729,1584507 -1943319,1591030 -1887999))
3577;POLYGON((1804876 -1764956,1858430 -1772124,1851029 -1826602,1797689 -1819462,1804876 -1764956))
