4326;POLYGON((149.5 -27.75,150.0 -27.75,150.0 -28.25,149.5 -28.25,149.5 -27.75))
28348;POLYGON((5132322 5963663,5189778 5937151,5159512 5872877,5102657 5899551,5132322 5963663))
28349;POLYGON((4455419 6243297,4510962 6222518,4487217 6160196,4432156 6181137,4455419 6243297))
28350;POLYGON((3800370 6461546,3854182 6445410,3835720 6384950,3782304 6401232,3800370 6461546))
28351;POLYGON((3164567 6629515,3216891 6617224,3202806 6558402,3150814 6570817,3164567 6629515))
28352;POLYGON((2544827 6755282,2595942 6746260,2585578 6688783,2534750 6697903,2544827 6755282))
28353;POLYGON((1937656 6844594,1987862 6838438,1980758 6781982,1930808 6788208,1937656 6844594))
28354;POLYGON((1339415 6901360,1389017 6897805,1384870 6842033,1335504 6845629,1339415 6901360))
28355;POLYGON((746415 6927986,795722 6926883,794358 6871453,745279 6872569,746415 6927986))
28356;POLYGON((154957 6925579,204277 6926883,205641 6871453,156549 6870134,154957 6925579))
28357;POLYGON((-438658 6894040,-389017 6897805,-384870 6842033,-434272 6838224,-438658 6894040))
28358;POLYGON((-1038132 6832055,-987862 6838438,-980758 6781982,-1030770 6775526,-1038132 6832055))
3113;POLYGON((-295176 122791,-245837 124095,-244473 68643,-293584 67323,-295176 122791))
3111;POLYGON((2949009 3519340,2998855 3516851,2995912 3460864,2946360 3463339,2949009 3519340))
3107;POLYGON((2425676 2374585,2474526 2367874,2466857 2312997,2418261 2319673,2425676 2374585))
3308;POLYGON((9547327 5107124,9596780 5105822,9595184 5050259,9545997 5051554,9547327 5107124))
3112;POLYGON((1505650 -3235830,1553961 -3241917,1547011 -3296211,1498916 -3290151,1505650 -3235830))
3577;POLYGON((1698872 -3127496,1747094 -3134239,1739217 -3189776,1691213 -3183063,1698872 -3127496))
