4326;POLYGON((149.5 -10.0,150.0 -10.0,150.0 -10.5,149.5 -10.5,149.5 -10.0))
28348;POLYGON((5912709 8461848,5987662 8449017,5974251 8373058,5899619 8386467,5912709 8461848))
28349;POLYGON((5053553 8593946,5122546 8584332,5112496 8514520,5043740 8524575,5053553 8593946))
28350;POLYGON((4256612 8693002,4321027 8685797,4313493 8620670,4249258 8628209,4256612 8693002))
28351;POLYGON((3507186 8766905,3568129 8761564,3562538 8699977,3501738 8705569,3507186 8766905))
28352;POLYGON((2793400 8820972,2851772 8817128,2847741 8758161,2789486 8762186,2793400 8820972))
28353;POLYGON((2105416 8858737,2161976 8856150,2159251 8799035,2102792 8801745,2105416 8858737))
28354;POLYGON((1434810 8882480,1490218 8880999,1488641 8825067,1433324 8826619,1434810 8882480))
28355;POLYGON((774071 8893548,828928 8893091,828412 8837737,773641 8838216,774071 8893548))
28356;POLYGON((116189 8892549,171071 8893091,171587 8837737,116792 8837169,116189 8892549))
28357;POLYGON((-545698 8879429,-490218 8880999,-488641 8825067,-544030 8823423,-545698 8879429))
28358;POLYGON((-1218660 8853465,-1161976 8856150,-1159251 8799035,-1215834 8796222,-1218660 8853465))
3113;POLYGON((-333959 2090528,-279057 2091070,-278540 2035694,-333356 2035127,-333959 2090528))
3111;POLYGON((3046695 5584409,3107386 5581378,3104174 5520273,3043804 5523288,3046695 5584409))
3107;POLYGON((2695730 4374518,2753833 4366536,2745657 4308028,2687824 4315973,2695730 4374518))
3308;POLYGON((9595924 7137403,9655094 7135845,9653383 7076253,9594498 7077804,9595924 7137403))
3112;POLYGON((1747775 -1282684,1803855 -1289749,1796624 -1346241,1740769 -1339204,1747775 -1282684))
3577;POLYGON((1966888 -1183147,2022717 -1190954,2015157 -1244260,1959536 -1236482,1966888 -1183147))
