4326;POLYGON((149.0 -41.0,149.5 -41.0,149.5 -41.5,149.0 -41.5,149.0 -41.0))
28348;POLYGON((4217998 4413352,4259718 4386627,4224087 4331839,4182930 4358468,4217998 4413352))
28349;POLYGON((3713374 4702040,3755639 4680151,3726413 4624525,3684649 4646371,3713374 4702040))
28350;POLYGON((3204664 4936272,3247123 4918682,3223599 4862730,3181586 4880309,3204664 4936272))
28351;POLYGON((2695066 5121932,2737517 5108191,2719104 5052208,2677056 5065955,2695066 5121932))
28352;POLYGON((2186287 5263833,2228632 5253581,2214855 5197710,2172878 5207974,2186287 5263833))
28353;POLYGON((1678983 5365719,1721199 5358684,1711697 5302967,1669824 5310015,1678983 5365719))
28354;POLYGON((1173115 5430304,1215226 5426298,1209748 5370713,1167965 5374728,1173115 5430304))
28355;POLYGON((668207 5459316,710263 5458232,708665 5402718,666929 5403804,668207 5459316))
28356;POLYGON((163555 5453531,205618 5455340,207857 5399819,166115 5398006,163555 5453531))
28357;POLYGON((-341601 5412794,-299468 5417544,-293333 5361940,-335135 5357181,-341601 5412794))
28358;POLYGON((-847911 5336015,-805663 5343833,-795469 5288091,-837368 5280260,-847911 5336015))
3113;POLYGON((-286575 -1349831,-244496 -1348022,-242256 -1403564,-284014 -1405378,-286575 -1349831))
3111;POLYGON((2837222 2048555,2879346 2046673,2876715 1991059,2834884 1992928,2837222 2048555))
3107;POLYGON((2186716 922526,2228848 916936,2221335 861297,2179460 866853,2186716 922526))
3308;POLYGON((9469688 3636420,9512103 3635507,9510762 3579486,9468615 3580394,9469688 3636420))
3112;POLYGON((1282588 -4686857,1325127 -4692044,1318160 -4748248,1275844 -4743088,1282588 -4686857))
3577;POLYGON((1455300 -4580139,1497838 -4585918,1490418 -4639752,1448090 -4634002,1455300 -4580139))
