4326;POLYGON((148.75 -14.5,149.25 -14.5,149.25 -15.0,148.75 -15.0,148.75 -14.5))
28348;POLYGON((5667472 7817671,5738365 7800592,5720357 7727688,5649881 7745242,5667472 7817671))
28349;POLYGON((4850128 7994313,4916070 7981408,4902458 7913610,4836830 7926887,4850128 7994313))
28350;POLYGON((4084948 8127695,4147021 8117969,4136757 8054159,4074926 8064173,4084948 8127695))
28351;POLYGON((3360204 8227600,3419305 8220374,3411669 8159631,3352763 8167076,3360204 8227600))
28352;POLYGON((2666102 8300693,2722986 8295505,2717491 8237054,2660770 8242401,2666102 8300693))
28353;POLYGON((1994269 8351441,2049590 8347986,2045914 8291157,1990734 8294719,1994269 8351441))
28354;POLYGON((1337337 8382732,1391679 8380820,1389619 8325013,1335405 8326985,1337337 8382732))
28355;POLYGON((688593 8396253,742499 8395782,741946 8340444,688163 8340930,688593 8396253))
28356;POLYGON((41678 8392713,95671 8393658,96595 8338253,42727 8337278,41678 8392713))
28357;POLYGON((-609690 8371927,-555083 8374338,-552632 8318329,-607107 8315842,-609690 8371927))
28358;POLYGON((-1271984 8332796,-1216210 8336802,-1212103 8279625,-1267730 8275495,-1271984 8332796))
3113;POLYGON((-408500 1590496,-354486 1591442,-353561 1536016,-407450 1535040,-408500 1590496))
3111;POLYGON((2934245 5045715,2992108 5043283,2989459 4983989,2931908 4986409,2934245 5045715))
3107;POLYGON((2541787 3864611,2597532 3857346,2589952 3800215,2534471 3807446,2541787 3864611))
3308;POLYGON((9498277 6609185,9554920 6608100,9553669 6550039,9497304 6551118,9498277 6609185))
3112;POLYGON((1604109 -1777080,1658223 -1783570,1651457 -1839050,1597564 -1832587,1604109 -1777080))
3577;POLYGON((1819216 -1656210,1873195 -1663436,1865819 -1717735,1812052 -1710537,1819216 -1656210))
