4326;POLYGON((149.0 -13.0,149.5 -13.0,149.5 -13.5,149.0 -13.5,149.0 -13.0))
28348;POLYGON((5753035 8028758,5825360 8012975,5808790 7939017,5736854 7955309,5753035 8028758))
28349;POLYGON((4920907 8191713,4987930 8179824,4975443 8111330,4908711 8123615,4920907 8191713))
28350;POLYGON((4144441 8314451,4207348 8305510,4197953 8241246,4135268 8250492,4144441 8314451))
28351;POLYGON((3410879 8406251,3470639 8399613,3463656 8338581,3404074 8345449,3410879 8406251))
28352;POLYGON((2709700 8473408,2767120 8468639,2762092 8410013,2704819 8414950,2709700 8473408))
28353;POLYGON((2032018 8520131,2087789 8516943,2084413 8460019,2028770 8463319,2032018 8520131))
28354;POLYGON((1370091 8549134,1424824 8547348,1422911 8491502,1368294 8493351,1370091 8549134))
28355;POLYGON((716922 8562012,771181 8561532,770627 8506191,716479 8506687,716922 8562012))
28356;POLYGON((65915 8559451,120241 8560252,121017 8504865,66803 8504035,65915 8559451))
28357;POLYGON((-589426 8541316,-534488 8543440,-532340 8487455,-587160 8485255,-589426 8541316))
28358;POLYGON((-1255798 8506634,-1199674 8510196,-1196039 8453033,-1252031 8449345,-1255798 8506634))
3113;POLYGON((-384253 1757300,-329906 1758101,-329129 1702692,-383365 1701862,-384253 1757300))
3111;POLYGON((2970705 5223564,3029501 5220937,3026670 5161083,2968188 5163696,2970705 5223564))
3107;POLYGON((2592119 4033319,2648644 4025819,2640873 3968270,2584614 3975734,2592119 4033319))
3308;POLYGON((9529953 6783802,9587431 6782564,9586030 6724034,9528832 6725266,9529953 6783802))
3112;POLYGON((1651209 -1613199,1705974 -1619878,1699060 -1675657,1644516 -1669006,1651209 -1613199))
3577;POLYGON((1867943 -1497434,1922543 -1504852,1915100 -1558845,1860711 -1551456,1867943 -1497434))
