4326;POLYGON((150.5 -17.0,151.0 -17.0,151.0 -17.5,150.5 -17.5,150.5 -17.0))
28348;POLYGON((5816695 7388595,5886886 7367633,5864579 7294665,5794894 7316073,5816695 7388595))
28349;POLYGON((5006084 7605964,5071561 7590043,5054611 7521933,4989517 7538212,5006084 7605964))
28350;POLYGON((4245626 7771030,4307351 7758956,4294488 7694733,4233059 7707092,4245626 7771030))
28351;POLYGON((3524751 7895619,3583541 7886564,3573883 7825394,3515330 7834669,3524751 7895619))
28352;POLYGON((2834443 7987876,2890999 7981274,2883944 7922435,2827584 7929202,2834443 7987876))
28353;POLYGON((2166877 8053344,2221813 8048812,2216952 7991669,2162185 7996316,2166877 8053344))
28354;POLYGON((1515096 8095677,1568966 8092970,1566036 8036951,1512319 8039727,1515096 8095677))
28355;POLYGON((872744 8117113,926061 8116091,924912 8060665,871740 8061713,872744 8117113))
28356;POLYGON((233821 8118746,287077 8119358,287650 8064016,234538 8063388,233821 8118746))
28357;POLYGON((-407547 8100658,-353862 8102934,-351538 8047171,-405073 8044836,-407547 8100658))
28358;POLYGON((-1057328 8061930,-1002708 8065987,-998514 8009280,-1052969 8005120,-1057328 8061930))
3113;POLYGON((-216282 1316423,-163005 1317035,-162432 1261671,-215565 1261043,-216282 1316423))
3111;POLYGON((3119669 4741353,3175931 4737951,3172247 4679568,3116291 4682952,3119669 4741353))
3107;POLYGON((2695731 3554181,2750038 3546207,2741629 3489844,2687583 3497780,2695731 3554181))
3308;POLYGON((9686820 6315431,9742055 6313448,9739859 6256113,9684898 6258086,9686820 6315431))
3112;POLYGON((1756925 -2076876,1809845 -2083971,1802367 -2138917,1749665 -2131850,1756925 -2076876))
3577;POLYGON((1968351 -1954423,2021162 -1962230,2012979 -2016846,1960382 -2009071,1968351 -1954423))
