4326;POLYGON((150.5 -16.75,151.0 -16.75,151.0 -17.25,150.5 -17.25,150.5 -16.75))
28348;POLYGON((5827399 7424982,5897841 7404247,5875799 7331105,5805859 7352292,5827399 7424982))
28349;POLYGON((5014211 7639919,5079876 7624180,5063139 7555960,4997852 7572061,5014211 7639919))
28350;POLYGON((4251787 7803049,4313657 7791119,4300961 7726827,4239384 7739045,4251787 7803049))
28351;POLYGON((3529366 7926122,3588272 7917179,3578744 7855969,3520072 7865134,3529366 7926122))
28352;POLYGON((2837803 8017229,2894454 8010710,2887495 7951849,2831037 7958534,2837803 8017229))
28353;POLYGON((2169174 8081865,2224193 8077391,2219399 8020238,2164547 8024828,2169174 8081865))
28354;POLYGON((1516455 8123654,1570400 8120982,1567511 8064960,1513717 8067701,1516455 8123654))
28355;POLYGON((873236 8144812,926624 8143804,925491 8088378,872245 8089413,873236 8144812))
28356;POLYGON((233470 8146424,286796 8147028,287361 8091687,234177 8091067,233470 8146424))
28357;POLYGON((-408759 8128570,-355000 8130817,-352708 8075052,-406319 8072747,-408759 8128570))
28358;POLYGON((-1059462 8090341,-1004761 8094346,-1000626 8037632,-1055164 8033523,-1059462 8090341))
3113;POLYGON((-216633 1344111,-163286 1344715,-162720 1289353,-215926 1288733,-216633 1344111))
3111;POLYGON((3121361 4770614,3177777 4767203,3174088 4708740,3117979 4712133,3121361 4770614))
3107;POLYGON((2699812 3582425,2754249 3574432,2745831 3518011,2691655 3525966,2699812 3582425))
3308;POLYGON((9687783 6344153,9743155 6342164,9740956 6284764,9685859 6286743,9687783 6344153))
3112;POLYGON((1760559 -2049359,1813588 -2056469,1806104 -2111453,1753294 -2104373,1760559 -2049359))
3577;POLYGON((1972332 -1927128,2025249 -1934950,2017072 -1989528,1964368 -1981737,1972332 -1927128))
