4326;POLYGON((150.25 -9.25,150.75 -9.25,150.75 -9.75,150.25 -9.75,150.25 -9.25))
28348;POLYGON((6044544 8557274,6120830 8544882,6107878 8467691,6031905 8480694,6044544 8557274))
28349;POLYGON((5171575 8684743,5241579 8675472,5231890 8604771,5162115 8614506,5171575 8684743))
28350;POLYGON((4364126 8780228,4429312 8773284,4422051 8707512,4357039 8714809,4364126 8780228))
28351;POLYGON((3606684 8851502,3668215 8846346,3662820 8784297,3601425 8789717,3606684 8851502))
28352;POLYGON((2886795 8903801,2945613 8900073,2941705 8840783,2882998 8844703,2886795 8903801))
28353;POLYGON((2194214 8940609,2251107 8938072,2248437 8880745,2191639 8883414,2194214 8940609))
28354;POLYGON((1520235 8964183,1575882 8962686,1574293 8906635,1518730 8908210,1520235 8964183))
28355;POLYGON((857154 8975878,912171 8975337,911572 8919944,856635 8920513,857154 8975878))
28356;POLYGON((197836 8976342,252804 8976727,253163 8921407,198274 8921001,197836 8976342))
28357;POLYGON((-464663 8965598,-409162 8966932,-407826 8911102,-463243 8909699,-464663 8965598))
28358;POLYGON((-1137450 8943055,-1080810 8945411,-1078423 8888464,-1134969 8885987,-1137450 8943055))
3113;POLYGON((-252281 2174353,-197291 2174739,-196932 2119397,-251842 2118991,-252281 2174353))
3111;POLYGON((3142808 5671819,3203957 5668282,3200242 5606859,3139416 5610377,3142808 5671819))
3107;POLYGON((2795387 4450519,2853841 4442075,2845219 4383350,2787036 4391756,2795387 4450519))
3308;POLYGON((9687470 7224709,9747056 7222712,9744906 7162839,9685606 7164827,9687470 7224709))
3112;POLYGON((1842934 -1208387,1899309 -1215832,1891712 -1272490,1835563 -1265075,1842934 -1208387))
3577;POLYGON((2062086 -1115226,2118181 -1123407,2110334 -1176488,2054447 -1168338,2062086 -1115226))
