4326;POLYGON((149.75 -31.0,150.25 -31.0,150.25 -31.5,149.75 -31.5,149.75 -31.0))
28348;POLYGON((4960800 5539926,5014378 5512314,4981881 5450472,4928915 5478167,4960800 5539926))
28349;POLYGON((4325379 5832922,4377788 5811036,4351999 5750341,4300092 5772332,4325379 5832922))
28350;POLYGON((3704193 6063945,3755421 6046791,3735181 5987373,3684373 6004633,3704193 6063945))
28351;POLYGON((3096659 6243258,3146799 6230088,3131235 6171890,3081452 6185154,3096659 6243258))
28352;POLYGON((2501161 6378507,2550378 6368771,2538843 6311626,2489939 6321440,2501161 6378507))
28353;POLYGON((1915441 6475247,1963940 6468552,1955972 6412234,1907755 6418987,1915441 6475247))
28354;POLYGON((1336861 6537326,1384872 6533409,1380161 6477659,1332412 6481611,1336861 6537326))
28355;POLYGON((762579 6567151,810343 6565861,808709 6510405,761197 6511706,762579 6567151))
28356;POLYGON((189656 6565861,237420 6567151,238802 6511706,191290 6510405,189656 6565861))
28357;POLYGON((-384872 6533409,-336861 6537326,-332412 6481611,-380161 6477659,-384872 6533409))
28358;POLYGON((-963940 6468552,-915441 6475247,-907755 6418987,-955972 6412234,-963940 6468552))
3113;POLYGON((-260464 -237067,-212681 -235777,-211299 -291243,-258830 -292545,-260464 -237067))
3111;POLYGON((2955813 3155253,3003747 3152734,3000677 3097117,2953035 3099622,2955813 3155253))
3107;POLYGON((2401134 2014815,2448319 2008221,2440538 1953463,2393606 1960022,2401134 2014815))
3308;POLYGON((9562559 4745872,9610283 4744501,9608559 4689109,9561100 4690473,9562559 4745872))
3112;POLYGON((1485290 -3592202,1532183 -3598205,1525104 -3652647,1478428 -3646672,1485290 -3592202))
3577;POLYGON((1672517 -3491757,1719314 -3498394,1711343 -3553815,1664763 -3547208,1672517 -3491757))
