4326;POLYGON((150.25 -43.5,150.75 -43.5,150.75 -44.0,150.25 -44.0,150.25 -43.5))
28348;POLYGON((4138433 4075822,4177129 4048641,4139455 3995763,4101317 4022798,4138433 4075822))
28349;POLYGON((3667466 4371251,3707101 4348729,3675836 4294460,3636707 4316898,3667466 4371251))
28350;POLYGON((3188171 4613705,3228320 4595398,3202865 4540357,3163176 4558620,3188171 4613705))
28351;POLYGON((2704603 4808163,2744994 4793682,2724821 4738262,2684849 4752724,2704603 4808163))
28352;POLYGON((2219257 4958873,2259731 4947896,2244397 4892331,2204310 4903304,2219257 4958873))
28353;POLYGON((1733511 5069265,1773987 5061537,1763144 5005950,1723030 5013679,1733511 5069265))
28354;POLYGON((1247973 5141910,1288422 5137250,1281819 5081688,1241716 5086350,1247973 5141910))
28355;POLYGON((762751 5178526,803177 5176824,800660 5121287,760570 5122990,762751 5178526))
28356;POLYGON((277673 5179984,318097 5181199,319606 5125666,279518 5124450,277673 5179984))
28357;POLYGON((-207527 5146320,-167083 5150480,-161513 5094926,-201614 5090762,-207527 5146320))
28358;POLYGON((-693038 5076731,-652566 5083936,-642803 5028354,-682917 5021146,-693038 5076731))
3113;POLYGON((-172413 -1623485,-131973 -1622269,-130463 -1677824,-170567 -1679041,-172413 -1623485))
3111;POLYGON((2927139 1764990,2967772 1762640,2964395 1706798,2924056 1709131,2927139 1764990))
3107;POLYGON((2252366 629306,2293140 623415,2284910 567364,2244395 573218,2252366 629306))
3308;POLYGON((9566974 3352868,9608030 3351492,9606003 3295046,9565217 3296413,9566974 3352868))
3112;POLYGON((1352194 -4982407,1393557 -4987869,1385929 -5044758,1344793 -5039326,1352194 -4982407))
3577;POLYGON((1523133 -4862367,1564567 -4868409,1556734 -4921397,1515508 -4915385,1523133 -4862367))
