4326;POLYGON((150.25 -8.25,150.75 -8.25,150.75 -8.75,150.25 -8.75,150.25 -8.25))
28348;POLYGON((6067925 8711042,6144790 8699898,6133135 8622288,6056553 8634060,6067925 8711042))
28349;POLYGON((5189056 8825589,5259487 8817263,5250780 8746305,5180556 8755106,5189056 8825589))
28350;POLYGON((4377211 8911291,4442719 8905061,4436202 8839135,4370850 8845723,4377211 8911291))
28351;POLYGON((3616388 8975202,3678171 8970580,3673332 8908441,3611672 8913331,3616388 8975202))
28352;POLYGON((2893797 9022064,2952821 9018725,2949318 8959387,2890395 8962921,2893797 9022064))
28353;POLYGON((2198962 9055030,2256029 9052758,2253638 8995410,2196655 8997815,2198962 9055030))
28354;POLYGON((1523009 9076136,1578813 9074796,1577389 9018739,1521661 9020158,1523009 9076136))
28355;POLYGON((858111 9086605,913276 9086121,912739 9030730,857646 9031242,858111 9086605))
28356;POLYGON((197027 9087020,252143 9087365,252464 9032047,197420 9031681,197027 9087020))
28357;POLYGON((-467281 9077403,-411626 9078597,-410429 9022763,-466009 9021499,-467281 9077403))
28358;POLYGON((-1142025 9057220,-1085213 9059330,-1083074 9002366,-1139802 9000133,-1142025 9057220))
3113;POLYGON((-253090 2285074,-197952 2285420,-197631 2230080,-252697 2229714,-253090 2285074))
3111;POLYGON((3149631 5795418,3211429 5791844,3207685 5729942,3146213 5733498,3149631 5795418))
3107;POLYGON((2812170 4568620,2871171 4560096,2862492 4500988,2803765 4509473,2812170 4568620))
3308;POLYGON((9691216 7345087,9751379 7343070,9749214 7282787,9689339 7284794,9691216 7345087))
3112;POLYGON((1857734 -1094571,1914561 -1102075,1906925 -1159029,1850324 -1151554,1857734 -1094571))
3577;POLYGON((2077311 -1009374,2133820 -1017614,2126009 -1070448,2069707 -1062237,2077311 -1009374))
