4326;POLYGON((150.0 -15.0,150.5 -15.0,150.5 -15.5,150.0 -15.5,150.0 -15.0))
28348;POLYGON((5826933 7700576,5898571 7681965,5878918 7608143,5807734 7627241,5826933 7700576))
28349;POLYGON((5001579 7893106,5068123 7879034,5053258 7810466,4987054 7824921,5001579 7893106))
28350;POLYGON((4230031 8038684,4292575 8028057,4281341 7963615,4219060 7974542,4230031 8038684))
28351;POLYGON((3500431 8148100,3559881 8140165,3551485 8078920,3492243 8087084,3500431 8148100))
28352;POLYGON((2802868 8228730,2859989 8222976,2853888 8164143,2796940 8170066,2802868 8228730))
28353;POLYGON((2128882 8285551,2184334 8281636,2180167 8224537,2124865 8228568,2128882 8285551))
28354;POLYGON((1471052 8321815,1525422 8319523,1522958 8263555,1468723 8265916,1471052 8321815))
28355;POLYGON((822650 8339486,876480 8338695,875589 8283302,821887 8284117,822650 8339486))
28356;POLYGON((177349 8339486,231156 8340155,231792 8284806,178112 8284117,177349 8339486))
28357;POLYGON((-471052 8321815,-416748 8323979,-414553 8268144,-468723 8265916,-471052 8321815))
28358;POLYGON((-1128882 8285551,-1073543 8289323,-1069673 8232453,-1124865 8228568,-1128882 8285551))
3113;POLYGON((-272776 1537249,-218947 1537918,-218312 1482547,-272013 1481858,-272776 1537249))
3111;POLYGON((3075761 4979793,3133276 4976618,3129859 4917544,3072655 4920702,3075761 4979793))
3107;POLYGON((2673109 3788888,2728502 3781017,2720281 3724114,2665151 3731948,2673109 3788888))
3308;POLYGON((9638206 6547915,9694554 6546161,9692613 6488267,9636542 6490012,9638206 6547915))
3112;POLYGON((1732247 -1849147,1786073 -1856146,1778769 -1911462,1725163 -1904491,1732247 -1849147))
3577;POLYGON((1946415 -1728925,2000109 -1736647,1992188 -1790962,1938707 -1783270,1946415 -1728925))
