4326;POLYGON((149.75 -17.75,150.25 -17.75,150.25 -18.25,149.75 -18.25,149.75 -17.75))
28348;POLYGON((5680436 7311466,5749243 7290568,5726929 7218768,5658625 7240081,5680436 7311466))
28349;POLYGON((4884354 7528410,4948754 7512506,4931763 7445249,4867745 7461490,4884354 7528410))
28350;POLYGON((4135231 7693383,4196114 7681313,4183209 7617710,4122624 7630048,4135231 7693383))
28351;POLYGON((3423261 7817869,3481387 7808829,3471710 7748103,3413823 7757351,3423261 7817869))
28352;POLYGON((2739981 7909796,2796012 7903233,2788973 7844702,2733141 7851419,2739981 7909796))
28353;POLYGON((2077968 7974554,2132490 7970099,2127691 7913155,2073342 7917717,2077968 7974554))
28354;POLYGON((1430560 8015689,1484106 8013103,1481291 7957194,1427904 7959842,1430560 8015689))
28355;POLYGON((791621 8035338,844686 8034490,843714 7979099,790799 7979968,791621 8035338))
28356;POLYGON((155313 8034490,208378 8035338,209200 7979968,156285 7979099,155313 8034490))
28357;POLYGON((-484106 8013103,-430560 8015689,-427904 7959842,-481291 7957194,-484106 8013103))
28358;POLYGON((-1132490 7970099,-1077968 7974554,-1073342 7917717,-1127691 7913155,-1132490 7970099))
3113;POLYGON((-294821 1232134,-241735 1232982,-240913 1177591,-293848 1176722,-294821 1232134))
3111;POLYGON((3030871 4658322,3086698 4655387,3083486 4597210,3027965 4600129,3030871 4658322))
3107;POLYGON((2602575 3481030,2656544 3473488,2648551 3417239,2594842 3424745,2602575 3481030))
3308;POLYGON((9601688 6231923,9656524 6230347,9654745 6173186,9600183 6174753,9601688 6231923))
3112;POLYGON((1667100 -2149125,1719733 -2155862,1712597 -2210741,1660182 -2204031,1667100 -2149125))
3577;POLYGON((1877602 -2025170,1930137 -2032621,1922258 -2087398,1869938 -2079977,1877602 -2025170))
