4326;POLYGON((150.0 -19.75,150.5 -19.75,150.5 -20.25,150.0 -20.25,150.0 -19.75))
28348;POLYGON((5623618 7016742,5690545 6994004,5666021 6923414,5599635 6946519,5623618 7016742))
28349;POLYGON((4846952 7253443,4909930 7236048,4891157 7169526,4828593 7187226,4846952 7253443))
28350;POLYGON((4112741 7434307,4172515 7421047,4158192 7357870,4098743 7371379,4112741 7434307))
28351;POLYGON((3412617 7571360,3469845 7561388,3459061 7500890,3402095 7511057,3412617 7571360))
28352;POLYGON((2739139 7672975,2794412 7665706,2786534 7607277,2731481 7614692,2739139 7672975))
28353;POLYGON((2085619 7744897,2139469 7739934,2134069 7683016,2080411 7688082,2085619 7744897))
28354;POLYGON((1445947 7790931,1498865 7788019,1495664 7732098,1442920 7735072,1445947 7790931))
28355;POLYGON((814419 7813399,866870 7812393,865710 7756983,813426 7758011,814419 7813399))
28356;POLYGON((185580 7813399,238011 7814251,238838 7758880,186573 7758011,185580 7813399))
28357;POLYGON((-445947 7790931,-393085 7793681,-390232 7737879,-442920 7735072,-445947 7790931))
28358;POLYGON((-1085619 7744897,-1031865 7749681,-1026847 7692964,-1080411 7688082,-1085619 7744897))
3113;POLYGON((-264542 1010957,-212090 1011808,-211263 956416,-263549 955547,-264542 1010957))
3111;POLYGON((3046598 4425035,3101200 4422021,3097868 4364427,3043569 4367424,3046598 4425035))
3107;POLYGON((2598200 3252857,2651113 3245338,2643049 3189517,2590394 3196999,2598200 3252857))
3308;POLYGON((9622558 6003206,9676300 6001533,9674399 5944829,9620929 5946493,9622558 6003206))
3112;POLYGON((1665363 -2371641,1717111 -2378370,1709899 -2432984,1658369 -2426284,1665363 -2371641))
3577;POLYGON((1872729 -2248449,1924390 -2255880,1916366 -2310904,1864920 -2303505,1872729 -2248449))
