4326;POLYGON((150.0 -20.25,150.5 -20.25,150.5 -20.75,150.0 -20.75,150.0 -20.25))
28348;POLYGON((5599635 6946519,5666021 6923414,5641031 6853190,5575193 6876650,5599635 6946519))
28349;POLYGON((4828593 7187226,4891157 7169526,4872000 7103238,4809857 7121236,4828593 7187226))
28350;POLYGON((4098743 7371379,4158192 7357870,4143559 7294840,4084442 7308591,4098743 7371379))
28351;POLYGON((3402095 7511057,3459061 7500890,3448034 7440479,3391337 7450836,3402095 7511057))
28352;POLYGON((2731481 7614692,2786534 7607277,2778474 7548895,2723647 7556454,2731481 7614692))
28353;POLYGON((2080411 7688082,2134069 7683016,2128541 7626121,2075079 7631286,2080411 7688082))
28354;POLYGON((1442920 7735072,1495664 7732098,1492387 7676184,1439822 7679217,1442920 7735072))
28355;POLYGON((813426 7758011,865710 7756983,864524 7701572,812410 7702620,813426 7758011))
28356;POLYGON((186573 7758011,238838 7758880,239685 7703507,187589 7702620,186573 7758011))
28357;POLYGON((-442920 7735072,-390232 7737879,-387311 7682081,-439822 7679217,-442920 7735072))
28358;POLYGON((-1080411 7688082,-1026847 7692964,-1021710 7636266,-1075079 7631286,-1080411 7688082))
3113;POLYGON((-263549 955547,-211263 956416,-210416 901021,-262532 900135,-263549 955547))
3111;POLYGON((3043569 4367424,3097868 4364427,3094545 4306966,3040548 4309946,3043569 4367424))
3107;POLYGON((2590394 3196999,2643049 3189517,2634998 3133788,2582601 3141234,2590394 3196999))
3308;POLYGON((9620929 5946493,9674399 5944829,9672502 5888228,9619303 5889884,9620929 5946493))
3112;POLYGON((1658369 -2426284,1709899 -2432984,1702694 -2487546,1651381 -2480874,1658369 -2426284))
3577;POLYGON((1864920 -2303505,1916366 -2310904,1908334 -2365986,1857104 -2358618,1864920 -2303505))
