4326;POLYGON((150.25 -30.25,150.75 -30.25,150.75 -30.75,150.25 -30.75,150.25 -30.25))
28348;POLYGON((5062608 5605799,5117211 5577800,5084506 5515282,5030525 5543380,5062608 5605799))
28349;POLYGON((4415979 5902573,4469250 5880424,4443349 5819216,4390585 5841483,4415979 5902573))
28350;POLYGON((3785342 6136244,3837299 6118898,3816990 6059104,3765454 6076566,3785342 6136244))
28351;POLYGON((3169777 6317587,3220540 6304263,3204914 6245800,3154508 6259228,3169777 6317587))
28352;POLYGON((2567390 6454600,2617143 6444722,2605530 6387402,2556087 6397366,2567390 6454600))
28353;POLYGON((1975682 6553080,2024651 6546236,2016573 6489815,1967882 6496721,1975682 6553080))
28354;POLYGON((1391811 6617046,1440241 6612963,1435374 6557164,1387202 6561286,1391811 6617046))
28355;POLYGON((812749 6649040,860896 6647557,859051 6592090,811151 6593588,812749 6649040))
28356;POLYGON((235385 6650311,283511 6651369,284616 6595940,236737 6594871,235385 6650311))
28357;POLYGON((-343415 6620908,-295050 6624550,-290952 6568861,-339061 6565185,-343415 6620908))
28358;POLYGON((-926768 6559684,-877906 6566052,-870656 6509813,-919243 6503386,-926768 6559684))
3113;POLYGON((-214717 -152584,-166573 -151525,-165467 -206976,-213365 -208045,-214717 -152584))
3111;POLYGON((3008357 3236243,3056716 3233446,3053349 3177778,3005283 3180558,3008357 3236243))
3107;POLYGON((2459993 2090367,2507527 2083499,2499491 2028771,2452210 2035601,2459993 2090367))
3308;POLYGON((9612870 4827617,9660984 4826004,9658994 4770598,9611145 4772202,9612870 4827617))
3112;POLYGON((1542793 -3516608,1589987 -3522840,1582698 -3577201,1535721 -3570997,1542793 -3516608))
3577;POLYGON((1731278 -3415212,1778374 -3422080,1770180 -3477509,1723301 -3470673,1731278 -3415212))
