4326;POLYGON((150.25 -14.75,150.75 -14.75,150.75 -15.25,150.25 -15.25,150.25 -14.75))
28348;POLYGON((5872198 7728228,5944302 7709647,5924697 7635420,5853048 7654498,5872198 7728228))
28349;POLYGON((5041989 7920370,5108891 7906331,5094073 7837468,5027511 7851899,5041989 7920370))
28350;POLYGON((4266691 8065591,4329513 8054990,4318317 7990336,4255757 8001242,4266691 8065591))
28351;POLYGON((3534178 8174747,3593844 8166829,3585473 8105432,3526014 8113584,3534178 8174747))
28352;POLYGON((2834344 8255261,2891634 8249511,2885542 8190572,2828425 8196495,2834344 8255261))
28353;POLYGON((2158591 8312138,2214174 8308212,2209999 8251044,2154564 8255089,2158591 8312138))
28354;POLYGON((1499398 8348654,1553868 8346333,1551377 8290326,1497040 8292718,1499398 8348654))
28355;POLYGON((849966 8366795,903870 8365956,902930 8310550,849152 8311415,849966 8366795))
28356;POLYGON((203914 8367514,257774 8368113,258337 8312774,204602 8312156,203914 8367514))
28357;POLYGON((-444996 8350848,-390657 8352916,-388563 8297111,-442770 8294979,-444996 8350848))
28358;POLYGON((-1103124 8315924,-1047767 8319570,-1044030 8262747,-1099243 8258990,-1103124 8315924))
3113;POLYGON((-246201 1565288,-192319 1565887,-191756 1510526,-245512 1509909,-246201 1565288))
3111;POLYGON((3106155 5007852,3163817 5004517,3160240 4945363,3102889 4948680,3106155 5007852))
3107;POLYGON((2704862 3813496,2760369 3805477,2752006 3748526,2696763 3756507,2704862 3813496))
3308;POLYGON((9667283 6576076,9723766 6574183,9721684 6516220,9665479 6518104,9667283 6576076))
3112;POLYGON((1762766 -1824920,1816688 -1832040,1809267 -1887388,1755565 -1880297,1762766 -1824920))
3577;POLYGON((1977168 -1705629,2030953 -1713472,2022933 -1767726,1969360 -1759914,1977168 -1705629))
