4326;POLYGON((149.75 -12.25,150.25 -12.25,150.25 -12.75,149.75 -12.75,149.75 -12.25))
28348;POLYGON((5885792 8116758,5959458 8101212,5943163 8026062,5869882 8042150,5885792 8116758))
28349;POLYGON((5039710 8277118,5107759 8265427,5095502 8196072,5027740 8208182,5039710 8277118))
28350;POLYGON((4252543 8397770,4316239 8388981,4307020 8324094,4243543 8333204,4252543 8397770))
28351;POLYGON((3510735 8488060,3571104 8481525,3564242 8420048,3504046 8426826,3510735 8488060))
28352;POLYGON((2803196 8554325,2861085 8549606,2856120 8490672,2798374 8495568,2803196 8554325))
28353;POLYGON((2120638 8600802,2176766 8597609,2173394 8540486,2117389 8543800,2120638 8600802))
28354;POLYGON((1455035 8630239,1510034 8628390,1508061 8572436,1453173 8574354,1455035 8630239))
28355;POLYGON((799189 8644277,853636 8643671,852955 8588299,798613 8588928,799189 8644277))
28356;POLYGON((146363 8643671,200810 8644277,201386 8588928,147044 8588299,146363 8643671))
28357;POLYGON((-510034 8628390,-455035 8630239,-453173 8574354,-508061 8572436,-510034 8628390))
28358;POLYGON((-1176766 8597609,-1120638 8600802,-1117389 8543800,-1173394 8540486,-1176766 8597609))
3113;POLYGON((-303774 1841553,-249305 1842159,-248730 1786788,-303093 1786159,-303774 1841553))
3111;POLYGON((3063396 5309652,3122643 5306537,3119324 5246408,3060392 5249506,3063396 5309652))
3107;POLYGON((2688790 4108559,2745663 4100611,2737459 4042884,2680854 4050795,2688790 4108559))
3308;POLYGON((9618487 6869945,9676377 6868282,9674548 6809512,9616940 6811167,9618487 6869945))
3112;POLYGON((1743913 -1539438,1798971 -1546486,1791701 -1602393,1736865 -1595374,1743913 -1539438))
3577;POLYGON((1961127 -1427866,2015999 -1435649,2008262 -1489443,1953601 -1481690,1961127 -1427866))
