4326;POLYGON((150.25 -9.0,150.75 -9.0,150.75 -9.5,150.25 -9.5,150.25 -9.0))
28348;POLYGON((6050628 8595642,6127063 8583559,6114434 8506259,6038303 8518958,6050628 8595642))
28349;POLYGON((5176126 8719909,5246241 8710872,5236796 8640105,5166905 8649609,5176126 8719909))
28350;POLYGON((4367533 8812967,4432804 8806199,4425728 8740388,4360628 8747509,4367533 8812967))
28351;POLYGON((3609212 8882411,3670808 8877388,3665552 8815316,3604088 8820604,3609212 8882411))
28352;POLYGON((2888619 8933358,2947491 8929727,2943685 8870425,2884921 8874249,2888619 8933358))
28353;POLYGON((2195451 8969211,2252389 8966739,2249789 8909407,2192944 8912010,2195451 8969211))
28354;POLYGON((1520958 8992170,1576646 8990712,1575098 8934660,1519493 8936196,1520958 8992170))
28355;POLYGON((857404 9003560,912459 9003034,911875 8947641,856898 8948196,857404 9003560))
28356;POLYGON((197625 9004012,252632 9004387,252982 8949067,198052 8948671,197625 9004012))
28357;POLYGON((-465346 8993549,-409804 8994847,-408503 8939016,-463962 8937648,-465346 8993549))
28358;POLYGON((-1138642 8971593,-1081958 8973887,-1079632 8916936,-1136226 8914520,-1138642 8971593))
3113;POLYGON((-252492 2202034,-197463 2202410,-197114 2147068,-252065 2146672,-252492 2202034))
3111;POLYGON((3144509 5702628,3205819 5699082,3202098 5637541,3141111 5641069,3144509 5702628))
3107;POLYGON((2799572 4479972,2858163 4471508,2849527 4412689,2791208 4421114,2799572 4479972))
3308;POLYGON((9688404 7254726,9748134 7252724,9745980 7192751,9686537 7194743,9688404 7254726))
3112;POLYGON((1846627 -1179989,1903114 -1187449,1895508 -1244179,1839246 -1236749,1846627 -1179989))
3577;POLYGON((2065899 -1088716,2122097 -1096912,2114259 -1149932,2058269 -1141767,2065899 -1088716))
