4326;POLYGON((150.0 -30.0,150.5 -30.0,150.5 -30.5,150.0 -30.5,150.0 -30.0))
28348;POLYGON((5051128 5650924,5105986 5623248,5073735 5560584,5019494 5588365,5051128 5650924))
28349;POLYGON((4401857 5944097,4455323 5922229,4429811 5860946,4376847 5882936,4401857 5944097))
28350;POLYGON((3769155 6174655,3821267 6157551,3801288 6097727,3749593 6114949,3769155 6174655))
28351;POLYGON((3151903 6353327,3202796 6340210,3187449 6281745,3136909 6294967,3151903 6353327))
28352;POLYGON((2548057 6488058,2597927 6478356,2586548 6421049,2536986 6430836,2548057 6488058))
28353;POLYGON((1955008 6584586,2004087 6577894,1996204 6521490,1947401 6528245,1955008 6584586))
28354;POLYGON((1369825 6646878,1418364 6642925,1413661 6587142,1365376 6591133,1369825 6646878))
28355;POLYGON((789409 6677424,837672 6676053,835963 6620596,787945 6621980,789409 6677424))
28356;POLYGON((210590 6677424,258842 6678582,260061 6623150,212054 6621980,210590 6677424))
28357;POLYGON((-369825 6646878,-321318 6650611,-317123 6594903,-365376 6591133,-369825 6646878))
28358;POLYGON((-955008 6584586,-905984 6591041,-898650 6534761,-947401 6528245,-955008 6584586))
3113;POLYGON((-239522 -125461,-191251 -124302,-190032 -179756,-238058 -180926,-239522 -125461))
3111;POLYGON((2985637 3265412,3034149 3262734,3030928 3207032,2982708 3209694,2985637 3265412))
3107;POLYGON((2440042 2121113,2487719 2114338,2479809 2059586,2432386 2066325,2440042 2121113))
3308;POLYGON((9589606 4856053,9637857 4854552,9635999 4799131,9588013 4800625,9589606 4856053))
3112;POLYGON((1522668 -3486373,1569982 -3492525,1562804 -3546884,1515706 -3540760,1522668 -3486373))
3577;POLYGON((1711656 -3384101,1758873 -3390892,1750786 -3446349,1703786 -3439588,1711656 -3384101))
