4326;POLYGON((149.75 -25.5,150.25 -25.5,150.25 -26.0,149.75 -26.0,149.75 -25.5))
28348;POLYGON((5291709 6243985,5351946 6218082,5322921 6151985,5263279 6178105,5291709 6243985))
28349;POLYGON((4585218 6516140,4642986 6495982,4620378 6432417,4563081 6452777,4585218 6516140))
28350;POLYGON((3906274 6727249,3961898 6711678,3944416 6650396,3889172 6666143,3906274 6727249))
28351;POLYGON((3250769 6889028,3304604 6877208,3291312 6817867,3237793 6829833,3250769 6889028))
28352;POLYGON((2614385 7009883,2666793 7001217,2657026 6943439,2604888 6952218,2614385 7009883))
28353;POLYGON((1992748 7095727,2044094 7089802,2037387 7033197,1986281 7039202,1992748 7095727))
28354;POLYGON((1381522 7150556,1432164 7147103,1428214 7091280,1377792 7094781,1381522 7150556))
28355;POLYGON((776435 7176828,826727 7175693,825360 7120268,775279 7121418,776435 7176828))
28356;POLYGON((173272 7175693,223564 7176828,224720 7121418,174639 7120268,173272 7175693))
28357;POLYGON((-432164 7147103,-381522 7150556,-377792 7094781,-428214 7091280,-432164 7147103))
28358;POLYGON((-1044094 7089802,-992748 7095727,-986281 7039202,-1037387 7033197,-1044094 7089802))
3113;POLYGON((-276855 373002,-226543 374137,-225386 318706,-275487 317555,-276855 373002))
3111;POLYGON((2986563 3771036,3037731 3768346,3034621 3712017,2983749 3714691,2986563 3771036))
3107;POLYGON((2484104 2618723,2534083 2611738,2526263 2556708,2476539 2563657,2484104 2618723))
3308;POLYGON((9578654 5357121,9629303 5355666,9627567 5299890,9577185 5301337,9578654 5357121))
3112;POLYGON((1560591 -2994516,1609862 -3000823,1602805 -3055095,1553750 -3048816,1560591 -2994516))
3577;POLYGON((1757935 -2880926,1807121 -2887902,1799141 -2943388,1750171 -2936443,1757935 -2880926))
