4326;POLYGON((150.25 -15.75,150.75 -15.75,150.75 -16.25,150.25 -16.25,150.25 -15.75))
28348;POLYGON((5833350 7581075,5904534 7561511,5883820 7487927,5813113 7507964,5833350 7581075))
28349;POLYGON((5012602 7783620,5078815 7768805,5063122 7700345,4997267 7715536,5012602 7783620))
28350;POLYGON((4244488 7937010,4306779 7925804,4294902 7861397,4232887 7872899,4244488 7937010))
28351;POLYGON((3517595 8052489,3576839 8044107,3567945 7982855,3508921 7991464,3517595 8052489))
28352;POLYGON((2822316 8137765,2879257 8131672,2872779 8072812,2816020 8079073,2822316 8137765))
28353;POLYGON((2150407 8198057,2205689 8193893,2201246 8136761,2146121 8141041,2150407 8198057))
28354;POLYGON((1494605 8236786,1548805 8234324,1546152 8178327,1492094 8180859,1494605 8236786))
28355;POLYGON((848312 8256034,901959 8255143,900958 8199735,847445 8200651,848312 8256034))
28356;POLYGON((205312 8256797,258918 8257432,259518 8202088,206045 8201435,205312 8256797))
28357;POLYGON((-440472 8239114,-386401 8241308,-384170 8185508,-438102 8183252,-440472 8239114))
28358;POLYGON((-1095236 8202071,-1040173 8205938,-1036196 8149143,-1091105 8145168,-1095236 8202071))
3113;POLYGON((-244801 1454527,-191175 1455163,-190575 1399798,-244068 1399144,-244801 1454527))
3111;POLYGON((3099632 4889685,3156673 4886386,3153117 4827582,3096385 4830863,3099632 4889685))
3107;POLYGON((2688684 3699652,2743664 3691709,2735340 3635022,2680623 3642927,2688684 3699652))
3308;POLYGON((9663680 6460279,9719608 6458404,9717537 6400729,9661884 6402595,9663680 6460279))
3112;POLYGON((1748376 -1935580,1801858 -1942643,1794462 -1997808,1741199 -1990774,1748376 -1935580))
3577;POLYGON((1961540 -1814288,2014899 -1822070,2006853 -1876500,1953706 -1868749,1961540 -1814288))
