4326;POLYGON((150.5 -36.25,151.0 -36.25,151.0 -36.75,150.5 -36.75,150.5 -36.25))
28348;POLYGON((4684561 4867625,4731748 4838929,4695917 4781052,4649341 4809717,4684561 4867625))
28349;POLYGON((4118477 5175393,4165584 5152192,4136575 5094220,4089990 5117436,4118477 5175393))
28350;POLYGON((3555286 5422509,3602044 5404015,3578887 5346377,3532579 5364910,3555286 5422509))
28351;POLYGON((2997156 5617359,3043450 5602947,3025372 5545831,2979472 5560290,2997156 5617359))
28352;POLYGON((2444724 5766509,2490547 5755694,2476948 5699133,2431477 5709992,2444724 5766509))
28353;POLYGON((1897590 5874932,1943005 5867356,1933439 5811285,1888344 5818896,1897590 5874932))
28354;POLYGON((1354678 5946200,1399794 5941616,1393951 5885909,1349135 5890517,1354678 5946200))
28355;POLYGON((814507 5982638,859457 5980895,857149 5925394,812488 5927145,814507 5982638))
28356;POLYGON((275372 5985423,320304 5986467,321456 5930995,276813 5929945,275372 5985423))
28357;POLYGON((-264503 5954646,-219442 5958510,-214793 5902890,-259557 5899006,-264503 5954646))
28358;POLYGON((-806847 5889313,-761518 5896121,-753222 5840187,-798236 5833346,-806847 5889313))
3113;POLYGON((-174715 -817732,-129765 -816687,-128613 -872181,-173273 -873231,-174715 -817732))
3111;POLYGON((2994022 2568943,3038876 2566230,3035382 2510862,2990819 2513557,2994022 2568943))
3107;POLYGON((2388780 1429487,2433256 1422956,2425063 1368043,2380841 1374536,2388780 1429487))
3308;POLYGON((9614647 4162084,9659576 4160471,9657451 4104990,9612788 4106594,9614647 4162084))
3112;POLYGON((1479797 -4175464,1524369 -4181440,1516876 -4236498,1472522 -4230551,1479797 -4175464))
3577;POLYGON((1658203 -4081228,1702693 -4087805,1694484 -4142592,1650209 -4136046,1658203 -4081228))
