4326;POLYGON((150.5 -26.25,151.0 -26.25,151.0 -26.75,150.5 -26.75,150.5 -26.25))
28348;POLYGON((5338020 6105766,5397665 6078721,5367184 6012907,5308157 6040150,5338020 6105766))
28349;POLYGON((4637553 6390341,4694884 6369233,4671072 6305768,4614230 6327066,4637553 6390341))
28350;POLYGON((3963158 6611769,4018444 6595410,3999968 6534121,3945078 6550650,3963158 6611769))
28351;POLYGON((3311312 6782108,3364865 6769633,3350756 6710230,3297533 6722847,3311312 6782108))
28352;POLYGON((2678118 6910061,2730270 6900852,2719832 6842990,2667961 6852311,2678118 6910061))
28353;POLYGON((2059509 7001799,2110603 6995423,2103347 6938734,2052502 6945191,2059509 7001799))
28354;POLYGON((1451384 7061532,1501760 7057703,1497363 7001815,1447214 7005695,1451384 7061532))
28355;POLYGON((849660 7091902,899658 7090452,897928 7034995,848147 7036464,849660 7091902))
28356;POLYGON((250289 7094219,300245 7095087,301108 7039691,251368 7038811,250289 7094219))
28357;POLYGON((-350762 7068582,-300511 7071805,-297018 7016102,-347044 7012837,-350762 7068582))
28358;POLYGON((-957537 7013888,-906655 7019605,-900381 6963225,-951021 6957434,-957537 7013888))
3113;POLYGON((-199808 291496,-149832 292364,-148969 236946,-198728 236067,-199808 291496))
3111;POLYGON((3058425 3682451,3109126 3679385,3105581 3623208,3055175 3626257,3058425 3682451))
3107;POLYGON((2547142 2525659,2596690 2518384,2588498 2463476,2539204 2470714,2547142 2525659))
3308;POLYGON((9651822 5271211,9702059 5269407,9699926 5213726,9649955 5215520,9651822 5271211))
3112;POLYGON((1623740 -3085435,1672648 -3091992,1665268 -3146215,1616576 -3139686,1623740 -3085435))
3577;POLYGON((1819570 -2974674,1868389 -2981891,1860080 -3037350,1811478 -3030165,1819570 -2974674))
