4326;POLYGON((150.0 -24.0,150.5 -24.0,150.5 -24.5,150.0 -24.5,150.0 -24.0))
28348;POLYGON((5405746 6431335,5467873 6405890,5439682 6338513,5378145 6364213,5405746 6431335))
28349;POLYGON((4679248 6698001,4738513 6678291,4716657 6613851,4657854 6633791,4679248 6698001))
28350;POLYGON((3984312 6904041,4041144 6888866,4024300 6827001,3967838 6842372,3984312 6904041))
28351;POLYGON((3315760 7061529,3370591 7050030,3357809 6990318,3303284 7001976,3315760 7061529))
28352;POLYGON((2668472 7179056,2721723 7170627,2712333 7112627,2659341 7121179,2668472 7179056))
28353;POLYGON((2037469 7262627,2089549 7256850,2083086 7200128,2031234 7205992,2037469 7262627))
28354;POLYGON((1417940 7316285,1469244 7312886,1465404 7257018,1414309 7260469,1417940 7316285))
28355;POLYGON((805227 7342521,856137 7341345,854745 7285917,804034 7287111,805227 7342521))
28356;POLYGON((194772 7342521,245667 7343515,246661 7288121,195965 7287111,194772 7342521))
28357;POLYGON((-417940 7316285,-366684 7319494,-363261 7263728,-414309 7260469,-417940 7316285))
28358;POLYGON((-1037469 7262627,-985469 7268197,-979460 7211647,-1031234 7205992,-1037469 7262627))
3113;POLYGON((-255346 539895,-204431 540889,-203437 485474,-254153 484464,-255346 539895))
3111;POLYGON((3021062 3939285,3073113 3936412,3069840 3879812,3018086 3882669,3021062 3939285))
3107;POLYGON((2532219 2780713,2582948 2773504,2574978 2718333,2524504 2725506,2532219 2780713))
3308;POLYGON((9608797 5524139,9660245 5522537,9658370 5466575,9607189 5468167,9608797 5524139))
3112;POLYGON((1606086 -2834713,1655992 -2841203,1648822 -2895502,1599132 -2889040,1606086 -2834713))
3577;POLYGON((1806129 -2718016,1855953 -2725182,1847874 -2780583,1798267 -2773448,1806129 -2718016))
