4326;POLYGON((150.5 -37.75,151.0 -37.75,151.0 -38.25,150.5 -38.25,150.5 -37.75))
28348;POLYGON((4578338 4694989,4623701 4666418,4587330 4609653,4542569 4638164,4578338 4694989))
28349;POLYGON((4032409 5002306,4077951 4979082,4048345 4921914,4003324 4945130,4032409 5002306))
28350;POLYGON((3486583 5250247,3531986 5231655,3508250 5174569,3463301 5193181,3486583 5250247))
28351;POLYGON((2943589 5446493,2988695 5431954,2970100 5375193,2925396 5389764,2943589 5446493))
28352;POLYGON((2404562 5597154,2449323 5586217,2435299 5529862,2390898 5540833,2404562 5597154))
28353;POLYGON((1869543 5706916,1913988 5699241,1904105 5643268,1859990 5650972,1869543 5706916))
28354;POLYGON((1337856 5779174,1382062 5774524,1376017 5718846,1332122 5723516,1337856 5779174))
28355;POLYGON((808379 5816151,852450 5814383,850060 5758874,806289 5760650,808379 5816151))
28356;POLYGON((279745 5818979,323801 5820039,324994 5764554,281237 5763490,279745 5818979))
28357;POLYGON((-249491 5787744,-205330 5791664,-200519 5736058,-244373 5732121,-249491 5787744))
28358;POLYGON((-780723 5721490,-736347 5728391,-727771 5672528,-771823 5665601,-780723 5721490))
3113;POLYGON((-170339 -984240,-126266 -983180,-125073 -1038686,-168847 -1039751,-170339 -984240))
3111;POLYGON((2984412 2402774,3028393 2400115,3024898 2344726,2981207 2347369,2984412 2402774))
3107;POLYGON((2364944 1264496,2408657 1258077,2400442 1203015,2356984 1209396,2364944 1264496))
3308;POLYGON((9609064 3995506,9653196 3993921,9651066 3938323,9607200 3939898,9609064 3995506))
3112;POLYGON((1457937 -4340999,1501851 -4346887,1494319 -4402229,1450625 -4396371,1457937 -4340999))
3577;POLYGON((1634259 -4245421,1678106 -4251903,1669939 -4306416,1626305 -4299966,1634259 -4245421))
