4326;POLYGON((150.0 -26.25,150.5 -26.25,150.5 -26.75,150.0 -26.75,150.0 -26.25))
28348;POLYGON((5278577 6132261,5338020 6105766,5308157 6040150,5249319 6066843,5278577 6132261))
28349;POLYGON((4580402 6411013,4637553 6390341,4614230 6327066,4557561 6347927,4580402 6411013))
28350;POLYGON((3908028 6627776,3963158 6611769,3945078 6550650,3890339 6566824,3908028 6627776))
28351;POLYGON((3257889 6794289,3311312 6782108,3297533 6722847,3244434 6735168,3257889 6794289))
28352;POLYGON((2626066 6919019,2678118 6910061,2667961 6852311,2616188 6861378,2626066 6919019))
28353;POLYGON((2008488 7007953,2059509 7001799,2052502 6945191,2001727 6951424,2008488 7007953))
28354;POLYGON((1401052 7065158,1451384 7061532,1447214 7005695,1397108 7009368,1401052 7065158))
28355;POLYGON((799678 7093157,849660 7091902,848147 7036464,798382 7037735,799678 7093157))
28356;POLYGON((200321 7093157,250289 7094219,251368 7038811,201617 7037735,200321 7093157))
28357;POLYGON((-401052 7065158,-350762 7068582,-347044 7012837,-397108 7009368,-401052 7065158))
28358;POLYGON((-1008488 7007953,-957537 7013888,-951021 6957434,-1001727 6951424,-1008488 7007953))
3113;POLYGON((-249795 290434,-199808 291496,-198728 236067,-248499 234990,-249795 290434))
3111;POLYGON((3007708 3685251,3058425 3682451,3055175 3626257,3004753 3629040,3007708 3685251))
3107;POLYGON((2497561 2532705,2547142 2525659,2539204 2470714,2489877 2477724,2497561 2532705))
3308;POLYGON((9601576 5272775,9651822 5271211,9649955 5215520,9599976 5217076,9601576 5272775))
3112;POLYGON((1574806 -3079072,1623740 -3085435,1616576 -3139686,1567858 -3133351,1574806 -3079072))
3577;POLYGON((1770723 -2967648,1819570 -2974674,1811478 -3030165,1762848 -3023171,1770723 -2967648))
