4326;POLYGON((150.5 -20.75,151.0 -20.75,151.0 -21.25,150.5 -21.25,150.5 -20.75))
28348;POLYGON((5641031 6853190,5707209 6829205,5681194 6759005,5615584 6783335,5641031 6853190))
28349;POLYGON((4872000 7103238,4934424 7084838,4914453 7018496,4852465 7037189,4872000 7103238))
28350;POLYGON((4143559 7294840,4202905 7280773,4187624 7217652,4128621 7231959,4143559 7294840))
28351;POLYGON((3448034 7440479,3504912 7429864,3493367 7369351,3436767 7380156,3448034 7440479))
28352;POLYGON((2778474 7548895,2833437 7541120,2824963 7482641,2770233 7490561,2778474 7548895))
28353;POLYGON((2128541 7626121,2182098 7620767,2176240 7563791,2122886 7569247,2128541 7626121))
28354;POLYGON((1492387 7676184,1545009 7672980,1541472 7617009,1489033 7620275,1492387 7676184))
28355;POLYGON((864524 7701572,916658 7700361,915269 7644924,863309 7646158,864524 7701572))
28356;POLYGON((239685 7703507,291766 7704232,292459 7648870,240551 7648131,239685 7703507))
28357;POLYGON((-387311 7682081,-334852 7684776,-332044 7629035,-384323 7626287,-387311 7682081))
28358;POLYGON((-1021710 7636266,-968430 7641062,-963372 7584475,-1016455 7579587,-1021710 7636266))
3113;POLYGON((-210416 901021,-158314 901747,-157621 846364,-209549 845624,-210416 901021))
3111;POLYGON((3094545 4306966,3148526 4303701,3144909 4246387,3091229 4249633,3094545 4306966))
3107;POLYGON((2634998 3133788,2687360 3126099,2679064 3070496,2626959 3078146,2634998 3133788))
3308;POLYGON((9672502 5888228,9725692 5886318,9723528 5829825,9670608 5831725,9672502 5888228))
3112;POLYGON((1702694 -2487546,1753980 -2494423,1746565 -2548907,1695495 -2542060,1702694 -2487546))
3577;POLYGON((1908334 -2365986,1959534 -2373555,1951278 -2428660,1900293 -2421123,1908334 -2365986))
