4326;POLYGON((150.5 -28.5,151.0 -28.5,151.0 -29.0,150.5 -29.0,150.5 -28.5))
28348;POLYGON((5200962 5813597,5257812 5785763,5225832 5721780,5169608 5749754,5200962 5813597))
28349;POLYGON((4530195 6107682,4585296 6085791,4560118 6023559,4505520 6045597,4530195 6107682))
28350;POLYGON((3879739 6338074,3933210 6321005,3913554 6260517,3860496 6277725,3879739 6338074))
28351;POLYGON((3247617 6516255,3299657 6503178,3284575 6444268,3232882 6457466,3247617 6516255))
28352;POLYGON((2631105 6650640,2681960 6640953,2670762 6583368,2620206 6593152,2631105 6650640))
28353;POLYGON((2027045 6747273,2076989 6740549,2069186 6683991,2019508 6690785,2027045 6747273))
28354;POLYGON((1432053 6810319,1481374 6806274,1476637 6750424,1427561 6754513,1432053 6810319))
28355;POLYGON((842644 6842410,891634 6840878,889768 6785411,841012 6786960,842644 6842410))
28356;POLYGON((255295 6844859,304248 6845777,305179 6790365,256458 6789437,255295 6844859))
28357;POLYGON((-333525 6817766,-284314 6821171,-280550 6765485,-329519 6762042,-333525 6817766))
28358;POLYGON((-927343 6760024,-877582 6766056,-870830 6709769,-920332 6703673,-927343 6760024))
3113;POLYGON((-194800 42039,-145828 42957,-144896 -12476,-193636 -13404,-194800 42039))
3111;POLYGON((3043833 3430170,3093210 3427184,3089685 3371330,3040602 3374298,3043833 3430170))
3107;POLYGON((2511462 2278686,2559868 2271578,2551697 2216813,2503545 2223884,2511462 2278686))
3308;POLYGON((9643434 5020965,9692474 5019204,9690348 4963713,9641574 4965464,9643434 5020965))
3112;POLYGON((1591497 -3329599,1639434 -3336026,1632049 -3390285,1584328 -3383887,1591497 -3329599))
3577;POLYGON((1783148 -3224429,1830990 -3231501,1822680 -3286968,1775055 -3279928,1783148 -3224429))
