4326;POLYGON((150.5 -20.0,151.0 -20.0,151.0 -20.5,150.5 -20.5,150.5 -20.0))
28348;POLYGON((5678342 6958664,5745358 6935223,5720043 6864450,5653583 6888256,5678342 6958664))
28349;POLYGON((4900591 7202758,4963658 7184813,4944265 7118102,4881626 7136353,4900591 7202758))
28350;POLYGON((4165392 7389441,4225241 7375745,4210429 7312392,4150914 7326337,4165392 7389441))
28351;POLYGON((3464484 7531128,3521768 7520808,3510592 7460156,3453578 7470673,3464484 7531128))
28352;POLYGON((2790496 7636486,2845799 7628933,2837605 7570378,2782527 7578080,2790496 7636486))
28353;POLYGON((2136785 7711472,2190638 7706275,2184977 7649264,2131321 7654566,2136785 7711472))
28354;POLYGON((1497274 7760058,1550165 7756949,1546748 7700968,1494035 7704140,1497274 7760058))
28355;POLYGON((866294 7784688,918683 7783514,917341 7728079,865120 7729278,866294 7784688))
28356;POLYGON((238422 7786566,290756 7787269,291425 7731911,239259 7731194,238422 7786566))
28357;POLYGON((-391667 7765780,-338944 7768395,-336232 7712648,-388780 7709980,-391667 7765780))
28358;POLYGON((-1029371 7721320,-975803 7725975,-970916 7669362,-1024293 7664613,-1029371 7721320))
3113;POLYGON((-211679 984113,-159324 984816,-158655 929437,-210842 928719,-211679 984113))
3111;POLYGON((3099533 4393207,3153967 4389915,3150338 4332406,3096206 4335680,3099533 4393207))
3107;POLYGON((2647079 3217416,2699828 3209670,2691512 3153934,2639022 3161641,2647079 3217416))
3308;POLYGON((9675349 5973168,9728946 5971243,9726776 5914601,9673450 5916516,9675349 5973168))
3112;POLYGON((1713504 -2405684,1765116 -2412604,1757691 -2467162,1706296 -2460271,1713504 -2405684))
3577;POLYGON((1920379 -2283384,1971903 -2291001,1963659 -2346023,1912351 -2338438,1920379 -2283384))
