4326;POLYGON((150.0 -21.75,150.5 -21.75,150.5 -22.25,150.0 -22.25,150.0 -21.75))
28348;POLYGON((5524968 6737984,5589689 6713855,5563357 6644750,5499202 6669195,5524968 6737984))
28349;POLYGON((4771275 6989945,4832557 6971380,4812283 6905815,4751439 6924650,4771275 6989945))
28350;POLYGON((4054943 7183445,4113381 7169229,4097841 7106652,4039751 7121092,4054943 7183445))
28351;POLYGON((3369117 7330651,3425262 7319924,3413520 7259783,3357659 7270689,3369117 7330651))
28352;POLYGON((2707450 7440116,2761812 7432277,2753213 7374042,2699089 7382017,2707450 7440116))
28353;POLYGON((2064050 7517757,2117106 7512395,2111200 7455566,2058353 7461024,2064050 7517757))
28354;POLYGON((1433409 7567523,1485604 7564372,1482100 7508476,1430096 7511683,1433409 7567523))
28355;POLYGON((810305 7591831,862067 7590742,860797 7535324,809218 7536433,810305 7591831))
28356;POLYGON((189694 7591831,241438 7592752,242343 7537371,190781 7536433,189694 7591831))
28357;POLYGON((-433409 7567523,-381267 7570497,-378143 7514711,-430096 7511683,-433409 7567523))
28358;POLYGON((-1064050 7517757,-1011083 7522926,-1005594 7466285,-1058353 7461024,-1064050 7517757))
3113;POLYGON((-260426 789303,-208662 790224,-207756 734821,-259338 733883,-260426 789303))
3111;POLYGON((3034525 4195372,3087920 4192425,3084618 4135336,3031523 4138267,3034525 4195372))
3107;POLYGON((2567051 3029961,2618933 3022589,2610918 2967110,2559293 2974447,2567051 3029961))
3308;POLYGON((9616059 5776956,9668718 5775317,9666830 5718999,9614441 5720629,9616059 5776956))
3112;POLYGON((1637423 -2589913,1688302 -2596529,1681115 -2650958,1630452 -2644370,1637423 -2589913))
3577;POLYGON((1841447 -2469003,1892245 -2476310,1884191 -2531544,1833609 -2524268,1841447 -2469003))
