4326;POLYGON((150.5 -26.0,151.0 -26.0,151.0 -26.5,150.5 -26.5,150.5 -26.0))
28348;POLYGON((5352819 6138721,5412772 6111780,5382469 6045763,5323133 6072909,5352819 6138721))
28349;POLYGON((4649096 6422076,4706671 6401067,4683018 6337467,4625930 6358671,4649096 6422076))
28350;POLYGON((3972097 6642392,4027580 6626120,4009240 6564744,3954151 6581189,3972097 6642392))
28351;POLYGON((3318121 6811776,3371836 6799374,3357838 6739918,3304450 6752464,3318121 6811776))
28352;POLYGON((2683133 6938957,2735425 6929806,2725072 6871914,2673060 6881179,2683133 6938957))
28353;POLYGON((2062968 7030112,2114184 7023778,2106990 6967075,2056020 6973492,2062968 7030112))
28354;POLYGON((1453441 7089454,1503930 7085650,1499571 7029758,1449308 7033612,1453441 7089454))
28355;POLYGON((850406 7119620,900512 7118180,898797 7062724,848907 7064183,850406 7119620))
28356;POLYGON((249756 7121921,299819 7122784,300675 7067389,250826 7066515,249756 7121921))
28357;POLYGON((-352596 7096457,-302235 7099658,-298772 7043953,-348911 7040709,-352596 7096457))
28358;POLYGON((-960754 7042123,-909751 7047803,-903531 6991412,-954293 6985658,-960754 7042123))
3113;POLYGON((-200341 319209,-150258 320072,-149402 264656,-199270 263782,-200341 319209))
3111;POLYGON((3060052 3710579,3110901 3707504,3107353 3651287,3056799 3654344,3060052 3710579))
3107;POLYGON((2551114 2553148,2600789 2545854,2592594 2490925,2543173 2498181,2551114 2553148))
3308;POLYGON((9652756 5299076,9703126 5297267,9700992 5241560,9650888 5243359,9652756 5299076))
3112;POLYGON((1627322 -3058308,1676338 -3064880,1668958 -3119104,1620158 -3112561,1627322 -3058308))
3577;POLYGON((1823615 -2946933,1872543 -2954166,1864235 -3009619,1815524 -3002418,1823615 -2946933))
