4326;POLYGON((149.75 -25.0,150.25 -25.0,150.25 -25.5,149.75 -25.5,149.75 -25.0))
28348;POLYGON((5319775 6310238,5380603 6284564,5351946 6218082,5291709 6243985,5319775 6310238))
28349;POLYGON((4607037 6579749,4665272 6559802,4642986 6495982,4585218 6516140,4607037 6579749))
28350;POLYGON((3923109 6788512,3979110 6773123,3961898 6711678,3906274 6727249,3923109 6788512))
28351;POLYGON((3263530 6948318,3317677 6936646,3304604 6877208,3250769 6889028,3263530 6948318))
28352;POLYGON((2623718 7067599,2676393 7059048,2666793 7001217,2614385 7009883,2623718 7067599))
28353;POLYGON((1999100 7152275,2050682 7146432,2044094 7089802,1992748 7095727,1999100 7152275))
28354;POLYGON((1385184 7206337,1436043 7202932,1432164 7147103,1381522 7150556,1385184 7206337))
28355;POLYGON((777570 7232235,828070 7231117,826727 7175693,776435 7176828,777570 7232235))
28356;POLYGON((171929 7231117,222429 7232235,223564 7176828,173272 7175693,171929 7231117))
28357;POLYGON((-436043 7202932,-385184 7206337,-381522 7150556,-432164 7147103,-436043 7202932))
28358;POLYGON((-1050682 7146432,-999100 7152275,-992748 7095727,-1044094 7089802,-1050682 7146432))
3113;POLYGON((-278198 428447,-227678 429566,-226543 374137,-276855 373002,-278198 428447))
3111;POLYGON((2989381 3827469,3040845 3824764,3037731 3768346,2986563 3771036,2989381 3827469))
3107;POLYGON((2491676 2673837,2541910 2666817,2534083 2611738,2484104 2618723,2491676 2673837))
3308;POLYGON((9580124 5412965,9631041 5411502,9629303 5355666,9578654 5357121,9580124 5412965))
3112;POLYGON((1567433 -2940207,1616920 -2946542,1609862 -3000823,1560591 -2994516,1567433 -2940207))
3577;POLYGON((1765695 -2825428,1815099 -2832435,1807121 -2887902,1757935 -2880926,1765695 -2825428))
