4326;POLYGON((150.5 -26.75,151.0 -26.75,151.0 -27.25,150.5 -27.25,150.5 -26.75))
28348;POLYGON((5308157 6040150,5367184 6012907,5336354 5947500,5277947 5974928,5308157 6040150))
28349;POLYGON((4614230 6327066,4671072 6305768,4646946 6242576,4590597 6264055,4614230 6327066))
28350;POLYGON((3945078 6550650,3999968 6534121,3981224 6473009,3926734 6489700,3945078 6550650))
28351;POLYGON((3297533 6722847,3350756 6710230,3336427 6650936,3283537 6663690,3297533 6722847))
28352;POLYGON((2667961 6852311,2719832 6842990,2709223 6785188,2657637 6794618,2667961 6852311))
28353;POLYGON((2052502 6945191,2103347 6938734,2095969 6882074,2045376 6888610,2052502 6945191))
28354;POLYGON((1447214 7005695,1497363 7001815,1492889 6945936,1442972 6949864,1447214 7005695))
28355;POLYGON((848147 7036464,897928 7034995,896167 6979535,846607 6981023,848147 7036464))
28356;POLYGON((251368 7038811,301108 7039691,301986 6984291,252466 6983400,251368 7038811))
28357;POLYGON((-347044 7012837,-297018 7016102,-293464 6960402,-343262 6957096,-347044 7012837))
28358;POLYGON((-951021 6957434,-900381 6963225,-894000 6906865,-944394 6901003,-951021 6957434))
3113;POLYGON((-198728 236067,-148969 236946,-148090 181525,-197629 180634,-198728 236067))
3111;POLYGON((3055175 3626257,3105581 3623208,3102041 3567110,3051929 3570141,3055175 3626257))
3107;POLYGON((2539204 2470714,2588498 2463476,2580312 2408607,2531272 2415807,2539204 2470714))
3308;POLYGON((9649955 5215520,9699926 5213726,9697795 5158094,9648090 5159879,9649955 5215520))
3112;POLYGON((1616576 -3139686,1665268 -3146215,1657888 -3200438,1609412 -3193938,1616576 -3139686))
3577;POLYGON((1811478 -3030165,1860080 -3037350,1851769 -3092818,1803384 -3085665,1811478 -3030165))
