4326;POLYGON((150.0 -32.25,150.5 -32.25,150.5 -32.75,150.0 -32.75,150.0 -32.25))
28348;POLYGON((4906606 5372389,4958689 5344328,4925233 5283411,4873765 5311528,4906606 5372389))
28349;POLYGON((4287250 5670911,4338441 5648563,4311764 5588485,4261083 5610916,4287250 5670911))
28350;POLYGON((3679294 5907320,3729509 5889732,3708486 5830705,3658700 5848383,3679294 5907320))
28351;POLYGON((3082897 6091532,3132175 6077979,3115946 6020009,3067037 6033647,3082897 6091532))
28352;POLYGON((2497033 6231019,2545493 6220958,2533417 6163929,2485280 6174061,2497033 6231019))
28353;POLYGON((1919915 6331258,1967727 6324300,1959339 6268026,1911819 6275036,1919915 6331258))
28354;POLYGON((1349291 6396078,1396655 6391962,1391642 6336213,1344549 6340363,1349291 6396078))
28355;POLYGON((782650 6427902,829782 6426474,827959 6371004,781088 6372444,782650 6427902))
28356;POLYGON((217349 6427902,264472 6429110,265772 6373662,218911 6372444,217349 6427902))
28357;POLYGON((-349291 6396078,-301955 6399966,-297483 6344282,-344549 6340363,-349291 6396078))
28358;POLYGON((-919915 6331258,-872148 6337970,-864341 6281800,-911819 6275036,-919915 6331258))
3113;POLYGON((-232760 -375080,-185619 -373872,-184318 -429342,-231198 -430560,-232760 -375080))
3111;POLYGON((2972475 3015039,3019673 3012434,3016462 2956919,2969556 2959509,2972475 3015039))
3107;POLYGON((2405594 1874606,2452130 1867992,2444221 1813245,2397938 1819823,2405594 1874606))
3308;POLYGON((9582444 4606744,9629502 4605280,9627646 4549911,9580853 4551367,9582444 4606744))
3112;POLYGON((1491302 -3731400,1537642 -3737426,1530439 -3791965,1484317 -3785968,1491302 -3731400))
3577;POLYGON((1676271 -3633581,1722513 -3640232,1714446 -3695547,1668421 -3688927,1676271 -3633581))
