4326;POLYGON((150.5 -28.25,151.0 -28.25,151.0 -28.75,150.5 -28.75,150.5 -28.25))
28348;POLYGON((5216521 5845666,5273683 5817907,5241861 5753721,5185324 5781626,5216521 5845666))
28349;POLYGON((4542423 6138824,4597775 6117011,4572743 6054640,4517894 6076606,4542423 6138824))
28350;POLYGON((3889266 6368313,3942943 6351316,3923414 6290738,3870149 6307878,3889266 6368313))
28351;POLYGON((3254906 6545689,3307118 6532674,3292142 6473709,3240276 6486847,3254906 6545689))
28352;POLYGON((2636493 6679406,2687496 6669769,2676382 6612152,2625676 6621889,2636493 6679406))
28353;POLYGON((2030770 6775526,2080846 6768840,2073103 6712266,2023291 6719026,2030770 6775526))
28354;POLYGON((1434272 6838224,1483714 6834202,1479015 6778348,1429816 6782415,1434272 6838224))
28355;POLYGON((843450 6870134,892555 6868610,890705 6813145,841831 6814685,843450 6870134))
28356;POLYGON((254720 6872569,303788 6873482,304711 6818071,255874 6817148,254720 6872569))
28357;POLYGON((-335504 6845629,-286174 6849015,-282440 6793327,-331530 6789903,-335504 6845629))
28358;POLYGON((-930808 6788208,-880918 6794207,-874219 6737910,-923851 6731845,-930808 6788208))
3113;POLYGON((-195375 69760,-146288 70672,-145364 15241,-194220 14317,-195375 69760))
3111;POLYGON((3045451 3458130,3094974 3455135,3091447 3399249,3042217 3402226,3045451 3458130))
3107;POLYGON((2515422 2306096,2563955 2298969,2555782 2244193,2507503 2251282,2515422 2306096))
3308;POLYGON((9644365 5048728,9693537 5046963,9691411 4991454,9642504 4993211,9644365 5048728))
3112;POLYGON((1595081 -3302461,1643126 -3308903,1635742 -3363154,1587913 -3356741,1595081 -3302461))
3577;POLYGON((1787195 -3196677,1835146 -3203765,1826835 -3259236,1779102 -3252179,1787195 -3196677))
