4326;POLYGON((150.5 -21.75,151.0 -21.75,151.0 -22.25,150.5 -22.25,150.5 -21.75))
28348;POLYGON((5589689 6713855,5654726 6689192,5627813 6619769,5563357 6644750,5589689 6713855))
28349;POLYGON((4832557 6971380,4894103 6952404,4873380 6886564,4812283 6905815,4832557 6971380))
28350;POLYGON((4113381 7169229,4172034 7154688,4156140 7091883,4097841 7106652,4113381 7169229))
28351;POLYGON((3425262 7319924,3481578 7308932,3469548 7248608,3413520 7259783,3425262 7319924))
28352;POLYGON((2761812 7432277,2816305 7424214,2807463 7365841,2753213 7374042,2761812 7432277))
28353;POLYGON((2117106 7512395,2170253 7506839,2164135 7449911,2111200 7455566,2117106 7512395))
28354;POLYGON((1485604 7564372,1537855 7561045,1534158 7505088,1482100 7508476,1485604 7564372))
28355;POLYGON((862067 7590742,913848 7589485,912396 7534044,860797 7535324,862067 7590742))
28356;POLYGON((241438 7592752,293167 7593506,293892 7538138,242343 7537371,241438 7592752))
28357;POLYGON((-381267 7570497,-329173 7573296,-326239 7517561,-378143 7514711,-381267 7570497))
28358;POLYGON((-1011083 7522926,-958201 7527905,-952918 7471352,-1005594 7466285,-1011083 7522926))
3113;POLYGON((-208662 790224,-156912 790977,-156188 735588,-207756 734821,-208662 790224))
3111;POLYGON((3087920 4192425,3141300 4189197,3137698 4132127,3084618 4135336,3087920 4192425))
3107;POLYGON((2618933 3022589,2670780 3014976,2662509 2959535,2610918 2967110,2618933 3022589))
3308;POLYGON((9668718 5775317,9721367 5773426,9719210 5717118,9666830 5718999,9668718 5775317))
3112;POLYGON((1688302 -2596529,1739155 -2603347,1731751 -2657747,1681115 -2650958,1688302 -2596529))
3577;POLYGON((1892245 -2476310,1943015 -2483815,1934744 -2539017,1884191 -2531544,1892245 -2476310))
