4326;POLYGON((149.75 -23.25,150.25 -23.25,150.25 -23.75,149.75 -23.75,149.75 -23.25))
28348;POLYGON((5415010 6545037,5477877 6520268,5450577 6452447,5388288 6477491,5415010 6545037))
28349;POLYGON((4680819 6804292,4740651 6785152,4719538 6720454,4660156 6739837,4680819 6804292))
28350;POLYGON((3979881 7004145,4037164 6989441,4020929 6927438,3964007 6942345,3979881 7004145))
28351;POLYGON((3306474 7156556,3361676 7145441,3349386 7085666,3294480 7096945,3306474 7156556))
28352;POLYGON((2655079 7269998,2708651 7261875,2699649 7203859,2646328 7212108,2655079 7269998))
28353;POLYGON((2020423 7350367,2072796 7344825,2066628 7288112,2014476 7293742,2020423 7350367))
28354;POLYGON((1397470 7401609,1449054 7398383,1445427 7342533,1394045 7345811,1397470 7401609))
28355;POLYGON((781377 7426137,832572 7425078,831317 7369664,780316 7370740,781377 7426137))
28356;POLYGON((167427 7425078,218622 7426137,219683 7370740,168682 7369664,167427 7425078))
28357;POLYGON((-449054 7398383,-397470 7401609,-394045 7345811,-445427 7342533,-449054 7398383))
28358;POLYGON((-1072796 7344825,-1020423 7350367,-1014476 7293742,-1066628 7288112,-1072796 7344825))
3113;POLYGON((-282701 622484,-231487 623544,-230425 568125,-281446 567048,-282701 622484))
3111;POLYGON((2999282 4025747,3051788 4022987,3048654 3966225,2996447 3968969,2999282 4025747))
3107;POLYGON((2518239 2867183,2569368 2860037,2561512 2804755,2510639 2811864,2518239 2867183))
3308;POLYGON((9585284 5608945,9637139 5607455,9635394 5551379,9583808 5552861,9585284 5608945))
3112;POLYGON((1591398 -2749990,1641641 -2756422,1634575 -2810769,1584548 -2804365,1591398 -2749990))
3577;POLYGON((1792829 -2631393,1842992 -2638508,1835028 -2693877,1785082 -2686793,1792829 -2631393))
