4326;POLYGON((150.0 -37.0,150.5 -37.0,150.5 -37.5,150.0 -37.5,150.0 -37.0))
28348;POLYGON((4585367 4809059,4631659 4780899,4596157 4723536,4550464 4751655,4585367 4809059))
28349;POLYGON((4029357 5111362,4075670 5088556,4046879 5030991,4001081 5053803,4029357 5111362))
28350;POLYGON((3475099 5354367,3521153 5336178,3498154 5278846,3452548 5297067,3475099 5354367))
28351;POLYGON((2924897 5545963,2970565 5531798,2952624 5474899,2907349 5489104,2924897 5545963))
28352;POLYGON((2379538 5692356,2424800 5681758,2411342 5625339,2366433 5635975,2379538 5692356))
28353;POLYGON((1838775 5798259,1883682 5790890,1874282 5734900,1829698 5742301,1838775 5798259))
28354;POLYGON((1301693 5867054,1346339 5862678,1340700 5807007,1296357 5811403,1301693 5867054))
28355;POLYGON((766962 5900919,811470 5899398,809415 5843901,765201 5845429,766962 5900919))
28356;POLYGON((233037 5900919,277540 5902205,279006 5846722,234798 5845429,233037 5900919))
28357;POLYGON((-301693 5867054,-257062 5871189,-252029 5815557,-296357 5811403,-301693 5867054))
28358;POLYGON((-838775 5798259,-793894 5805372,-785138 5749444,-829698 5742301,-838775 5798259))
3113;POLYGON((-217066 -902269,-172546 -900982,-171079 -956487,-215305 -957780,-217066 -902269))
3111;POLYGON((2944786 2488317,2989217 2485864,2986014 2430473,2941873 2432910,2944786 2488317))
3107;POLYGON((2332745 1353315,2376869 1347044,2368921 1292025,2325051 1298259,2332745 1353315))
3308;POLYGON((9567319 4080223,9611857 4078837,9609996 4023293,9565724 4024671,9567319 4080223))
3112;POLYGON((1424614 -4252372,1468881 -4258128,1461588 -4313351,1417541 -4307624,1424614 -4252372))
3577;POLYGON((1602023 -4157067,1646216 -4163424,1638241 -4218112,1594262 -4211786,1602023 -4157067))
