4326;POLYGON((150.0 -26.75,150.5 -26.75,150.5 -27.25,150.0 -27.25,150.0 -26.75))
28348;POLYGON((5249319 6066843,5308157 6040150,5277947 5974928,5219716 6001806,5249319 6066843))
28349;POLYGON((4557561 6347927,4614230 6327066,4590597 6264055,4534412 6285095,4557561 6347927))
28350;POLYGON((3890339 6566824,3945078 6550650,3926734 6489700,3872389 6506035,3890339 6566824))
28351;POLYGON((3244434 6735168,3297533 6722847,3283537 6663690,3230767 6676146,3244434 6735168))
28352;POLYGON((2616188 6861378,2667961 6852311,2657637 6794618,2606146 6803792,2616188 6861378))
28353;POLYGON((2001727 6951424,2052502 6945191,2045376 6888610,1994852 6894919,2001727 6951424))
28354;POLYGON((1397108 7009368,1447214 7005695,1442972 6949864,1393097 6953583,1397108 7009368))
28355;POLYGON((798382 7037735,848147 7036464,846607 6981023,797063 6982311,798382 7037735))
28356;POLYGON((201617 7037735,251368 7038811,252466 6983400,202936 6982311,201617 7037735))
28357;POLYGON((-397108 7009368,-347044 7012837,-343262 6957096,-393097 6953583,-397108 7009368))
28358;POLYGON((-1001727 6951424,-951021 6957434,-944394 6901003,-994852 6894919,-1001727 6951424))
3113;POLYGON((-248499 234990,-198728 236067,-197629 180634,-247179 179544,-248499 234990))
3111;POLYGON((3004753 3629040,3055175 3626257,3051929 3570141,3001802 3572908,3004753 3629040))
3107;POLYGON((2489877 2477724,2539204 2470714,2531272 2415807,2482199 2422781,2489877 2477724))
3308;POLYGON((9599976 5217076,9649955 5215520,9648090 5159879,9598378 5161426,9599976 5217076))
3112;POLYGON((1567858 -3133351,1616576 -3139686,1609412 -3193938,1560910 -3187632,1567858 -3133351))
3577;POLYGON((1762848 -3023171,1811478 -3030165,1803384 -3085665,1754971 -3078702,1762848 -3023171))
