4326;POLYGON((151.5 -32.5,152.0 -32.5,152.0 -33.0,151.5 -33.0,151.5 -32.5))
28348;POLYGON((5045722 5256055,5097673 5226361,5062186 5165513,5010881 5195244,5045722 5256055))
28349;POLYGON((4427231 5572397,4478392 5548680,4450013 5488509,4399387 5512300,4427231 5572397))
28350;POLYGON((3819261 5823825,3869496 5805078,3847034 5745880,3797247 5764713,3819261 5823825))
28351;POLYGON((3222489 6020842,3271801 6006293,3254342 5948128,3205413 5962761,3222489 6020842))
28352;POLYGON((2636254 6171415,2684737 6160485,2671592 6103273,2623443 6114276,2636254 6171415))
28353;POLYGON((2059018 6281446,2106826 6273712,2097491 6217288,2049983 6225077,2059018 6281446))
28354;POLYGON((1488702 6355128,1536021 6350300,1530148 6294449,1483106 6299314,1488702 6355128))
28355;POLYGON((922911 6395206,969949 6393106,967321 6337590,920548 6339707,922911 6395206))
28356;POLYGON((359084 6403149,406058 6403700,406582 6348269,359869 6347713,359084 6403149))
28357;POLYGON((-205399 6379247,-158269 6382469,-154576 6326869,-201437 6323622,-205399 6379247))
28358;POLYGON((-773140 6322627,-725642 6328638,-718644 6272621,-765857 6266565,-773140 6322627))
3113;POLYGON((-90970 -399842,-43977 -399291,-43454 -454744,-90184 -455300,-90970 -399842))
3111;POLYGON((3112126 2978736,3159131 2975398,3155047 2919957,3108333 2923275,3112126 2978736))
3107;POLYGON((2540901 1826786,2587215 1819547,2578545 1764910,2532485 1772110,2540901 1826786))
3308;POLYGON((9722401 4574001,9769300 4571867,9766650 4516530,9720015 4518652,9722401 4574001))
3112;POLYGON((1626429 -3777264,1672585 -3783827,1664729 -3838302,1618790 -3831770,1626429 -3777264))
3577;POLYGON((1810666 -3681707,1856718 -3688883,1848006 -3744078,1802170 -3736935,1810666 -3681707))
