4326;POLYGON((150.75 -8.5,151.25 -8.5,151.25 -9.0,150.75 -9.0,150.75 -8.5))
28348;POLYGON((6139044 8661068,6216383 8649324,6204105 8571176,6127063 8583559,6139044 8661068))
28349;POLYGON((5255195 8781769,5325994 8772996,5316822 8701616,5246241 8710872,5255195 8781769))
28350;POLYGON((4439507 8872089,4505298 8865521,4498429 8799266,4432804 8806199,4439507 8872089))
28351;POLYGON((3675786 8939505,3737778 8934626,3732672 8872235,3670808 8877388,3675786 8939505))
28352;POLYGON((2951095 8989053,3010266 8985516,3006558 8925990,2947491 8929727,2951095 8989053))
28353;POLYGON((2254851 9024083,2312011 9021659,2309461 8964178,2252389 8966739,2254851 9024083))
28354;POLYGON((1578112 9046767,1633959 9045311,1632414 8989174,1576646 8990712,1578112 9046767))
28355;POLYGON((913011 9058425,968171 9057855,967545 9002431,912459 9003034,913011 9058425))
28356;POLYGON((252302 9059706,307364 9059990,307621 9004688,252632 9004387,252302 9059706))
28357;POLYGON((-411036 9050680,-355485 9051834,-354330 8996067,-409804 8994847,-411036 9050680))
28358;POLYGON((-1084159 9030847,-1027510 9032935,-1025393 8976094,-1081958 8973887,-1084159 9030847))
3113;POLYGON((-197794 2257750,-142710 2258034,-142453 2202710,-197463 2202410,-197794 2257750))
3111;POLYGON((3209555 5760863,3271171 5756974,3267110 5695214,3205819 5699082,3209555 5760863))
3107;POLYGON((2866828 4530518,2925651 4521741,2916714 4462772,2858163 4471508,2866828 4530518))
3308;POLYGON((9750295 7312903,9810304 7310604,9807855 7250436,9748134 7252724,9750295 7312903))
3112;POLYGON((1910740 -1130571,1967424 -1138286,1959572 -1195133,1903114 -1187449,1910740 -1130571))
3577;POLYGON((2129917 -1044015,2186290 -1052461,2178263 -1105327,2122097 -1096912,2129917 -1044015))
