4326;POLYGON((151.0 -10.25,151.5 -10.25,151.5 -10.75,151.0 -10.75,151.0 -10.25))
28348;POLYGON((6132329 8383795,6208857 8369683,6194104 8292034,6117932 8306760,6132329 8383795))
28349;POLYGON((5256650 8529018,5326864 8518451,5315817 8447332,5245863 8458368,5256650 8529018))
28350;POLYGON((4446966 8637931,4512317 8630003,4504027 8563869,4438872 8572154,4446966 8637931))
28351;POLYGON((3687871 8719401,3749515 8713498,3743338 8651147,3681847 8657318,3687871 8719401))
28352;POLYGON((2966962 8779420,3025840 8775129,3021342 8715599,2962589 8720086,2966962 8779420))
28353;POLYGON((2274026 8821992,2330922 8819040,2327816 8761534,2271027 8764623,2274026 8821992))
28354;POLYGON((1600385 8849728,1655977 8847939,1654080 8791772,1598583 8793644,1600385 8849728))
28355;POLYGON((938378 8864220,993276 8863494,992481 8808050,937672 8808809,938378 8864220))
28356;POLYGON((280936 8866265,335716 8866563,335980 8811262,281288 8810950,280936 8866265))
28357;POLYGON((-378781 8855976,-323550 8857313,-322213 8801582,-377352 8800182,-378781 8855976))
28358;POLYGON((-1047730 8832789,-991455 8835240,-988971 8778484,-1045145 8775920,-1047730 8832789))
3113;POLYGON((-169148 2064234,-114347 2064532,-114083 2009209,-168796 2008897,-169148 2064234))
3111;POLYGON((3226787 5543798,3287262 5539822,3283095 5478888,3222940 5482843,3226787 5543798))
3107;POLYGON((2865564 4320527,2923416 4311758,2914442 4253459,2856860 4262186,2865564 4320527))
3308;POLYGON((9772267 7102069,9831266 7099668,9828702 7040202,9769988 7042592,9772267 7102069))
3112;POLYGON((1912085 -1332782,1967964 -1340501,1960069 -1396835,1904414 -1389148,1912085 -1332782))
3577;POLYGON((2130296 -1233831,2185926 -1242278,2177732 -1295550,2122310 -1287135,2130296 -1233831))
