4326;POLYGON((151.0 -19.75,151.5 -19.75,151.5 -20.25,151.0 -20.25,151.0 -19.75))
28348;POLYGON((5757838 6970752,5825502 6946974,5799858 6875632,5732760 6899789,5757838 6970752))
28349;POLYGON((4973207 7218260,5036788 7200070,5017160 7132922,4954010 7151427,4973207 7218260))
28350;POLYGON((4232529 7407479,4292789 7393597,4277796 7329910,4217874 7344050,4232529 7407479))
28351;POLYGON((3527263 7551168,3584873 7540695,3573549 7479794,3516211 7490470,3527263 7551168))
28352;POLYGON((2849827 7658230,2905387 7650542,2897059 7591808,2841725 7599650,2849827 7658230))
28353;POLYGON((2193419 7734790,2247471 7729464,2241680 7672331,2187824 7677767,2193419 7734790))
28354;POLYGON((1551843 7784942,1604884 7781700,1601330 7725648,1548466 7728958,1551843 7784942))
28355;POLYGON((919342 7811231,971839 7809912,970346 7754451,918016 7755797,919342 7811231))
28356;POLYGON((290428 7814946,342831 7815487,343327 7760143,291089 7759590,290428 7814946))
28357;POLYGON((-340276 7796269,-287517 7798695,-285009 7742998,-337596 7740521,-340276 7796269))
28358;POLYGON((-978204 7754288,-924632 7758719,-919988 7702189,-973374 7697666,-978204 7754288))
3113;POLYGON((-159653 1012505,-107229 1013046,-106733 957680,-158992 957127,-159653 1012505))
3111;POLYGON((3155785 4418720,3210352 4415132,3206416 4357576,3152151 4361144,3155785 4418720))
3107;POLYGON((2703991 3237574,2756833 3229565,2748252 3173821,2695668 3181791,2703991 3237574))
3308;POLYGON((9730032 5999603,9783755 5997417,9781312 5940733,9727860 5942909,9730032 5999603))
3112;POLYGON((1768832 -2385305,1820525 -2392445,1812878 -2447000,1761403 -2439890,1768832 -2385305))
3577;POLYGON((1976022 -2263512,2027623 -2271347,2019169 -2326307,1967782 -2318505,1976022 -2263512))
