4326;POLYGON((151.5 -34.5,152.0 -34.5,152.0 -35.0,151.5 -35.0,151.5 -34.5))
28348;POLYGON((4904953 5015233,4954332 4985459,4917942 4926261,4869201 4956027,4904953 5015233))
28349;POLYGON((4314415 5333712,4363435 5309753,4334114 5250750,4285630 5274748,4314415 5333712))
28350;POLYGON((3729871 5588527,3778301 5569475,3754953 5511070,3706979 5530181,3729871 5588527))
28351;POLYGON((3153027 5789251,3200791 5774396,3182557 5716740,3135187 5731658,3153027 5789251))
28352;POLYGON((2584073 5943281,2631200 5932082,2617422 5875167,2570643 5886424,2584073 5943281))
28353;POLYGON((2022181 6056177,2068768 6048233,2058958 5991956,2012684 5999946,2022181 6056177))
28354;POLYGON((1465870 6131937,1512060 6126970,1505876 6071168,1459977 6076167,1465870 6131937))
28355;POLYGON((913267 6173199,959226 6171036,956457 6115516,910777 6117693,913267 6173199))
28356;POLYGON((362289 6181381,408195 6181948,408746 6126500,363117 6125929,362289 6181381))
28357;POLYGON((-189232 6156764,-143198 6160082,-139307 6104490,-185059 6101152,-189232 6156764))
28358;POLYGON((-743438 6098505,-697101 6104686,-689739 6048746,-735776 6042527,-743438 6098505))
3113;POLYGON((-87764 -621697,-41840 -621129,-41288 -676600,-86936 -677171,-87764 -621697))
3111;POLYGON((3096966 2757043,3142806 2753787,3138729 2698435,3093179 2701670,3096966 2757043))
3107;POLYGON((2507221 1607989,2552523 1600909,2543841 1546197,2498793 1553238,2507221 1607989))
3308;POLYGON((9712857 4352576,9758696 4350491,9756044 4295120,9710469 4297193,9712857 4352576))
3112;POLYGON((1595823 -3995634,1641110 -4002073,1633218 -4056794,1588149 -4050385,1595823 -3995634))
3577;POLYGON((1776728 -3902320,1821917 -3909362,1813240 -3964340,1768266 -3957331,1776728 -3902320))
