4326;POLYGON((151.25 -29.0,151.75 -29.0,151.75 -29.5,151.25 -29.5,151.25 -29.0))
28348;POLYGON((5253995 5707586,5310423 5678775,5277173 5615010,5221389 5643945,5253995 5707586))
28349;POLYGON((4587467 6012372,4642265 5989658,4616024 5927492,4561745 5950345,4587467 6012372))
28350;POLYGON((3940129 6251775,3993371 6234012,3972825 6173504,3920009 6191400,3940129 6251775))
28351;POLYGON((3310461 6437554,3362312 6423891,3346485 6364916,3294992 6378697,3310461 6437554))
28352;POLYGON((2696072 6578376,2746756 6568191,2734933 6510524,2684556 6520806,2696072 6578376))
28353;POLYGON((2094049 6680505,2143822 6673354,2135490 6616718,2085990 6623940,2094049 6680505))
28354;POLYGON((1501189 6748298,1550325 6743883,1545138 6687973,1496253 6692435,1501189 6748298))
28355;POLYGON((914152 6784558,962932 6782697,960679 6727199,912137 6729080,914152 6784558))
28356;POLYGON((329535 6790752,378244 6791370,378835 6735965,330363 6735340,329535 6790752))
28357;POLYGON((-256077 6767126,-207155 6770249,-203696 6714618,-252375 6711462,-256077 6767126))
28358;POLYGON((-846100 6712732,-796680 6718485,-790216 6662310,-839375 6656497,-846100 6712732))
3113;POLYGON((-120530 -12089,-71802 -11470,-71211 -66897,-119702 -67522,-120530 -12089))
3111;POLYGON((3114221 3369750,3163279 3366395,3159319 3310631,3110553 3313966,3114221 3369750))
3107;POLYGON((2575761 2213195,2623862 2205790,2615315 2151104,2567466 2158470,2575761 2213195))
3308;POLYGON((9714732 4962750,9763492 4960648,9760969 4905204,9712474 4907295,9714732 4962750))
3112;POLYGON((1655900 -3393556,1703582 -3400239,1695871 -3454472,1648405 -3447819,1655900 -3393556))
3577;POLYGON((1846482 -3290558,1894065 -3297878,1885430 -3353286,1838065 -3345999,1846482 -3290558))
