4326;POLYGON((151.25 -40.75,151.75 -40.75,151.75 -41.25,151.25 -41.25,151.25 -40.75))
28348;POLYGON((4423954 4317007,4465636 4288254,4427466 4233795,4386375 4262429,4423954 4317007))
28349;POLYGON((3918765 4628333,3961138 4604671,3929680 4549152,3887830 4572758,3918765 4628333))
28350;POLYGON((3408165 4882435,3450815 4863282,3425312 4807315,3383128 4826449,3408165 4882435))
28351;POLYGON((2896001 5085715,2938679 5070579,2918490 5014522,2876229 5029661,2896001 5085715))
28352;POLYGON((2384417 5243470,2426998 5231953,2411597 5175993,2369396 5187523,2384417 5243470))
28353;POLYGON((1874361 5359901,1916800 5351693,1905781 5295900,1863693 5304122,1874361 5359901))
28354;POLYGON((1365962 5438139,1408272 5433020,1401342 5377384,1359363 5382515,1365962 5438139))
28355;POLYGON((858827 5480298,901056 5478129,898029 5422598,856120 5424772,858827 5480298))
28356;POLYGON((352264 5487521,394475 5488243,395270 5432736,353376 5432013,352264 5487521))
28357;POLYGON((-154537 5460003,-112275 5463635,-107637 5408069,-149575 5404428,-154537 5460003))
28358;POLYGON((-662340 5396998,-619970 5403638,-611364 5347942,-653395 5341288,-662340 5396998))
3113;POLYGON((-97793 -1315828,-55565 -1315106,-54770 -1370634,-96680 -1371358,-97793 -1315828))
3111;POLYGON((3028512 2066109,3070725 2063222,3066782 2007706,3024861 2010572,3028512 2066109))
3107;POLYGON((2380300 923560,2422435 917074,2413771 861647,2371893 868093,2380300 923560))
3308;POLYGON((9661648 3658677,9704167 3656844,9701622 3600904,9659370 3602725,9661648 3658677))
3112;POLYGON((1477714 -4683532,1520265 -4689496,1512302 -4745499,1469974 -4739566,1477714 -4683532))
3577;POLYGON((1650626 -4580540,1693161 -4587083,1684783 -4640846,1642458 -4634335,1650626 -4580540))
