4326;POLYGON((151.0 -38.75,151.5 -38.75,151.5 -39.25,151.0 -39.25,151.0 -38.75))
28348;POLYGON((4550791 4553252,4594901 4524339,4557599 4468382,4514091 4497211,4550791 4553252))
28349;POLYGON((4018549 4865010,4063037 4841399,4032532 4784785,3988569 4808370,4018549 4865010))
28350;POLYGON((3484327 5117667,3528830 5098681,3504263 5041955,3460220 5060947,3484327 5117667))
28351;POLYGON((2951339 5318551,2995660 5303635,2976325 5247088,2932412 5262027,2951339 5318551))
28352;POLYGON((2421137 5473576,2465198 5462288,2450531 5406044,2406837 5417358,2421137 5473576))
28353;POLYGON((1894117 5587329,1937919 5579336,1927491 5523406,1884027 5531423,1894117 5587329))
28354;POLYGON((1369906 5663178,1413502 5658243,1407007 5602568,1363729 5607520,1369906 5663178))
28355;POLYGON((847644 5703363,891118 5701340,888368 5645819,845201 5647849,847644 5703363))
28356;POLYGON((326200 5709066,369653 5709897,370567 5654407,327420 5653573,326200 5709066))
28357;POLYGON((-195654 5680456,-152121 5684164,-147515 5628580,-190736 5624859,-195654 5680456))
28358;POLYGON((-719103 5616690,-675396 5623386,-666965 5567593,-710344 5560876,-719103 5616690))
3113;POLYGON((-123866 -1094196,-80397 -1093365,-79482 -1148876,-122646 -1149711,-123866 -1094196))
3111;POLYGON((3021401 2289323,3064786 2286471,3060998 2231067,3017903 2233900,3021401 2289323))
3107;POLYGON((2392218 1147894,2435391 1141351,2426903 1086206,2383985 1092710,2392218 1147894))
3308;POLYGON((9648934 3882677,9692526 3880902,9690125 3825214,9646801 3826978,9648934 3882677))
3112;POLYGON((1486772 -4457676,1530222 -4463678,1522439 -4519204,1479211 -4513232,1486772 -4457676))
3577;POLYGON((1661786 -4360827,1705182 -4367415,1696833 -4421686,1653650 -4415130,1661786 -4360827))
