4326;POLYGON((151.25 -35.75,151.75 -35.75,151.75 -36.25,151.25 -36.25,151.25 -35.75))
28348;POLYGON((4791286 4882633,4839080 4853154,4802506 4794945,4755338 4824393,4791286 4882633))
28349;POLYGON((4218209 5198685,4265876 5174863,4236280 5116591,4189145 5140432,4218209 5198685))
28350;POLYGON((3648619 5452476,3695886 5433475,3672246 5375587,3625436 5394632,3648619 5452476))
28351;POLYGON((3084711 5652881,3131463 5638038,3112966 5580727,3066612 5595621,3084711 5652881))
28352;POLYGON((2527103 5806834,2573335 5795640,2559352 5738938,2513473 5750181,2527103 5806834))
28353;POLYGON((1975341 5919595,2021122 5911670,2011184 5855507,1965724 5863472,1975341 5919595))
28354;POLYGON((1428283 5994962,1473728 5990041,1467505 5934285,1422359 5939233,1428283 5994962))
28355;POLYGON((884360 6035442,929610 6033361,926898 5977844,881935 5979937,884360 6035442))
28356;POLYGON((341772 6042367,386983 6043059,387694 5987597,342768 5986902,341772 6042367))
28357;POLYGON((-201367 6015966,-156038 6019453,-151881 5963858,-196918 5960352,-201367 6015966))
28358;POLYGON((-746912 5955371,-701315 5961768,-693576 5905861,-738864 5899430,-746912 5955371))
3113;POLYGON((-108289 -760765,-63060 -760073,-62349 -815556,-107292 -816252,-108289 -760765))
3111;POLYGON((3064938 2620146,3110060 2617060,3106129 2561720,3061298 2564786,3064938 2620146))
3107;POLYGON((2463797 1474467,2508481 1467588,2499913 1412774,2455483 1419613,2463797 1474467))
3308;POLYGON((9684295 4215028,9729477 4213081,9726954 4157647,9682038 4159583,9684295 4215028))
3112;POLYGON((1554238 -4129537,1598993 -4135809,1591183 -4190737,1546647 -4184495,1554238 -4129537))
3577;POLYGON((1733256 -4036308,1777921 -4043179,1769378 -4097996,1724928 -4091159,1733256 -4036308))
