4326;POLYGON((150.75 -22.5,151.25 -22.5,151.25 -23.0,150.75 -23.0,150.75 -22.5))
28348;POLYGON((5582074 6597840,5646387 6572431,5618527 6503448,5554808 6529157,5582074 6597840))
28349;POLYGON((4832414 6863485,4893412 6843889,4871909 6778303,4811372 6798160,4832414 6863485))
28350;POLYGON((4118994 7068023,4177218 7052974,4160690 6990302,4102832 7005570,4118994 7068023))
28351;POLYGON((3435482 7224149,3491447 7212748,3478909 7152482,3423242 7164061,3435482 7224149))
28352;POLYGON((2775894 7340838,2830086 7332452,2820845 7274091,2766905 7282613,2775894 7340838))
28353;POLYGON((2134603 7424334,2187476 7418529,2181056 7361590,2128401 7367492,2134603 7424334))
28354;POLYGON((1506293 7478844,1558281 7475335,1554366 7419359,1502577 7422927,1506293 7478844))
28355;POLYGON((885902 7506990,937419 7505612,935826 7450156,884497 7451559,885902 7506990))
28356;POLYGON((268533 7510088,319983 7510776,320637 7455409,269375 7454710,268533 7510088))
28357;POLYGON((-350646 7488280,-298860 7491065,-295928 7435359,-347520 7432525,-350646 7488280))
28358;POLYGON((-976510 7440552,-923978 7445566,-918632 7389082,-970952 7383984,-976510 7440552))
3113;POLYGON((-181556 707527,-130086 708215,-129432 652827,-180714 652127,-181556 707527))
3111;POLYGON((3109437 4105270,3162359 4101930,3158619 4045042,3105996 4048363,3109437 4105270))
3107;POLYGON((2632650 2935651,2684095 2927976,2675712 2872666,2624524 2880303,2632650 2935651))
3308;POLYGON((9692011 5689966,9744252 5687964,9741966 5631789,9689994 5633780,9692011 5689966))
3112;POLYGON((1702790 -2681521,1753305 -2688396,1745800 -2742729,1695501 -2735883,1702790 -2681521))
3577;POLYGON((1905387 -2562881,1955817 -2570437,1947429 -2625687,1897215 -2618163,1905387 -2562881))
