4326;POLYGON((151.25 -32.0,151.75 -32.0,151.75 -32.5,151.25 -32.5,151.25 -32.0))
28348;POLYGON((5054041 5331890,5106606 5302520,5071691 5241276,5019768 5270697,5054041 5331890))
28349;POLYGON((4429010 5644427,4480663 5621019,4452802 5560595,4401678 5584087,4429010 5644427))
28350;POLYGON((3815736 5892314,3866375 5873849,3844369 5814499,3794172 5833057,3815736 5892314))
28351;POLYGON((3214551 6086152,3264205 6071853,3247136 6013608,3197860 6027995,3214551 6086152))
28352;POLYGON((2624523 6233945,2673305 6223232,2660488 6165985,2612036 6176774,2624523 6233945))
28353;POLYGON((2043903 6341591,2091981 6334042,2082916 6277611,2035133 6285218,2043903 6341591))
28354;POLYGON((1470440 6413260,1518016 6408587,1512358 6352743,1465055 6357454,1470440 6413260))
28355;POLYGON((901597 6451662,948889 6449690,946428 6394184,899397 6396172,901597 6451662))
28356;POLYGON((334691 6458226,381926 6458881,382572 6403452,335595 6402791,334691 6458226))
28357;POLYGON((-233013 6433194,-185607 6436502,-181831 6380886,-228972 6377551,-233013 6433194))
28358;POLYGON((-804231 6375639,-756431 6381722,-749386 6325663,-796904 6319532,-804231 6375639))
3113;POLYGON((-115372 -344744,-68119 -344089,-67473 -399539,-114468 -400201,-115372 -344744))
3111;POLYGON((3092266 3035817,3139571 3032582,3135631 2977098,3088617 2980313,3092266 3035817))
3107;POLYGON((2526020 1885012,2572604 1877841,2564062 1823193,2517732 1830325,2526020 1885012))
3308;POLYGON((9701201 4630339,9748370 4628306,9745852 4572962,9698947 4574983,9701201 4630339))
3112;POLYGON((1610866 -3719580,1657251 -3726081,1649510 -3780522,1603342 -3774051,1610866 -3719580))
3577;POLYGON((1796023 -3622899,1842306 -3630019,1833695 -3685272,1787629 -3678186,1796023 -3622899))
