4326;POLYGON((150.75 -32.5,151.25 -32.5,151.25 -33.0,150.75 -33.0,150.75 -32.5))
28348;POLYGON((4967903 5299580,5019768 5270697,4985246 5209907,4934011 5238832,4967903 5299580))
28349;POLYGON((4350629 5607133,4401678 5584087,4374098 5524027,4323572 5547150,4350629 5607133))
28350;POLYGON((3744055 5851242,3794172 5833057,3772381 5773989,3722702 5792260,3744055 5851242))
28351;POLYGON((3148658 6042064,3197860 6027995,3180974 5969957,3132148 5984108,3148658 6042064))
28352;POLYGON((2563646 6187284,2612036 6176774,2599391 6119671,2551330 6130252,2563646 6187284))
28353;POLYGON((1987397 6292574,2035133 6285218,2026246 6228877,1978807 6236288,1987397 6292574))
28354;POLYGON((1417782 6361934,1465055 6357454,1459596 6301659,1412599 6306173,1417782 6361934))
28355;POLYGON((852378 6397939,899397 6396172,897166 6340681,850411 6342462,852378 6397939))
28356;POLYGON((288613 6401910,335595 6402791,336511 6347352,289792 6346464,288613 6401910))
28357;POLYGON((-276135 6373990,-228972 6377551,-224875 6321913,-271769 6318323,-276135 6373990))
28358;POLYGON((-844462 6313159,-796904 6319532,-789478 6263446,-836749 6257026,-844462 6313159))
3113;POLYGON((-161468 -401082,-114468 -400201,-113551 -455661,-160289 -456550,-161468 -401082))
3111;POLYGON((3041588 2983281,3088617 2980313,3084970 2924841,3038232 2927791,3041588 2983281))
3107;POLYGON((2471369 1837242,2517732 1830325,2509442 1775629,2463332 1782509,2471369 1837242))
3308;POLYGON((9652034 4576781,9698947 4574983,9696694 4519629,9650045 4521416,9652034 4576781))
3112;POLYGON((1557148 -3767764,1603342 -3774051,1595811 -3828573,1549834 -3822315,1557148 -3767764))
3577;POLYGON((1741535 -3671280,1787629 -3678186,1779241 -3733431,1733364 -3726557,1741535 -3671280))
