4326;POLYGON((150.75 -11.75,151.25 -11.75,151.25 -12.25,150.75 -12.25,150.75 -11.75))
28348;POLYGON((6049743 8161264,6124881 8145531,6108406 8068980,6033659 8085290,6049743 8161264))
28349;POLYGON((5188307 8323407,5257486 8311593,5245113 8241199,5176223 8253456,5188307 8323407))
28350;POLYGON((4389340 8445296,4453905 8436416,4444601 8370758,4380256 8379979,4389340 8445296))
28351;POLYGON((3638483 8536606,3699516 8529988,3692576 8467946,3631715 8474821,3638483 8536606))
28352;POLYGON((2924062 8603896,2982453 8599087,2977401 8539750,2919152 8544748,2924062 8603896))
28353;POLYGON((2236375 8651560,2292872 8648260,2289392 8590866,2233016 8594298,2236375 8651560))
28354;POLYGON((1567107 8682467,1622361 8680483,1620251 8624371,1565105 8626434,1567107 8682467))
28355;POLYGON((908863 8698363,963465 8697585,962609 8642156,908108 8642964,908863 8698363))
28356;POLYGON((254785 8700109,309295 8700497,309646 8645184,255237 8644781,254785 8700109))
28357;POLYGON((-401787 8687801,-346814 8689374,-345236 8633617,-400104 8631981,-401787 8687801))
28358;POLYGON((-1067633 8660773,-1011619 8663618,-1008729 8606835,-1064627 8603876,-1067633 8660773))
3113;POLYGON((-195310 1898013,-140778 1898401,-140427 1843066,-194858 1842663,-195310 1898013))
3111;POLYGON((3185521 5363429,3245050 5359672,3241086 5299375,3181874 5303112,3185521 5363429))
3107;POLYGON((2810992 4150250,2868056 4141736,2859295 4083926,2802498 4092400,2810992 4150250))
3308;POLYGON((9736375 6925275,9794528 6923047,9792129 6864125,9734258 6866342,9736375 6925275))
3112;POLYGON((1861509 -1497755,1916732 -1505272,1909001 -1561238,1854001 -1553753,1861509 -1497755))
3577;POLYGON((2078772 -1389990,2133792 -1398234,2125650 -1451858,2070840 -1443646,2078772 -1389990))
