4326;POLYGON((150.75 -16.25,151.25 -16.25,151.25 -16.75,150.75 -16.75,150.75 -16.25))
28348;POLYGON((5883820 7487927,5954983 7467421,5933229 7393699,5862564 7414675,5883820 7487927))
28349;POLYGON((5063122 7700345,5129340 7684801,5112843 7616175,5046999 7632095,5063122 7700345))
28350;POLYGON((4294902 7861397,4357202 7849623,4344698 7785049,4282687 7797119,4294902 7861397))
28351;POLYGON((3567945 7982855,3627190 7974028,3617807 7912624,3558792 7921679,3567945 7982855))
28352;POLYGON((2872779 8072812,2929701 8066370,2922841 8007381,2866108 8013992,2872779 8072812))
28353;POLYGON((2201246 8136761,2256485 8132327,2251745 8075094,2196669 8079647,2201246 8136761))
28354;POLYGON((1546152 8178327,1600278 8175656,1597398 8119592,1543419 8122335,1546152 8178327))
28355;POLYGON((900958 8199735,954498 8198687,953328 8143248,899927 8144325,900958 8199735))
28356;POLYGON((259518 8202088,312974 8202611,313454 8147279,260135 8146743,259518 8202088))
28357;POLYGON((-384170 8185508,-330297 8187627,-328142 8131888,-381872 8129711,-384170 8185508))
28358;POLYGON((-1036196 8149143,-981389 8152968,-977448 8096291,-1032099 8092362,-1036196 8149143))
3113;POLYGON((-190575 1399798,-137098 1400320,-136618 1344967,-189957 1344430,-190575 1399798))
3111;POLYGON((3153117 4827582,3209832 4824003,3205978 4765386,3149571 4768946,3153117 4827582))
3107;POLYGON((2735340 3635022,2790021 3626864,2781454 3570341,2727035 3578460,2735340 3635022))
3308;POLYGON((9717537 6400729,9773180 6398598,9770838 6341070,9715470 6343192,9717537 6400729))
3112;POLYGON((1794462 -1997808,1847696 -2005053,1840092 -2060103,1787077 -2052888,1794462 -1997808))
3577;POLYGON((2006853 -1876500,2059969 -1884458,2051697 -1938939,1998794 -1931013,2006853 -1876500))
