4326;POLYGON((151.0 -15.0,151.5 -15.0,151.5 -15.5,151.0 -15.5,151.0 -15.0))
28348;POLYGON((5970691 7662912,6043301 7643406,6022703 7568582,5950571 7588594,5970691 7662912))
28349;POLYGON((5135047 7864632,5202359 7849890,5186788 7780530,5119833 7795671,5135047 7864632))
28350;POLYGON((4355416 8017175,4418559 8006033,4406784 7940974,4343914 7952428,4355416 8017175))
28351;POLYGON((3619559 8132028,3679468 8123685,3670642 8061965,3610949 8070548,3619559 8132028))
28352;POLYGON((2917278 8217055,2974739 8210965,2968284 8151779,2911001 8158048,2917278 8217055))
28353;POLYGON((2239901 8277578,2295589 8273375,2291119 8216030,2235584 8220358,2239901 8277578))
28354;POLYGON((1579861 8317102,1634372 8314550,1631636 8258432,1577261 8261061,1579861 8317102))
28355;POLYGON((930334 8337781,984217 8336745,983069 8281293,929315 8282361,930334 8337781))
28356;POLYGON((284946 8340702,338722 8341127,339103 8285807,285455 8285369,284946 8340702))
28357;POLYGON((-362505 8326015,-308320 8327924,-306390 8272207,-360443 8270241,-362505 8326015))
28358;POLYGON((-1018311 8292955,-963183 8296448,-959603 8239790,-1014587 8236193,-1018311 8292955))
3113;POLYGON((-165136 1538465,-111340 1538891,-110959 1483549,-164628 1483111,-165136 1538465))
3111;POLYGON((3190774 4973141,3248252 4969362,3244215 4910327,3187047 4914086,3190774 4973141))
3107;POLYGON((2783858 3772889,2839176 3764504,2830429 3707680,2775374 3716025,2783858 3772889))
3308;POLYGON((9750893 6544138,9807222 6541845,9804727 6483972,9748675 6486254,9750893 6544138))
3112;POLYGON((1839871 -1863360,1893640 -1870787,1885895 -1926042,1832346 -1918645,1839871 -1863360))
3577;POLYGON((2053772 -1744580,2107404 -1752723,2099058 -1806974,2045639 -1798864,2053772 -1744580))
