4326;POLYGON((151.5 -10.0,152.0 -10.0,152.0 -10.5,151.5 -10.5,151.5 -10.0))
28348;POLYGON((6215987 8408601,6293294 8394459,6278512 8316051,6201562 8330827,6215987 8408601))
28349;POLYGON((5332201 8554068,5403010 8543487,5391950 8471808,5321402 8482872,5332201 8554068))
28350;POLYGON((4516320 8663106,4582127 8655169,4573828 8588621,4508219 8596925,4516320 8663106))
28351;POLYGON((3752497 8744695,3814488 8738781,3808300 8676125,3746462 8682316,3752497 8744695))
28352;POLYGON((3028011 8804906,3087149 8800595,3082632 8740846,3023617 8745360,3028011 8804906))
28353;POLYGON((2332421 8847798,2389507 8844813,2386368 8787158,2329387 8790285,2332421 8847798))
28354;POLYGON((1656892 8876024,1712615 8874186,1710668 8817930,1655039 8819855,1656892 8876024))
28355;POLYGON((993660 8891215,1048636 8890422,1047772 8834941,992883 8835772,993660 8891215))
28356;POLYGON((335588 8894213,390399 8894421,390570 8839130,335846 8838913,335588 8894213))
28357;POLYGON((-324195 8885180,-268980 8886400,-267763 8830726,-322889 8829448,-324195 8885180))
28358;POLYGON((-992654 8863621,-936441 8865921,-934113 8809270,-990228 8806861,-992654 8863621))
3113;POLYGON((-114475 2092193,-59643 2092400,-59471 2037088,-114217 2036871,-114475 2092193))
3111;POLYGON((3289351 5570374,3349965 5566069,3345470 5505045,3285177 5509327,3289351 5570374))
3107;POLYGON((2927913 4340975,2985859 4331918,2976601 4273572,2918925 4282587,2927913 4340975))
3308;POLYGON((9832550 7129472,9891680 7126782,9888827 7067233,9829983 7069911,9832550 7129472))
3112;POLYGON((1971919 -1312283,2027879 -1320240,2019750 -1376610,1964014 -1368685,1971919 -1312283))
3577;POLYGON((2190017 -1215686,2245718 -1224366,2237324 -1277547,2181831 -1268899,2190017 -1215686))
