4326;POLYGON((151.0 -15.25,151.5 -15.25,151.5 -15.75,151.0 -15.75,151.0 -15.25))
28348;POLYGON((5960701 7625712,6033074 7605952,6012190 7531298,5940301 7551557,5960701 7625712))
28349;POLYGON((5127496 7830126,5194630 7815184,5178833 7745930,5112060 7761268,5127496 7830126))
28350;POLYGON((4349708 7984786,4412716 7973487,4400764 7908493,4338034 7920101,4349708 7984786))
28351;POLYGON((3615287 8101279,3675089 8092816,3666128 8031135,3606545 8039836,3615287 8101279))
28352;POLYGON((2914164 8187547,2971537 8181367,2964982 8122203,2907790 8128560,2914164 8187547))
28353;POLYGON((2237760 8248966,2293371 8244700,2288831 8187365,2233374 8191755,2237760 8248966))
28354;POLYGON((1578571 8289081,1633015 8286490,1630235 8230376,1575930 8233042,1578571 8289081))
28355;POLYGON((929829 8310071,983648 8309019,982482 8253567,928793 8254650,929829 8310071))
28356;POLYGON((285199 8313036,338911 8313467,339298 8258146,285715 8257702,285199 8313036))
28357;POLYGON((-361482 8298128,-307363 8300065,-305402 8244349,-359387 8242355,-361482 8298128))
28358;POLYGON((-1016464 8264572,-961407 8268117,-957771 8211465,-1012681 8207817,-1016464 8264572))
3113;POLYGON((-164884 1510788,-111151 1511220,-110763 1455877,-164368 1455433,-164884 1510788))
3111;POLYGON((3188909 4943591,3246232 4939823,3242201 4880876,3185187 4884624,3188909 4943591))
3107;POLYGON((2779614 3744440,2834800 3736076,2826064 3679318,2771140 3687642,2779614 3744440))
3308;POLYGON((9749783 6515178,9805974 6512890,9803482 6455090,9747569 6457366,9749783 6515178))
3112;POLYGON((1836107 -1891014,1889766 -1898426,1882028 -1953635,1828589 -1946254,1836107 -1891014))
3577;POLYGON((2049707 -1771711,2103233 -1779837,2094880 -1834133,2041567 -1826039,2049707 -1771711))
