4326;POLYGON((150.75 -19.0,151.25 -19.0,151.25 -19.5,150.75 -19.5,150.75 -19.0))
28348;POLYGON((5760443 7089297,5828747 7066372,5804121 6994649,5736366 7017970,5760443 7089297))
28349;POLYGON((4969268 7327660,5033326 7310160,5014516 7242803,4950876 7260631,4969268 7327660))
28350;POLYGON((4223631 7509531,4284258 7496200,4269919 7432414,4209617 7446008,4223631 7509531))
28351;POLYGON((3514444 7647370,3572351 7637333,3561543 7576397,3503897 7586641,3514444 7647370))
28352;POLYGON((2833737 7749840,2889553 7742492,2881624 7683760,2826027 7691264,2833737 7749840))
28353;POLYGON((2174434 7822880,2228718 7817810,2223228 7760697,2169132 7765878,2174434 7822880))
28354;POLYGON((1530132 7870440,1583398 7867382,1580057 7811353,1526961 7814479,1530132 7870440))
28355;POLYGON((894910 7894960,947637 7893760,946279 7838314,893713 7839541,894910 7894960))
28356;POLYGON((263139 7897657,315789 7898256,316347 7842910,263856 7842298,263139 7897657))
28357;POLYGON((-370699 7878663,-317665 7881090,-315164 7825364,-368032 7822884,-370699 7878663))
28358;POLYGON((-1012190 7837040,-958300 7841416,-953733 7784818,-1007442 7780347,-1012190 7837040))
3113;POLYGON((-186952 1095248,-134281 1095847,-133724 1040479,-186235 1039867,-186952 1095248))
3111;POLYGON((3133733 4507042,3188765 4503569,3184966 4445796,3130239 4449249,3133733 4507042))
3107;POLYGON((2689874 3325371,2743121 3317426,2734648 3261517,2681659 3269423,2689874 3325371))
3308;POLYGON((9706229 6085851,9760364 6083777,9758050 6026927,9704187 6028990,9706229 6085851))
3112;POLYGON((1753970 -2299806,1806003 -2306887,1798454 -2361544,1746638 -2354491,1753970 -2299806))
3577;POLYGON((1962390 -2177273,2014329 -2185055,2005996 -2239938,1954272 -2232189,1962390 -2177273))
