4326;POLYGON((151.5 -22.5,152.0 -22.5,152.0 -23.0,151.5 -23.0,151.5 -22.5))
28348;POLYGON((5678657 6559518,5743425 6533270,5714647 6463832,5650494 6490385,5678657 6559518))
28349;POLYGON((4924006 6833931,4985388 6813686,4963176 6747700,4902269 6768212,4924006 6833931))
28350;POLYGON((4206410 7045323,4264952 7029762,4247863 6966753,4189696 6982539,4206410 7045323))
28351;POLYGON((3519493 7206945,3575714 7195127,3562720 7134588,3506805 7146588,3519493 7206945))
28352;POLYGON((2857230 7328173,2911618 7319438,2901995 7260865,2847863 7269742,2857230 7328173))
28353;POLYGON((2213948 7415551,2266962 7409443,2260209 7352351,2207417 7358562,2213948 7415551))
28354;POLYGON((1584297 7473512,1636372 7469728,1632157 7413656,1580282 7417505,1584297 7473512))
28355;POLYGON((963186 7504857,1014740 7503218,1012862 7447721,961498 7449389,963186 7504857))
28356;POLYGON((345704 7511055,397141 7511484,397514 7456130,346265 7455693,345704 7511055))
28357;POLYGON((-272984 7492391,-221262 7494909,-218620 7439269,-270149 7436707,-272984 7492391))
28358;POLYGON((-897742 7448000,-845326 7452724,-840293 7396363,-892500 7391558,-897742 7448000))
3113;POLYGON((-104355 708495,-52898 708924,-52525 653549,-103794 653111,-104355 708495))
3111;POLYGON((3188813 4100156,3241706 4096400,3237518 4039543,3184923 4043278,3188813 4100156))
3107;POLYGON((2709804 2924049,2761194 2916017,2752428 2860767,2701293 2868759,2709804 2924049))
3308;POLYGON((9770369 5686870,9822595 5684494,9819905 5628336,9767948 5630700,9770369 5686870))
3112;POLYGON((1778552 -2691909,1829025 -2699086,1821195 -2753373,1770939 -2746227,1778552 -2691909))
3577;POLYGON((1981021 -2574289,2031406 -2582141,2022694 -2637340,1972525 -2629522,1981021 -2574289))
