4326;POLYGON((151.25 -26.5,151.75 -26.5,151.75 -27.0,151.25 -27.0,151.25 -26.5))
28348;POLYGON((5412211 6031981,5471842 6003990,5440234 5938093,5381240 5966275,5412211 6031981))
28349;POLYGON((4711628 6326698,4768984 6304824,4744260 6241215,4687409 6263276,4711628 6326698))
28350;POLYGON((4036843 6556387,4092166 6539399,4072944 6477946,4018030 6495102,4036843 6556387))
28351;POLYGON((3384581 6733534,3438165 6720538,3423440 6660976,3370195 6674114,3384581 6733534))
28352;POLYGON((2751117 6867186,2803283 6857537,2792328 6799535,2740450 6809298,2751117 6867186))
28353;POLYGON((2132503 6963783,2183585 6957029,2175888 6900230,2125060 6907068,2132503 6963783))
28354;POLYGON((1524720 7027754,1575053 7023591,1570270 6967629,1520169 6971845,1524720 7027754))
28355;POLYGON((923748 7061921,973667 7060168,971591 7004676,921893 7006452,923748 7061921))
28356;POLYGON((325595 7067753,375431 7068336,375975 7012950,326357 7012360,325595 7067753))
28357;POLYGON((-273717 7045499,-223633 7048442,-220446 6992798,-270306 6989818,-273717 7045499))
28358;POLYGON((-878175 6994208,-827509 6999636,-821544 6943370,-871969 6937873,-878175 6994208))
3113;POLYGON((-124472 265020,-74617 265602,-74073 210195,-123710 209605,-124472 265020))
3111;POLYGON((3132624 3649659,3183152 3646203,3179167 3590096,3128934 3593531,3132624 3649659))
3107;POLYGON((2617291 2487211,2666661 2479611,2658091 2424781,2608975 2432342,2617291 2487211))
3308;POLYGON((9726041 5240570,9776131 5238411,9773599 5182772,9723775 5184920,9726041 5240570))
3112;POLYGON((1693349 -3122448,1742109 -3129282,1734406 -3183460,1685861 -3176656,1693349 -3122448))
3577;POLYGON((1888579 -3013291,1937247 -3020777,1928611 -3076192,1880161 -3068739,1888579 -3013291))
