4326;POLYGON((151.0 -18.25,151.5 -18.25,151.5 -18.75,151.0 -18.75,151.0 -18.25))
28348;POLYGON((5830137 7185876,5899454 7163315,5875310 7090820,5806536 7113800,5830137 7185876))
28349;POLYGON((5028398 7420188,5093235 7403001,5074832 7335114,5010406 7352644,5028398 7420188))
28350;POLYGON((4274570 7598658,4335806 7585584,4321797 7521436,4260880 7534785,4274570 7598658))
28351;POLYGON((3558915 7733793,3617308 7723955,3606755 7662777,3548617 7672831,3558915 7733793))
28352;POLYGON((2873000 7834261,2929210 7827053,2921464 7768166,2865465 7775536,2873000 7834261))
28353;POLYGON((2209408 7905994,2264021 7901007,2258642 7843802,2204211 7848904,2209408 7905994))
28354;POLYGON((1561488 7952934,1615035 7949901,1611737 7893827,1558354 7896930,1561488 7952934))
28355;POLYGON((923127 7977524,976102 7976291,974717 7920833,921898 7922094,923127 7977524))
28356;POLYGON((288540 7980998,341416 7981504,341876 7926168,289153 7925650,288540 7980998))
28357;POLYGON((-347930 7963530,-294680 7965800,-292353 7910096,-345443 7907773,-347930 7963530))
28358;POLYGON((-992004 7924248,-937897 7928395,-933587 7871822,-987519 7867578,-992004 7924248))
3113;POLYGON((-161542 1178621,-108645 1179128,-108185 1123770,-160928 1123252,-161542 1178621))
3111;POLYGON((3166738 4592286,3222217 4588638,3218252 4530659,3163078 4534286,3166738 4592286))
3107;POLYGON((2729047 3405515,2782666 3397388,2774039 3341344,2720680 3349432,2729047 3405515))
3308;POLYGON((9736573 6170345,9791113 6168125,9788655 6111108,9734388 6113317,9736573 6170345))
3112;POLYGON((1791168 -2221196,1843513 -2228426,1835842 -2283162,1783714 -2275962,1791168 -2221196))
3577;POLYGON((2000683 -2098913,2052929 -2106845,2044504 -2161612,1992473 -2153713,2000683 -2098913))
