4326;POLYGON((151.5 -38.0,152.0 -38.0,152.0 -38.5,151.5 -38.5,151.5 -38.0))
28348;POLYGON((4650558 4608968,4695536 4579460,4657856 4523024,4613494 4552455,4650558 4608968))
28349;POLYGON((4108450 4926829,4153722 4902773,4122961 4845771,4078222 4869808,4108450 4926829))
28350;POLYGON((3565334 5184124,3610543 5164795,3585788 5107771,3541044 5127115,3565334 5184124))
28351;POLYGON((3024350 5388685,3069306 5373490,3049812 5316730,3005266 5331954,3024350 5388685))
28352;POLYGON((2486937 5546790,2531572 5535262,2516748 5478877,2472479 5490437,2486937 5546790))
28353;POLYGON((1953362 5663298,1997689 5655083,1987085 5599070,1943094 5607314,1953362 5663298))
28354;POLYGON((1423114 5741777,1467196 5736624,1460491 5680911,1416723 5686085,1423114 5741777))
28355;POLYGON((895187 5784619,939122 5782371,936114 5726843,892481 5729100,895187 5784619))
28356;POLYGON((368300 5793123,412201 5793713,412801 5738232,369199 5737640,368300 5793123))
28357;POLYGON((-158936 5767547,-114952 5770992,-110727 5715417,-154405 5711958,-158936 5767547))
28358;POLYGON((-687877 5707115,-643703 5713520,-635726 5657719,-679578 5651290,-687877 5707115))
3113;POLYGON((-81751 -1010107,-37832 -1009517,-37232 -1065019,-80851 -1065611,-81751 -1010107))
3111;POLYGON((3070467 2369541,3114273 2366430,3110195 2311074,3066680 2314165,3070467 2369541))
3107;POLYGON((2448106 1223952,2491631 1217149,2482902 1162137,2439632 1168900,2448106 1223952))
3308;POLYGON((9696122 3964337,9740104 3962336,9737441 3906737,9693725 3908726,9696122 3964337))
3112;POLYGON((1541867 -4380593,1585623 -4386814,1577643 -4442146,1534107 -4435956,1541867 -4380593))
3577;POLYGON((1717736 -4285809,1761424 -4292617,1752838 -4347014,1709362 -4340239,1717736 -4285809))
