4326;POLYGON((151.5 -8.25,152.0 -8.25,152.0 -8.75,151.5 -8.75,151.5 -8.25))
28348;POLYGON((6261248 8682660,6339681 8670809,6327287 8591562,6249156 8604080,6261248 8682660))
28349;POLYGON((5366024 8804391,5437658 8795547,5428409 8723352,5356996 8732700,5366024 8804391))
28350;POLYGON((4541661 8895427,4608087 8888808,4601162 8821946,4534902 8828947,4541661 8895427))
28351;POLYGON((3771355 8963423,3833828 8958497,3828672 8895658,3766328 8900869,3771355 8963423))
28352;POLYGON((3041728 9013533,3101256 9009947,3097497 8950098,3038073 8953892,3041728 9013533))
28353;POLYGON((2341886 9049194,2399301 9046713,2396692 8989011,2339365 8991637,2341886 9049194))
28354;POLYGON((1662673 9072647,1718687 9071120,1717070 9014848,1661133 9016464,1662673 9072647))
28355;POLYGON((996082 9085264,1051330 9084605,1050613 9029125,995437 9029822,996082 9085264))
28356;POLYGON((334785 9087753,389863 9087926,390006 9032640,334999 9032458,334785 9087753))
28357;POLYGON((-328268 9080251,-272774 9081264,-271764 9025588,-327183 9024515,-328268 9080251))
28358;POLYGON((-1000222 9062343,-943705 9064254,-941770 9007579,-998206 9005556,-1000222 9062343))
3113;POLYGON((-115279 2285808,-60179 2285981,-60036 2230674,-115065 2230491,-115279 2285808))
3111;POLYGON((3304088 5785874,3365834 5781489,3361278 5719642,3299857 5724004,3304088 5785874))
3107;POLYGON((2959596 4546799,3018494 4537593,3009132 4478590,2950507 4487753,2959596 4546799))
3308;POLYGON((9841604 7339506,9901738 7336770,9898852 7276517,9839006 7279240,9841604 7339506))
3112;POLYGON((1999745 -1113756,2056495 -1121825,2048292 -1178699,1991769 -1170662,1999745 -1113756))
3577;POLYGON((2218521 -1030390,2274947 -1039183,2266620 -1091937,2210401 -1083176,2218521 -1030390))
