4326;POLYGON((152.0 -8.75,152.5 -8.75,152.5 -9.25,152.0 -9.25,152.0 -8.75))
28348;POLYGON((6327287 8591562,6406060 8578733,6392649 8499040,6314202 8512542,6327287 8591562))
28349;POLYGON((5428409 8723352,5500318 8713776,5490308 8641211,5418638 8651296,5428409 8723352))
28350;POLYGON((4601162 8821946,4667801 8814774,4660302 8747611,4593843 8755168,4601162 8821946))
28351;POLYGON((3828672 8895658,3891302 8890315,3885711 8827234,3823220 8832868,3828672 8895658))
28352;POLYGON((3097497 8950098,3157131 8946196,3153043 8886160,3093520 8890275,3097497 8950098))
28353;POLYGON((2396692 8989011,2454166 8986295,2451311 8928456,2393931 8931322,2396692 8989011))
28354;POLYGON((1717070 9014848,1773097 9013152,1771303 8956791,1715358 8958580,1717070 9014848))
28355;POLYGON((1050613 9029125,1105830 9028353,1104993 8972829,1049854 8973644,1050613 9029125))
28356;POLYGON((390006 9032640,445005 9032750,445080 8977469,390157 8977354,390006 9032640))
28357;POLYGON((-271764 9025588,-216401 9026585,-215410 8970964,-270694 8969912,-271764 9025588))
28358;POLYGON((-941770 9007579,-885443 9009518,-883481 8952957,-939723 8950910,-941770 9007579))
3113;POLYGON((-60036 2230674,-5016 2230783,-4940 2175481,-59885 2175366,-60036 2230674))
3111;POLYGON((3361278 5719642,3422675 5714957,3417813 5653376,3356740 5658036,3361278 5719642))
3107;POLYGON((3009132 4478590,3067714 4469155,3058110 4410389,2999800 4419780,3009132 4478590))
3308;POLYGON((9898852 7276517,9958684 7273507,9955521 7213477,9895976 7216472,9898852 7276517))
3112;POLYGON((2048292 -1178699,2104783 -1186961,2096377 -1243653,2040112 -1235424,2048292 -1178699))
3577;POLYGON((2266620 -1091937,2322805 -1100918,2314251 -1153765,2258274 -1144817,2266620 -1091937))
