4326;POLYGON((152.25 -14.5,152.75 -14.5,152.75 -15.0,152.25 -15.0,152.25 -14.5))
28348;POLYGON((6173896 7689226,6248271 7669081,6227035 7592583,6153156 7613272,6173896 7689226))
28349;POLYGON((5319723 7897322,5388407 7882128,5372385 7811503,5304070 7827126,5319723 7897322))
28350;POLYGON((4525687 8054500,4589897 8043020,4577786 7977007,4513857 7988822,4525687 8054500))
28351;POLYGON((3778657 8172949,3839392 8164333,3830295 8101904,3769780 8110777,3778657 8172949))
28352;POLYGON((3067779 8261015,3125871 8254684,3119176 8194984,3061263 8201508,3067779 8261015))
28353;POLYGON((2383907 8324357,2440064 8319921,2435359 8262222,2379354 8266795,2383907 8324357))
28354;POLYGON((1719133 8366723,1773978 8363928,1770994 8307594,1716284 8310476,1719133 8366723))
28355;POLYGON((1066402 8390464,1120498 8389160,1119074 8333614,1065103 8334959,1066402 8390464))
28356;POLYGON((419183 8396842,473061 8396960,473123 8341658,419367 8341537,419183 8396842))
28357;POLYGON((-228819 8386189,-174636 8387735,-173086 8332144,-227142 8330550,-228819 8386189))
28358;POLYGON((-883933 8357949,-828910 8361004,-825790 8304579,-880676 8301429,-883933 8357949))
3113;POLYGON((-30848 1594627,23051 1594745,23112 1539422,-30664 1539301,-30848 1594627))
3111;POLYGON((3338946 5022309,3396681 5017751,3391854 4958595,3334431 4963128,3338946 5022309))
3107;POLYGON((2931243 3808347,2986723 3799280,2977297 3742425,2922079 3751448,2931243 3808347))
3308;POLYGON((9894610 6595901,9951185 6592919,9947990 6534933,9891692 6537900,9894610 6595901))
3112;POLYGON((1982325 -1827025,2036237 -1835019,2027929 -1890290,1974236 -1882328,1982325 -1827025))
3577;POLYGON((2196440 -1711220,2250201 -1719922,2241340 -1773998,2187791 -1765331,2196440 -1711220))
