4326;POLYGON((152.25 -21.25,152.75 -21.25,152.75 -21.75,152.25 -21.75,152.25 -21.25))
28348;POLYGON((5846686 6695785,5913482 6669505,5884898 6598498,5818724 6625123,5846686 6695785))
28349;POLYGON((5070643 6969924,5133619 6949736,5111646 6882620,5049146 6903106,5070643 6969924))
28350;POLYGON((4336126 7180437,4395937 7164956,4379073 7101141,4319636 7116870,4336126 7180437))
28351;POLYGON((3635657 7341168,3692900 7329415,3680083 7268312,3623140 7280265,3635657 7341168))
28352;POLYGON((2962393 7461863,3017616 7453153,3008101 7394200,2953127 7403065,2962393 7461863))
28353;POLYGON((2310056 7549302,2363762 7543161,2357033 7485830,2303541 7492083,2310056 7549302))
28354;POLYGON((1672834 7608075,1725493 7604191,1721208 7547988,1668741 7551944,1672834 7608075))
28355;POLYGON((1045278 7641111,1097334 7639294,1095284 7583749,1043409 7585600,1045278 7641111))
28356;POLYGON((422182 7649999,474061 7650163,474149 7594823,422447 7594656,422182 7649999))
28357;POLYGON((-201549 7635157,-149423 7637310,-147192 7581727,-199136 7579534,-201549 7635157))
28358;POLYGON((-831025 7595884,-778223 7600128,-773743 7543849,-826350 7539526,-831025 7595884))
3113;POLYGON((-27848 847493,24051 847657,24139 792295,-27582 792128,-27848 847493))
3111;POLYGON((3279028 4237038,3332639 4232806,3327979 4175692,3274668 4179901,3279028 4237038))
3107;POLYGON((2809165 3050315,2861138 3041821,2851957 2986443,2800240 2994895,2809165 3050315))
3308;POLYGON((9855783 5823966,9908663 5821179,9905558 5764824,9852947 5767597,9855783 5823966))
3112;POLYGON((1874116 -2566914,1925085 -2574472,1916918 -2628803,1866165 -2621278,1874116 -2566914))
3577;POLYGON((2078609 -2448375,2129486 -2456609,2120467 -2511646,2069806 -2503446,2078609 -2448375))
