4326;POLYGON((151.75 -28.5,152.25 -28.5,152.25 -29.0,151.75 -29.0,151.75 -28.5))
28348;POLYGON((5343363 5742965,5400582 5713718,5366986 5649393,5310423 5678775,5343363 5742965))
28349;POLYGON((4668216 6052114,4723675 6029089,4697198 5966485,4642265 5989658,4668216 6052114))
28350;POLYGON((4013659 6294712,4067456 6276715,4046737 6215873,3993371 6234012,4013659 6294712))
28351;POLYGON((3377923 6482985,3430242 6469133,3414272 6409914,3362312 6423891,3377923 6482985))
28352;POLYGON((2758409 6625926,2809488 6615573,2797528 6557736,2746756 6568191,2758409 6625926))
28353;POLYGON((2152028 6730024,2202139 6722711,2193661 6665964,2143822 6673354,2152028 6730024))
28354;POLYGON((1555432 6799803,1604859 6795218,1599504 6739247,1550325 6743883,1555432 6799803))
28355;POLYGON((965150 6838194,1014185 6836147,1011731 6780627,962932 6782697,965150 6838194))
28356;POLYGON((377663 6846771,426600 6847178,426948 6791782,378244 6791370,377663 6846771))
28357;POLYGON((-210559 6825883,-161426 6828761,-158261 6773160,-207155 6770249,-210559 6825883))
28358;POLYGON((-803046 6774679,-753423 6780146,-747313 6724012,-796680 6718485,-803046 6774679))
3113;POLYGON((-72384 43951,-23428 44359,-23079 -11058,-71802 -11470,-72384 43951))
3111;POLYGON((3167244 3422219,3216577 3418585,3212319 3362782,3163279 3366395,3167244 3422219))
3107;POLYGON((2632413 2260497,2680733 2252830,2671929 2198164,2623862 2205790,2632413 2260497))
3308;POLYGON((9766016 5016122,9815031 5013775,9812241 4958313,9763492 4960648,9766016 5016122))
3112;POLYGON((1711291 -3346025,1759162 -3352929,1751237 -3407111,1703582 -3400239,1711291 -3346025))
3577;POLYGON((1902701 -3242461,1950471 -3250001,1941619 -3305384,1894065 -3297878,1902701 -3242461))
