4326;POLYGON((152.5 -35.25,153.0 -35.25,153.0 -35.75,152.5 -35.75,152.5 -35.25))
28348;POLYGON((4948093 4866530,4996512 4835715,4958521 4777187,4910755 4807968,4948093 4866530))
28349;POLYGON((4367616 5196901,4415889 5171995,4385144 5113384,4337421 5138309,4367616 5196901))
28350;POLYGON((3790989 5462426,3838824 5442527,3814225 5384324,3766861 5404270,3790989 5462426))
28351;POLYGON((3220590 5672685,3267860 5657079,3248537 5599502,3201675 5615164,3220590 5672685))
28352;POLYGON((2657125 5835164,2703820 5823299,2689098 5766391,2642761 5778309,2657125 5835164))
28353;POLYGON((2100163 5955558,2146353 5947022,2135725 5890713,2089858 5899293,2100163 5955558))
28354;POLYGON((1548533 6038016,1594336 6032517,1587442 5976673,1541938 5982203,1548533 6038016))
28355;POLYGON((1000611 6085339,1046174 6082691,1042783 6027139,997505 6029803,1000611 6085339))
28356;POLYGON((454513 6099117,500000 6099232,500000 6043779,454794 6043664,454513 6099117))
28357;POLYGON((-91751 6079810,-46174 6082691,-42783 6027139,-88075 6024241,-91751 6079810))
28358;POLYGON((-640166 6026773,-594336 6032517,-587442 5976673,-632971 5970896,-640166 6026773))
3113;POLYGON((4495 -703993,50000 -703878,50000 -759353,4776 -759468,4495 -703993))
3111;POLYGON((3182078 2667301,3227446 2663599,3222789 2608310,3177711 2611988,3182078 2667301))
3107;POLYGON((2584388 1511601,2629242 1504164,2620047 1449489,2575446 1456884,2584388 1511601))
3308;POLYGON((9800149 4265142,9845570 4262640,9842386 4207266,9797230 4209754,9800149 4265142))
3112;POLYGON((1674203 -4090753,1719111 -4097503,1710767 -4152270,1666077 -4145552,1674203 -4090753))
3577;POLYGON((1853743 -3998971,1898554 -4006314,1889463 -4061120,1844867 -4053813,1853743 -3998971))
