4326;POLYGON((151.75 -32.75,152.25 -32.75,152.25 -33.25,151.75 -33.25,151.75 -32.75))
28348;POLYGON((5054140 5210810,5105792 5180822,5069859 5120169,5018857 5150186,5054140 5210810))
28349;POLYGON((4438778 5530492,4489706 5506510,4460934 5446452,4410544 5470502,4438778 5530492))
28350;POLYGON((3833279 5784897,3883328 5765915,3860525 5706775,3810928 5725839,3833279 5784897))
28351;POLYGON((3238527 5984531,3287684 5969777,3269932 5911635,3221162 5926471,3238527 5984531))
28352;POLYGON((2654019 6137388,2702367 6126280,2688972 6069069,2640962 6080249,2654019 6137388))
28353;POLYGON((2078338 6249408,2126020 6241519,2116473 6185085,2069094 6193029,2078338 6249408))
28354;POLYGON((1509500 6324826,1556697 6319862,1550644 6263998,1503727 6268999,1509500 6324826))
28355;POLYGON((945185 6366430,992098 6364210,989320 6308684,942673 6310922,945185 6366430))
28356;POLYGON((382898 6375736,429740 6376178,430135 6320746,383556 6320300,382898 6375736))
28357;POLYGON((-179924 6353080,-132939 6356201,-129356 6300613,-176071 6297468,-179924 6353080))
28358;POLYGON((-745828 6297641,-698491 6303554,-691590 6247568,-738641 6241611,-745828 6297641))
3113;POLYGON((-67147 -427266,-20287 -426824,-19891 -482277,-66488 -482723,-67147 -427266))
3111;POLYGON((3133661 2949368,3180511 2945917,3176283 2890502,3129724 2893931,3133661 2949368))
3107;POLYGON((2559791 1795866,2605961 1788540,2597164 1733918,2551247 1741204,2559791 1795866))
3308;POLYGON((9744593 4545290,9791354 4543051,9788571 4487720,9742074 4489947,9744593 4545290))
3112;POLYGON((1645637 -3807761,1691672 -3814400,1683703 -3868886,1637886 -3862279,1645637 -3807761))
3577;POLYGON((1829392 -3712884,1875322 -3720133,1866506 -3775288,1820792 -3768073,1829392 -3712884))
