4326;POLYGON((152.0 -29.75,152.5 -29.75,152.5 -30.25,152.0 -30.25,152.0 -29.75))
28348;POLYGON((5288210 5568578,5343847 5538731,5309162 5475449,5254187 5505398,5288210 5568578))
28349;POLYGON((4629850 5884887,4684050 5861277,4656583 5799361,4602919 5823095,4629850 5884887))
28350;POLYGON((3988800 6134199,4041573 6115669,4019990 6055261,3967658 6073916,3988800 6134199))
28351;POLYGON((3364186 6328435,3415651 6314119,3398952 6255155,3347858 6269584,3364186 6328435))
28352;POLYGON((2754098 6476450,2804444 6465709,2791890 6408005,2741863 6418840,2754098 6476450))
28353;POLYGON((2155981 6584692,2205437 6577069,2196496 6520376,2147323 6528070,2155981 6584692))
28354;POLYGON((1566908 6657696,1615728 6652876,1610034 6596912,1561473 6601779,1566908 6657696))
28355;POLYGON((983756 6698425,1032204 6696216,1029530 6640683,981327 6642914,983756 6698425))
28356;POLYGON((403308 6708497,451655 6708811,451897 6653406,403792 6653089,403308 6708497))
28357;POLYGON((-177680 6688309,-129164 6691158,-125997 6635575,-174265 6632697,-177680 6688309))
28358;POLYGON((-762451 6637064,-713497 6642562,-707282 6586497,-755972 6580945,-762451 6637064))
3113;POLYGON((-46728 -94376,1636 -94061,1878 -149488,-46244 -149805,-46728 -94376))
3111;POLYGON((3181643 3281013,3230234 3277305,3225841 3221658,3177542 3225343,3181643 3281013))
3107;POLYGON((2634890 2120012,2682560 2112335,2673637 2057733,2626220 2065370,2634890 2120012))
3308;POLYGON((9783885 4876364,9832231 4873932,9829313 4818547,9781232 4820965,9783885 4876364))
3112;POLYGON((1715683 -3484987,1763001 -3491907,1754961 -3546130,1707859 -3539242,1715683 -3484987))
3577;POLYGON((1904732 -3384688,1951946 -3392235,1942990 -3447568,1895993 -3440056,1904732 -3384688))
