4326;POLYGON((151.75 -29.5,152.25 -29.5,152.25 -30.0,151.75 -30.0,151.75 -29.5))
28348;POLYGON((5277173 5615010,5333080 5585506,5298874 5522057,5243623 5551670,5277173 5615010))
28349;POLYGON((4616024 5927492,4670428 5904180,4643371 5842176,4589497 5865617,4616024 5927492))
28350;POLYGON((3972825 6173504,4025758 6155229,4004523 6094784,3952026 6113187,3972825 6173504))
28351;POLYGON((3346485 6364916,3398082 6350818,3381676 6291848,3330446 6306061,3346485 6364916))
28352;POLYGON((2734933 6510524,2785393 6499970,2773085 6442277,2722940 6452926,2734933 6510524))
28353;POLYGON((2135490 6616718,2185053 6609253,2176318 6552578,2127034 6560114,2135490 6616718))
28354;POLYGON((1545138 6687973,1594064 6683289,1588541 6627342,1539871 6632073,1545138 6687973))
28355;POLYGON((960679 6727199,1009238 6725107,1006707 6669586,958390 6671700,960679 6727199))
28356;POLYGON((378835 6735965,427303 6736382,427663 6680977,379435 6680557,378835 6735965))
28357;POLYGON((-203696 6714618,-155045 6717560,-151780 6661961,-200185 6658989,-203696 6714618))
28358;POLYGON((-790216 6662310,-741107 6667894,-734807 6611794,-783653 6606154,-790216 6662310))
3113;POLYGON((-71211 -66897,-22725 -66480,-22365 -121906,-70611 -122327,-71211 -66897))
3111;POLYGON((3159319 3310631,3208066 3307040,3203817 3251355,3155362 3254924,3159319 3310631))
3107;POLYGON((2615315 2151104,2663129 2143518,2654331 2088888,2606770 2096435,2615315 2151104))
3308;POLYGON((9760969 4905204,9809453 4902882,9806667 4847478,9758448 4849787,9760969 4905204))
3112;POLYGON((1695871 -3454472,1743310 -3461313,1735380 -3515539,1688156 -3508729,1695871 -3454472))
3577;POLYGON((1885430 -3353286,1932767 -3360757,1923918 -3416116,1876798 -3408679,1885430 -3353286))
