4326;POLYGON((151.75 -30.0,152.25 -30.0,152.25 -30.5,151.75 -30.5,151.75 -30.0))
28348;POLYGON((5243623 5551670,5298874 5522057,5264377 5459043,5209783 5488752,5243623 5551670))
28349;POLYGON((4589497 5865617,4643371 5842176,4616033 5780471,4562692 5804032,4589497 5865617))
28350;POLYGON((3952026 6113187,4004523 6094784,3983035 6034539,3930977 6053062,3952026 6113187))
28351;POLYGON((3330446 6306061,3381676 6291848,3365056 6233003,3314195 6247326,3330446 6306061))
28352;POLYGON((2722940 6452926,2773085 6442277,2760605 6384656,2710779 6395397,2722940 6452926))
28353;POLYGON((2127034 6560114,2176318 6552578,2167455 6495939,2118454 6503545,2127034 6560114))
28354;POLYGON((1539871 6632073,1588541 6627342,1582935 6571409,1534525 6576185,1539871 6632073))
28355;POLYGON((958390 6671700,1006707 6669586,1004136 6614065,956067 6616199,958390 6671700))
28356;POLYGON((379435 6680557,427663 6680977,428028 6625569,380044 6625144,379435 6680557))
28357;POLYGON((-200185 6658989,-151780 6661961,-148464 6606365,-196619 6603364,-200185 6658989))
28358;POLYGON((-783653 6606154,-734807 6611794,-728412 6555710,-776992 6550017,-783653 6606154))
3113;POLYGON((-70611 -122327,-22365 -121906,-21999 -177336,-70002 -177761,-70611 -122327))
3111;POLYGON((3155362 3254924,3203817 3251355,3199572 3195722,3151410 3199270,3155362 3254924))
3107;POLYGON((2606770 2096435,2654331 2088888,2645535 2034272,2598227 2041778,2606770 2096435))
3308;POLYGON((9758448 4849787,9806667 4847478,9803881 4792096,9755927 4794393,9758448 4849787))
3112;POLYGON((1688156 -3508729,1735380 -3515539,1727445 -3569793,1680438 -3563014,1688156 -3508729))
3577;POLYGON((1876798 -3408679,1923918 -3416116,1915073 -3471456,1868169 -3464053,1876798 -3408679))
