4326;POLYGON((152.0 -28.75,152.5 -28.75,152.5 -29.25,152.0 -29.25,152.0 -28.75))
28348;POLYGON((5355360 5696231,5412321 5666625,5378236 5602455,5321937 5632189,5355360 5696231))
28349;POLYGON((4682858 6009358,4738124 5986025,4711232 5923499,4656498 5946975,4682858 6009358))
28350;POLYGON((4030322 6255351,4083969 6237092,4062901 6176279,4009690 6194678,4030322 6255351))
28351;POLYGON((3396201 6446505,3448396 6432431,3432133 6373211,3380302 6387409,3396201 6446505))
28352;POLYGON((2778056 6591882,2829027 6581341,2816823 6523488,2766163 6534131,2778056 6591882))
28353;POLYGON((2172920 6698039,2222929 6690567,2214248 6633800,2164514 6641348,2172920 6698039))
28354;POLYGON((1577535 6769564,1626860 6764844,1621337 6708854,1572263 6713624,1577535 6769564))
28355;POLYGON((988502 6809442,1037429 6807280,1034837 6751748,986147 6753934,988502 6809442))
28356;POLYGON((402363 6819301,451182 6819609,451417 6764212,402832 6763901,402363 6819301))
28357;POLYGON((-184353 6799539,-135353 6802329,-132283 6746743,-181042 6743923,-184353 6799539))
28358;POLYGON((-775121 6749356,-725651 6754742,-719621 6698644,-768835 6693201,-775121 6749356))
3113;POLYGON((-47674 16471,1163 16779,1398 -38639,-47205 -38950,-47674 16471))
3111;POLYGON((3189857 3392520,3239034 3388767,3234632 3333007,3185748 3336737,3189857 3392520))
3107;POLYGON((2652238 2229345,2700414 2221587,2691486 2166952,2643563 2174669,2652238 2229345))
3308;POLYGON((9789196 4987239,9838073 4984781,9835151 4929342,9786540 4931787,9789196 4987239))
3112;POLYGON((1731322 -3376550,1779071 -3383533,1771038 -3437709,1723504 -3430757,1731322 -3376550))
3577;POLYGON((1922217 -3273909,1969865 -3281525,1960904 -3336886,1913474 -3329304,1922217 -3273909))
