4326;POLYGON((152.0 -30.0,152.5 -30.0,152.5 -30.5,152.0 -30.5,152.0 -30.0))
28348;POLYGON((5271235 5536934,5326541 5507035,5291711 5443974,5237068 5473968,5271235 5536934))
28349;POLYGON((4616420 5853954,4670351 5830281,4642744 5768517,4589349 5792309,4616420 5853954))
28350;POLYGON((3978260 6104033,4030813 6085439,4009103 6025133,3956993 6043848,3978260 6104033))
28351;POLYGON((3356048 6298994,3407329 6284621,3390522 6225721,3339614 6240205,3356048 6298994))
28352;POLYGON((2748002 6447636,2798188 6436848,2785548 6379181,2735682 6390061,2748002 6447636))
28353;POLYGON((2151668 6556377,2200983 6548718,2191977 6492043,2142947 6499773,2151668 6556377))
28354;POLYGON((1564201 6629736,1612891 6624893,1607155 6568935,1558725 6573825,1564201 6629736))
28355;POLYGON((982546 6670670,1030872 6668449,1028178 6612917,980099 6615159,982546 6670670))
28356;POLYGON((403549 6680793,451775 6681109,452019 6625702,404037 6625383,403549 6680793))
28357;POLYGON((-175979 6660502,-127586 6663366,-124396 6607784,-172539 6604891,-175979 6660502))
28358;POLYGON((-759224 6609003,-710401 6614527,-704139 6558470,-752697 6552893,-759224 6609003))
3113;POLYGON((-46487 -122090,1757 -121774,2000 -177203,-46000 -177522,-46487 -122090))
3111;POLYGON((3179592 3253171,3228037 3249475,3223646 3193853,3175493 3197528,3179592 3253171))
3107;POLYGON((2630555 2092689,2678098 2085033,2669176 2030436,2621885 2038052,2630555 2092689))
3308;POLYGON((9782559 4848661,9830772 4846236,9827854 4790862,9779905 4793274,9782559 4848661))
3112;POLYGON((1711771 -3512111,1758981 -3519015,1750939 -3573253,1703945 -3566380,1711771 -3512111))
3577;POLYGON((1900362 -3412374,1947468 -3419904,1938513 -3475227,1891624 -3467732,1900362 -3412374))
