4326;POLYGON((152.25 -33.25,152.75 -33.25,152.75 -33.75,152.25 -33.75,152.25 -33.25))
28348;POLYGON((5069859 5120169,5120898 5089603,5084074 5029358,5033694 5059937,5069859 5120169))
28349;POLYGON((4460934 5446452,4511384 5421946,4481823 5362128,4431920 5386691,4460934 5446452))
28350;POLYGON((3860525 5706775,3910191 5687327,3886700 5628313,3837496 5647836,3860525 5706775))
28351;POLYGON((3269932 5911635,3318770 5896471,3300426 5838382,3251983 5853623,3269932 5911635))
28352;POLYGON((2688972 6069069,2737041 6057602,2723140 6000399,2675415 6011934,2688972 6069069))
28353;POLYGON((2116473 6185085,2163899 6176883,2153922 6120432,2106805 6128688,2116473 6185085))
28354;POLYGON((1550644 6263998,1597593 6258760,1591176 6202872,1544512 6208147,1550644 6263998))
28355;POLYGON((989320 6308684,1035981 6306221,1032894 6250677,986503 6253158,989320 6308684))
28356;POLYGON((430135 6320746,476712 6320969,476845 6265534,430536 6265310,430135 6320746))
28357;POLYGON((-129356 6300613,-82660 6303531,-79301 6247967,-125724 6245028,-129356 6300613))
28358;POLYGON((-691590 6247568,-644574 6253284,-637871 6197357,-684599 6191601,-691590 6247568))
3113;POLYGON((-19891 -482277,26703 -482055,26836 -537511,-19490 -537735,-19891 -482277))
3111;POLYGON((3176283 2890502,3222824 2886828,3218306 2831461,3172057 2835113,3176283 2890502))
3107;POLYGON((2597164 1733918,2643048 1726420,2633996 1671824,2588365 1679281,2597164 1733918))
3308;POLYGON((9788571 4487720,9835057 4485270,9832009 4429949,9785788 4432385,9788571 4487720))
3112;POLYGON((1683703 -3868886,1729494 -3875676,1721300 -3930187,1675726 -3923429,1683703 -3868886))
3577;POLYGON((1866506 -3775288,1912192 -3782683,1903168 -3837754,1857698 -3830394,1866506 -3775288))
