4326;POLYGON((151.75 -25.5,152.25 -25.5,152.25 -26.0,151.75 -26.0,151.75 -25.5))
28348;POLYGON((5533976 6137064,5595100 6108917,5563571 6041948,5503093 6070313,5533976 6137064))
28349;POLYGON((4817462 6432898,4876019 6410973,4851436 6346585,4793387 6368719,4817462 6432898))
28350;POLYGON((4129775 6662862,4186076 6645869,4167004 6583860,4111110 6601038,4129775 6662862))
28351;POLYGON((3466931 6840006,3521322 6827012,3506719 6767066,3452663 6780215,3466931 6840006))
28352;POLYGON((2824659 6973736,2877502 6964072,2866620 6905817,2814060 6915605,2824659 6973736))
28353;POLYGON((2198591 7070721,2250251 7063919,2242565 7006966,2191153 7013860,2198591 7070721))
28354;POLYGON((1584372 7135546,1635209 7131291,1630366 7075250,1579754 7079563,1584372 7135546))
28355;POLYGON((977709 7171148,1028080 7169250,1025863 7113735,975706 7115658,977709 7171148))
28356;POLYGON((374371 7179096,424625 7179473,424940 7124100,374896 7123717,374371 7179096))
28357;POLYGON((-229840 7159736,-179353 7162405,-176493 7106793,-226764 7104087,-229840 7159736))
28358;POLYGON((-839133 7112222,-788061 7117300,-782532 7061067,-833372 7055921,-839133 7112222))
3113;POLYGON((-75677 376406,-25403 376784,-25088 321389,-75152 321006,-75677 376406))
3111;POLYGON((3191139 3758664,3242239 3754900,3237947 3698649,3187143 3702391,3191139 3758664))
3107;POLYGON((2683821 2589398,2733662 2581489,2724825 2526614,2675237 2534482,2683821 2589398))
3308;POLYGON((9781201 5349847,9831813 5347423,9829010 5291690,9778664 5294102,9781201 5349847))
3112;POLYGON((1757517 -3020920,1806681 -3028010,1798761 -3082163,1749813 -3075104,1757517 -3020920))
3577;POLYGON((1954512 -2909986,2003584 -2917731,1994735 -2973085,1945881 -2965374,1954512 -2909986))
