4326;POLYGON((152.5 -33.0,153.0 -33.0,153.0 -33.5,152.5 -33.5,152.5 -33.0))
28348;POLYGON((5113535 5135234,5164924 5104399,5127880 5043932,5077156 5074782,5113535 5135234))
28349;POLYGON((4500704 5464264,4551459 5439559,4521742 5379558,4471538 5404324,4500704 5464264))
28350;POLYGON((3896894 5726664,3946825 5707063,3923216 5647905,3873748 5667586,3896894 5726664))
28351;POLYGON((3303342 5933170,3352411 5917881,3333968 5859684,3285294 5875053,3303342 5933170))
28352;POLYGON((2719802 6091985,2768073 6080410,2754081 6023131,2706155 6034777,2719802 6091985))
28353;POLYGON((2145045 6209243,2192648 6200941,2182579 6144440,2135284 6152799,2145045 6209243))
28354;POLYGON((1577221 6289349,1624328 6284012,1617810 6228096,1570987 6233473,1577221 6289349))
28355;POLYGON((1014110 6335248,1060914 6332681,1057712 6277127,1011178 6279713,1014110 6335248))
28356;POLYGON((453291 6348602,500000 6348713,500000 6293280,453557 6293168,453291 6348602))
28357;POLYGON((-107735 6329888,-60914 6332681,-57712 6277127,-104264 6274313,-107735 6329888))
28358;POLYGON((-671468 6278436,-624328 6284012,-617810 6228096,-664665 6222480,-671468 6278436))
3113;POLYGON((3273 -454411,50000 -454300,50000 -509754,3538 -509866,3273 -454411))
3111;POLYGON((3201742 2916394,3248418 2912586,3243755 2857219,3197370 2861003,3201742 2916394))
3107;POLYGON((2624572 1757498,2670564 1749872,2661388 1695306,2615648 1702889,2624572 1757498))
3308;POLYGON((9813273 4514185,9859885 4511617,9856705 4456306,9810358 4458860,9813273 4514185))
3112;POLYGON((1710641 -3845017,1756527 -3851914,1748229 -3906380,1702560 -3899515,1710641 -3845017))
3577;POLYGON((1893814 -3751400,1939592 -3758902,1930457 -3813980,1884893 -3806514,1893814 -3751400))
