4326;POLYGON((152.25 -10.0,152.75 -10.0,152.75 -10.5,152.25 -10.5,152.25 -10.0))
28348;POLYGON((6332179 8387257,6410422 8372585,6395087 8293200,6317215 8308527,6332179 8387257))
28349;POLYGON((5438594 8538101,5510127 8527132,5498662 8454708,5427401 8466176,5438594 8538101))
28350;POLYGON((4615167 8651129,4681529 8642901,4672926 8575785,4606769 8584393,4615167 8651129))
28351;POLYGON((3845588 8735767,3907999 8729627,3901575 8666542,3839322 8672970,3845588 8735767))
28352;POLYGON((3116795 8798394,3176243 8793901,3171536 8733835,3112214 8738541,3116795 8798394))
28353;POLYGON((2418103 8843282,2475406 8840142,2472108 8782266,2414912 8785554,2418103 8843282))
28354;POLYGON((1740509 8873234,1796367 8871260,1794279 8814863,1738516 8816931,1740509 8873234))
28355;POLYGON((1076139 8889994,1131177 8889074,1130181 8833527,1075232 8834492,1076139 8889994))
28356;POLYGON((417801 8894494,472601 8894577,472643 8839294,417929 8839207,417801 8894494))
28357;POLYGON((-241393 8886977,-186260 8888068,-185176 8832474,-240221 8831331,-241393 8886977))
28358;POLYGON((-908375 8867035,-852321 8869194,-850138 8812699,-906096 8810438,-908375 8867035))
3113;POLYGON((-32230 2092473,22590 2092556,22633 2037251,-32102 2037164,-32230 2092473))
3111;POLYGON((3380263 5563797,3440842 5559015,3435866 5498028,3375608 5502785,3380263 5563797))
3107;POLYGON((3014816 4327289,3072698 4317830,3063035 4259549,3005423 4268964,3014816 4327289))
3308;POLYGON((9921239 7125330,9980348 7122216,9977068 7062689,9918245 7065789,9921239 7125330))
3112;POLYGON((2055848 -1324302,2111759 -1332593,2103293 -1388913,2047606 -1380656,2055848 -1324302))
3577;POLYGON((2273555 -1228787,2329204 -1237794,2320498 -1290926,2265057 -1281952,2273555 -1228787))
