4326;POLYGON((152.25 -35.0,152.75 -35.0,152.75 -35.5,152.25 -35.5,152.25 -35.0))
28348;POLYGON((4942315 4911180,4991061 4880620,4953496 4821864,4905398 4852398,4942315 4911180))
28349;POLYGON((4358369 5238585,4406902 5213919,4376542 5155166,4328555 5179858,4358369 5238585))
28350;POLYGON((3778958 5501373,3827003 5481692,3802746 5423409,3755167 5443140,3778958 5501373))
28351;POLYGON((3206261 5709159,3253707 5693749,3234683 5636132,3187640 5651601,3206261 5709159))
28352;POLYGON((2640829 5869430,2687679 5857740,2673215 5800817,2626721 5812563,2640829 5869430))
28353;POLYGON((2082110 5987863,2128441 5979482,2118035 5923174,2072024 5931601,2082110 5987863))
28354;POLYGON((1528835 6068578,1574773 6063217,1568069 6007381,1522428 6012774,1528835 6068578))
28355;POLYGON((979302 6114340,1025000 6111816,1021772 6056272,976357 6058812,979302 6114340))
28356;POLYGON((431560 6126699,477187 6126928,477326 6071477,431979 6071248,431560 6126699))
28357;POLYGON((-116438 6106072,-70712 6109060,-67200 6053500,-112641 6050493,-116438 6106072))
28358;POLYGON((-666731 6051763,-620738 6057612,-613736 6001743,-659430 5995860,-666731 6051763))
3113;POLYGON((-18466 -676400,27178 -676171,27317 -731644,-18047 -731874,-18466 -676400))
3111;POLYGON((3161498 2696728,3207021 2693134,3202508 2637828,3157276 2641399,3161498 2696728))
3107;POLYGON((2566353 1542598,2611351 1535244,2602285 1480564,2557541 1487877,2566353 1542598))
3308;POLYGON((9778828 4294001,9824386 4291600,9821335 4236231,9776042 4238617,9778828 4294001))
3112;POLYGON((1655743 -4060065,1700773 -4066742,1692544 -4121488,1647732 -4114843,1655743 -4060065))
3577;POLYGON((1835716 -3967910,1880648 -3975183,1871659 -4030042,1826942 -4022804,1835716 -3967910))
