4326;POLYGON((151.75 -31.0,152.25 -31.0,152.25 -31.5,151.75 -31.5,151.75 -31.0))
28348;POLYGON((5175661 5426255,5229599 5396463,5194549 5334315,5141265 5364179,5175661 5426255))
28349;POLYGON((4535614 5742737,4588421 5719067,4560541 5657962,4508269 5681733,4535614 5742737))
28350;POLYGON((3909684 5993131,3961299 5974493,3939320 5914648,3888148 5933393,3909684 5993131))
28351;POLYGON((3297737 6188713,3348224 6174285,3331184 6115695,3281072 6130222,3297737 6188713))
28352;POLYGON((2698452 6337938,2747956 6327109,2735138 6269636,2685960 6280550,2698452 6337938))
28353;POLYGON((2109751 6447010,2158465 6439336,2149350 6382771,2100927 6390509,2109751 6447010))
28354;POLYGON((1529100 6520308,1577247 6515487,1571477 6459578,1523597 6464442,1529100 6520308))
28355;POLYGON((953709 6560697,1001528 6558543,998881 6503020,951316 6505194,953709 6560697))
28356;POLYGON((380662 6569727,428399 6570156,428775 6514739,381290 6514306,380662 6569727))
28357;POLYGON((-193001 6547740,-145100 6550770,-141686 6495176,-189330 6492120,-193001 6547740))
28358;POLYGON((-770235 6493899,-721925 6499645,-715344 6443596,-763381 6437801,-770235 6493899))
3113;POLYGON((-69383 -233200,-21628 -232770,-21251 -288209,-68756 -288642,-69383 -233200))
3111;POLYGON((3147460 3143664,3195331 3140138,3191093 3084598,3143514 3088103,3147460 3143664))
3107;POLYGON((2589685 1987130,2636741 1979663,2627947 1925059,2581145 1932485,2589685 1987130))
3308;POLYGON((9753407 4739018,9801096 4736734,9798312 4681385,9750888 4683657,9753407 4739018))
3112;POLYGON((1672714 -3617331,1719506 -3624080,1711561 -3678403,1664986 -3671686,1672714 -3617331))
3577;POLYGON((1859543 -3519404,1906230 -3526773,1897393 -3582063,1850922 -3574728,1859543 -3519404))
