4326;POLYGON((152.25 -27.25,152.75 -27.25,152.75 -27.75,152.25 -27.75,152.25 -27.25))
28348;POLYGON((5483152 5876455,5542185 5847018,5508740 5781425,5450374 5811030,5483152 5876455))
28349;POLYGON((4788542 6186908,4845474 6163830,4819229 6100305,4762826 6123556,4788542 6186908))
28350;POLYGON((4118088 6429680,4173094 6411692,4152616 6350197,4098037 6368347,4118088 6429680))
28351;POLYGON((3469193 6617721,3522520 6603891,3506754 6544224,3453781 6558194,3469193 6617721))
28352;POLYGON((2838616 6760478,2890551 6750131,2878732 6692002,2827099 6702463,2838616 6760478))
28353;POLYGON((2222764 6864732,2273614 6857387,2265198 6800468,2214613 6807897,2222764 6864732))
28354;POLYGON((1617879 6935198,1667960 6930531,1662576 6874475,1612735 6879197,1617879 6935198))
28355;POLYGON((1020148 6974943,1069779 6972754,1067196 6917210,1017792 6919425,1020148 6974943))
28356;POLYGON((425752 6985651,475251 6985849,475362 6930465,426087 6930265,425752 6985651))
28357;POLYGON((-169119 6967772,-119435 6970365,-116625 6914791,-166080 6912167,-169119 6967772))
28358;POLYGON((-768281 6920556,-718094 6925651,-712467 6869536,-762410 6864380,-768281 6920556))
3113;POLYGON((-24276 182886,25241 183084,25353 127679,-23941 127478,-24276 182886))
3111;POLYGON((3227244 3558383,3277292 3554432,3272727 3498484,3222974 3502412,3227244 3558383))
3107;POLYGON((2702761 2389613,2751678 2381619,2742610 2326925,2693946 2334877,2702761 2389613))
3308;POLYGON((9822013 5152591,9871681 5149974,9868621 5094431,9819219 5097034,9822013 5152591))
3112;POLYGON((1778963 -3217531,1827345 -3224705,1819210 -3278825,1771044 -3271683,1778963 -3217531))
3577;POLYGON((1972606 -3111528,2020888 -3119342,2011818 -3174696,1963752 -3166917,1972606 -3111528))
