4326;POLYGON((151.75 -40.0,152.25 -40.0,152.25 -40.5,151.75 -40.5,151.75 -40.0))
28348;POLYGON((4522641 4370613,4565142 4341233,4526569 4286350,4484671 4315617,4522641 4370613))
28349;POLYGON((4008015 4688451,4051146 4664310,4019406 4608440,3976806 4632531,4008015 4688451))
28350;POLYGON((3488748 4947589,3532091 4928060,3506376 4871820,3463503 4891337,3488748 4947589))
28351;POLYGON((2968666 5154898,3011977 5139456,2991607 5083203,2948715 5098654,2968666 5154898))
28352;POLYGON((2449846 5316032,2493005 5304251,2477429 5248163,2434648 5259961,2449846 5316032))
28353;POLYGON((1933133 5435454,1976108 5427007,1964897 5371139,1922270 5379604,1933133 5435454))
28354;POLYGON((1418540 5516495,1461352 5511146,1454197 5455478,1411712 5460842,1418540 5516495))
28355;POLYGON((905539 5561423,948248 5559021,944950 5503485,902558 5505894,905539 5561423))
28356;POLYGON((393298 5571494,435979 5571973,436449 5516475,394081 5515994,393298 5571494))
28357;POLYGON((-119145 5546989,-76410 5550362,-72161 5494801,-114577 5491419,-119145 5546989))
28358;POLYGON((-632721 5487223,-589859 5493585,-581713 5437872,-624241 5431495,-632721 5487223))
3113;POLYGON((-56742 -1231822,-14045 -1231343,-13575 -1286863,-55959 -1287343,-56742 -1231822))
3111;POLYGON((3076634 2146428,3119268 2143287,3115038 2087847,3072695 2090966,3076634 2146428))
3107;POLYGON((2435406 1000061,2477894 993319,2468994 938055,2426761 944756,2435406 1000061))
3308;POLYGON((9707979 3740622,9750890 3738567,9748082 3682745,9705439 3684787,9707979 3740622))
3112;POLYGON((1532175 -4605737,1575035 -4611918,1566878 -4667694,1524239 -4661545,1532175 -4605737))
3577;POLYGON((1705767 -4506193,1748593 -4512953,1739973 -4566878,1697358 -4560152,1705767 -4506193))
