4326;POLYGON((152.75 -10.5,153.25 -10.5,153.25 -11.0,152.75 -11.0,152.75 -10.5))
28348;POLYGON((6395087 8293200,6473589 8277494,6457167 8197730,6379062 8214095,6395087 8293200))
28349;POLYGON((5498662 8454708,5570412 8442962,5558130 8370208,5486671 8382458,5498662 8454708))
28350;POLYGON((4672926 8575785,4739459 8566968,4730238 8499573,4663923 8508774,4672926 8575785))
28351;POLYGON((3901575 8666542,3964114 8659953,3957217 8596639,3894847 8603520,3901575 8666542))
28352;POLYGON((3171536 8733835,3231068 8729000,3226000 8668753,3166603 8673805,3171536 8733835))
28353;POLYGON((2472108 8782266,2529453 8778868,2525882 8720855,2468651 8724406,2472108 8782266))
28354;POLYGON((1794279 8814863,1850138 8812699,1847850 8756211,1792091 8758473,1794279 8814863))
28355;POLYGON((1130181 8833527,1185176 8832474,1184041 8776880,1129138 8777981,1130181 8833527))
28356;POLYGON((472643 8839294,527356 8839294,527311 8784009,472688 8784009,472643 8839294))
28357;POLYGON((-185176 8832474,-130181 8833527,-129138 8777981,-184041 8776880,-185176 8832474))
28358;POLYGON((-850138 8812699,-794279 8814863,-792091 8758473,-847850 8756211,-850138 8812699))
3113;POLYGON((22633 2037251,77366 2037251,77321 1981945,22678 1981945,22633 2037251))
3111;POLYGON((3435866 5498028,3496098 5492955,3490821 5432218,3430908 5437265,3435866 5498028))
3107;POLYGON((3063035 4259549,3120602 4249868,3110700 4191809,3053401 4201446,3063035 4259549))
3308;POLYGON((9977068 7062689,10035876 7059308,10032323 6999988,9973799 7003353,9977068 7062689))
3112;POLYGON((2103293 -1388913,2158948 -1397392,2150279 -1453544,2094848 -1445099,2103293 -1388913))
3577;POLYGON((2320498 -1290926,2375903 -1300116,2366969 -1353328,2311773 -1344173,2320498 -1290926))
