4326;POLYGON((153.25 -32.25,153.75 -32.25,153.75 -32.75,153.25 -32.75,153.25 -32.25))
28348;POLYGON((5246264 5180319,5298735 5148666,5261023 5087496,5209236 5119174,5246264 5180319))
28349;POLYGON((4621393 5517670,4673087 5492362,4642897 5431786,4591767 5457164,4621393 5517670))
28350;POLYGON((4007146 5786314,4057891 5766251,4033927 5706643,3983652 5726794,4007146 5786314))
28351;POLYGON((3404551 5997728,3454325 5982067,3435592 5923532,3386216 5939282,3404551 5997728))
28352;POLYGON((2813163 6160643,2862047 6148747,2847790 6091229,2799251 6103203,2813163 6160643))
28353;POLYGON((2231563 6281567,2279702 6272969,2269365 6216312,2221532 6224974,2231563 6281567))
28354;POLYGON((1657720 6365187,1705301 6359557,1698491 6303554,1651191 6309227,1657720 6365187))
28355;POLYGON((1089244 6414661,1136474 6411790,1132939 6356201,1085974 6359096,1089244 6414661))
28356;POLYGON((523549 6431825,570649 6431606,570259 6376178,523419 6376399,523549 6431825))
28357;POLYGON((-42033 6417309,5159 6419734,7901 6364210,-39028 6361765,-42033 6417309))
28358;POLYGON((-610177 6370580,-562669 6375739,-556697 6319862,-603927 6314663,-610177 6370580))
3113;POLYGON((73558 -371155,120677 -371375,120287 -426824,73428 -426603,73558 -371155))
3111;POLYGON((3278967 2993676,3326048 2989461,3320944 2934088,3274154 2938277,3278967 2993676))
3107;POLYGON((2707498 1827775,2753814 1819766,2744262 1765281,2698198 1773247,2707498 1827775))
3308;POLYGON((9888156 4593201,9935145 4590273,9931568 4534988,9884843 4537899,9888156 4593201))
3112;POLYGON((1792053 -3773858,1838221 -3781080,1829610 -3835415,1783659 -3828227,1792053 -3773858))
3577;POLYGON((1976351 -3680043,2022408 -3687868,2012937 -3742960,1967096 -3735172,1976351 -3680043))
