4326;POLYGON((152.75 -10.75,153.25 -10.75,153.25 -11.25,152.75 -11.25,152.75 -10.75))
28348;POLYGON((6387160 8253612,6465466 8237574,6448694 8157961,6370793 8174651,6387160 8253612))
28349;POLYGON((5492732 8418561,5564338 8406562,5551789 8333901,5480480 8346400,5492732 8418561))
28350;POLYGON((4668474 8542266,4734900 8533256,4725474 8465918,4659271 8475310,4668474 8542266))
28351;POLYGON((3898249 8635023,3960704 8628288,3953653 8565008,3891370 8572034,3898249 8635023))
28352;POLYGON((3169097 8703816,3228563 8698872,3223381 8638644,3164053 8643803,3169097 8703816))
28353;POLYGON((2470399 8753334,2527688 8749859,2524036 8691856,2466863 8695483,2470399 8753334))
28354;POLYGON((1793198 8786667,1849007 8784454,1846666 8727969,1790959 8730280,1793198 8786667))
28355;POLYGON((1129666 8805754,1184615 8804677,1183453 8749083,1128598 8750208,1129666 8805754))
28356;POLYGON((472666 8811651,527333 8811651,527287 8756366,472712 8756366,472666 8811651))
28357;POLYGON((-184615 8804677,-129666 8805754,-128598 8750208,-183453 8749083,-184615 8804677))
28358;POLYGON((-849007 8784454,-793198 8786667,-790959 8730280,-846666 8727969,-849007 8784454))
3113;POLYGON((22655 2009598,77344 2009598,77298 1954291,22701 1954291,22655 2009598))
3111;POLYGON((3433385 5467619,3493457 5462559,3488190 5401932,3428436 5406965,3433385 5467619))
3107;POLYGON((3058214 4230476,3115647 4220817,3105760 4162845,3048595 4172459,3058214 4230476))
3308;POLYGON((9975432 7032998,10034098 7029624,10030551 6970398,9972168 6973755,9975432 7032998))
3112;POLYGON((2099068 -1417023,2154611 -1425485,2145951 -1481572,2090632 -1473144,2099068 -1417023))
3577;POLYGON((2316137 -1317535,2371439 -1326708,2362495 -1379977,2307403 -1370839,2316137 -1317535))
