4326;POLYGON((153.5 -30.75,154.0 -30.75,154.0 -31.25,153.5 -31.25,153.5 -30.75))
28348;POLYGON((5383090 5350796,5437672 5319000,5400371 5256398,5346485 5288257,5383090 5350796))
28349;POLYGON((4735397 5688638,4788830 5663360,4759141 5601748,4706274 5627127,4735397 5688638))
28350;POLYGON((4102236 5956342,4154431 5936388,4130967 5876055,4079240 5896120,4102236 5956342))
28351;POLYGON((3483757 6166261,3534758 6150730,3516470 6091710,3465862 6107346,3483757 6166261))
28352;POLYGON((2878805 6327677,2928746 6315897,2914848 6258073,2865244 6269944,2878805 6327677))
28353;POLYGON((2285381 6447440,2334451 6438920,2324369 6382091,2275596 6390683,2285381 6447440))
28354;POLYGON((1700974 6530448,1749397 6524845,1742727 6468762,1694575 6474416,1700974 6530448))
28355;POLYGON((1122783 6579993,1170799 6577087,1167283 6521479,1119521 6524412,1122783 6579993))
28356;POLYGON((547857 6597997,595716 6597676,595218 6542260,547608 6542583,547857 6597997))
28357;POLYGON((-26816 6585150,21137 6587403,23638 6531891,-24062 6529617,-26816 6585150))
28358;POLYGON((-604256 6540961,-555957 6545874,-550361 6489981,-598393 6485024,-604256 6540961))
3113;POLYGON((97876 -204919,145753 -205239,145255 -260678,97626 -260354,97876 -204919))
3111;POLYGON((3317405 3157979,3365349 3153560,3360089 3098086,3312437 3102478,3317405 3157979))
3107;POLYGON((2758936 1987296,2805990 1979046,2796313 1924590,2749511 1932796,2758936 1987296))
3308;POLYGON((9921989 4757685,9969766 4754594,9966054 4699293,9918543 4702368,9921989 4757685))
3112;POLYGON((1840604 -3614658,1887405 -3622074,1878708 -3676262,1832123 -3668880,1840604 -3614658))
3577;POLYGON((2027510 -3518384,2074199 -3526411,2064603 -3581588,2018129 -3573599,2027510 -3518384))
