4326;POLYGON((152.75 -16.25,153.25 -16.25,153.25 -16.75,152.75 -16.75,152.75 -16.25))
28348;POLYGON((6171298 7402958,6244373 7380447,6220496 7304761,6147971 7327776,6171298 7402958))
28349;POLYGON((5330244 7635961,5397987 7618917,5379901 7548717,5312569 7566166,5330244 7635961))
28350;POLYGON((4545877 7812606,4609380 7799682,4595659 7733862,4532469 7747107,4545877 7812606))
28351;POLYGON((3806295 7946207,3866471 7936471,3856126 7874099,3796197 7884085,3806295 7946207))
28352;POLYGON((3101495 8045943,3159117 8038756,3151469 7979039,3094049 7986414,3101495 8045943))
28353;POLYGON((2422925 8118078,2478659 8113008,2473247 8055258,2417684 8060464,2422925 8118078))
28354;POLYGON((1763104 8166797,1817541 8163558,1814063 8107166,1759777 8110493,1763104 8166797))
28355;POLYGON((1115308 8194749,1168986 8193171,1167257 8137582,1113719 8139204,1115308 8194749))
28356;POLYGON((473285 8203394,526714 8203394,526645 8148084,473354 8148084,473285 8203394))
28357;POLYGON((-168986 8193171,-115308 8194749,-113719 8139204,-167257 8137582,-168986 8193171))
28358;POLYGON((-817541 8163558,-763104 8166797,-759777 8110493,-814063 8107166,-817541 8163558))
3113;POLYGON((23275 1401104,76724 1401104,76656 1345772,23343 1345772,23275 1401104))
3111;POLYGON((3379852 4811479,3436478 4806709,3431394 4748186,3375075 4752930,3379852 4811479))
3107;POLYGON((2953828 3600872,3008348 3591703,2998736 3535349,2944477 3544474,2953828 3600872))
3308;POLYGON((9940038 6390605,9995629 6387409,9992187 6329937,9936870 6333118,9940038 6390605))
3112;POLYGON((2007220 -2028059,2060332 -2036151,2051852 -2091073,1998959 -2083015,2007220 -2028059))
3577;POLYGON((2219124 -1909579,2272108 -1918368,2262985 -1972713,2210213 -1963960,2219124 -1909579))
