4326;POLYGON((153.5 -15.0,154.0 -15.0,154.0 -15.5,153.5 -15.5,153.5 -15.0))
28348;POLYGON((6338839 7560616,6414049 7538664,6390871 7461160,6316205 7483668,6338839 7560616))
28349;POLYGON((5475638 7787376,5545007 7770816,5527518 7699335,5458551 7716336,5475638 7787376))
28350;POLYGON((4674293 7958758,4739050 7946232,4725814 7879508,4661362 7892380,4674293 7958758))
28351;POLYGON((3921540 8088181,3982694 8078751,3972723 8015745,3911806 8025444,3921540 8088181))
28352;POLYGON((3206400 8184862,3264794 8177887,3257408 8117736,3199206 8124914,3206400 8184862))
28353;POLYGON((2519621 8255079,2575971 8250125,2570711 8192091,2514523 8197192,2519621 8255079))
28354;POLYGON((1853222 8303021,1908154 8299803,1904719 8243244,1849928 8246559,1853222 8303021))
28355;POLYGON((1200108 8331363,1254189 8329706,1252391 8274043,1198441 8275750,1200108 8331363))
28356;POLYGON((553754 8341613,607512 8341431,607258 8286120,553627 8286308,553754 8341613))
28357;POLYGON((-92084 8334302,-38133 8335585,-36856 8280099,-90677 8278777,-92084 8334302))
28358;POLYGON((-743628 8309052,-688960 8311867,-686086 8255669,-740616 8252770,-743628 8309052))
3113;POLYGON((103775 1539377,157554 1539194,157300 1483862,103648 1484050,103775 1539377))
3111;POLYGON((3477944 4951229,3535303 4945942,3529717 4887034,3472667 4892292,3477944 4951229))
3107;POLYGON((3060043 3728410,3115152 3718748,3105093 3662142,3050246 3671758,3060043 3728410))
3308;POLYGON((10032407 6529978,10088665 6526338,10084787 6468542,10028805 6472164,10032407 6529978))
3112;POLYGON((2108406 -1902633,2162017 -1911128,2153174 -1966218,2099783 -1957758,2108406 -1902633))
3577;POLYGON((2321600 -1787392,2375062 -1796582,2365656 -1850660,2312406 -1841505,2321600 -1787392))
