4326;POLYGON((153.0 -21.75,153.5 -21.75,153.5 -22.25,153.0 -22.25,153.0 -21.75))
28348;POLYGON((5918110 6584965,5984789 6557449,5954771 6486381,5888742 6514232,5918110 6584965))
28349;POLYGON((5143002 6872208,5205927 6851040,5182818 6783772,5120391 6805233,5143002 6872208))
28350;POLYGON((4408879 7093144,4468668 7076880,4450899 7012879,4391500 7029389,4408879 7093144))
28351;POLYGON((3708625 7262229,3765850 7249846,3752307 7188555,3695394 7201139,3708625 7262229))
28352;POLYGON((3035642 7389679,3090834 7380457,3080731 7321334,3025798 7330712,3035642 7389679))
28353;POLYGON((2383819 7482628,2437470 7476068,2430263 7418598,2376834 7425272,2383819 7482628))
28354;POLYGON((1747467 7545941,1800038 7541710,1795360 7485405,1742989 7489712,1747467 7545941))
28355;POLYGON((1121233 7582760,1173159 7580652,1170786 7525051,1119046 7527196,1121233 7582760))
28356;POLYGON((500000 7594844,551700 7594760,551519 7539416,500000 7539501,500000 7594844))
28357;POLYGON((-121233 7582760,-69342 7584696,-67339 7529168,-119046 7527196,-121233 7582760))
28358;POLYGON((-747467 7545941,-694966 7549989,-690685 7493832,-742989 7489712,-747467 7545941))
3113;POLYGON((50000 792316,101721 792232,101540 736866,50000 736951,50000 792316))
3111;POLYGON((3354626 4173483,3407903 4168854,3402804 4111898,3349827 4116501,3354626 4173483))
3107;POLYGON((2877800 2982127,2929458 2973317,2919906 2918083,2868504 2926849,2877800 2982127))
3308;POLYGON((9931858 5763344,9984448 5760194,9980944 5703953,9928624 5707087,9931858 5763344))
3112;POLYGON((1942283 -2632642,1992991 -2640471,1984506 -2694713,1934015 -2686917,1942283 -2632642))
3577;POLYGON((2145786 -2515820,2196398 -2524317,2187049 -2579347,2136652 -2570886,2145786 -2515820))
