4326;POLYGON((152.75 -23.75,153.25 -23.75,153.25 -24.25,152.75 -24.25,152.75 -23.75))
28348;POLYGON((5766020 6318909,5829929 6290452,5798467 6221405,5735220 6250134,5766020 6318909))
28349;POLYGON((5019888 6617055,5080668 6595016,5056283 6529114,4996016 6551402,5019888 6617055))
28350;POLYGON((4308420 6847731,4366516 6830711,4347667 6767617,4289977 6784853,4308420 6847731))
28351;POLYGON((3626247 7025036,3682107 7012031,3667687 6951324,3612158 6964508,3626247 7025036))
28352;POLYGON((2968054 7159036,3022115 7149333,3011338 7090567,2957553 7100411,2968054 7159036))
28353;POLYGON((2328674 7256829,2381360 7249931,2373674 7192659,2321227 7199661,2328674 7256829))
28354;POLYGON((1703131 7323288,1754849 7318860,1749884 7262645,1698380 7267143,1703131 7323288))
28355;POLYGON((1086632 7361569,1137776 7359404,1135300 7303824,1084357 7306024,1086632 7361569))
28356;POLYGON((474523 7373429,525476 7373429,525378 7318071,474621 7318071,474523 7373429))
28357;POLYGON((-137776 7359404,-86632 7361569,-84357 7306024,-135300 7303824,-137776 7359404))
28358;POLYGON((-754849 7318860,-703131 7323288,-698380 7267143,-749884 7262645,-754849 7318860))
3113;POLYGON((24513 570815,75486 570815,75388 515436,24611 515436,24513 570815))
3111;POLYGON((3309434 3948392,3361529 3944004,3356618 3887472,3304820 3891835,3309434 3948392))
3107;POLYGON((2815355 2765681,2866011 2757162,2856634 2702182,2806232 2710658,2815355 2765681))
3308;POLYGON((9893185 5540267,9944708 5537305,9941358 5481375,9890103 5484323,9893185 5540267))
3112;POLYGON((1884305 -2845771,1934164 -2853367,1925806 -2907506,1876162 -2899943,1884305 -2845771))
3577;POLYGON((2084322 -2732227,2134088 -2740482,2124821 -2795681,2075271 -2787462,2084322 -2732227))
