4326;POLYGON((153.25 -37.75,153.75 -37.75,153.75 -38.25,153.25 -38.25,153.25 -37.75))
28348;POLYGON((4827333 4531786,4872449 4500484,4832628 4444161,4788157 4475368,4827333 4531786))
28349;POLYGON((4282853 4869349,4328364 4843771,4295779 4786709,4250824 4812258,4282853 4869349))
28350;POLYGON((3736523 5143449,3782017 5122814,3755691 5065648,3710679 5086293,3736523 5143449))
28351;POLYGON((3192007 5362539,3237261 5346206,3216389 5289278,3171560 5305640,3192007 5362539))
28352;POLYGON((2651101 5533429,2696020 5520890,2679963 5464347,2635421 5476920,2651101 5533429))
28353;POLYGON((2114293 5661440,2158875 5652305,2147139 5596165,2102899 5605332,2114293 5661440))
28354;POLYGON((1581196 5750544,1625500 5744530,1617725 5688731,1573740 5694768,1581196 5750544))
28355;POLYGON((1050865 5803486,1094984 5800409,1090934 5744840,1047119 5747930,1050865 5803486))
28356;POLYGON((522023 5821892,566071 5821657,565624 5766180,521874 5766416,522023 5821892))
28357;POLYGON((-6757 5806325,37340 5808924,40482 5753392,-3314 5750781,-6757 5806325))
28358;POLYGON((-536913 5756307,-492647 5761821,-485822 5706091,-529772 5700555,-536913 5756307))
3113;POLYGON((72032 -981326,116097 -981561,115649 -1037060,71883 -1036824,72032 -981326))
3111;POLYGON((3226112 2385289,3269999 2381360,3264905 2326096,3221309 2329999,3226112 2385289))
3107;POLYGON((2604979 1226693,2648515 1219164,2638901 1164329,2595619 1171814,2604979 1226693))
3308;POLYGON((9851675 3984176,9895750 3981430,9892157 3925907,9848348 3928637,9851675 3984176))
3112;POLYGON((1699160 -4375543,1742935 -4382391,1734194 -4437555,1690639 -4430741,1699160 -4375543))
3577;POLYGON((1875092 -4283192,1918789 -4290616,1909450 -4344941,1865965 -4337553,1875092 -4283192))
