4326;POLYGON((153.25 -33.0,153.75 -33.0,153.75 -33.5,153.25 -33.5,153.25 -33.0))
28348;POLYGON((5190633 5088770,5242078 5057083,5204017 4996602,5153253 5028297,5190633 5088770))
28349;POLYGON((4576860 5427031,4627709 5401620,4597149 5341534,4546864 5367001,4576860 5427031))
28350;POLYGON((3971818 5697115,4021857 5676923,3997541 5617649,3947975 5637919,3971818 5697115))
28351;POLYGON((3376972 5910111,3426147 5894319,3407102 5836002,3358330 5851874,3376972 5910111))
28352;POLYGON((2792231 6074514,2840596 6062502,2826081 6005114,2778066 6017199,2792231 6074514))
28353;POLYGON((2216468 6196693,2264146 6188001,2253610 6131413,2206244 6140163,2216468 6196693))
28354;POLYGON((1647893 6281254,1695052 6275559,1688106 6219582,1641234 6225318,1647893 6281254))
28355;POLYGON((1084322 6331313,1131153 6328407,1127546 6272820,1080986 6275749,1084322 6331313))
28356;POLYGON((523353 6348685,570062 6348463,569664 6293029,523221 6293252,523353 6348685))
28357;POLYGON((-37510 6333993,9285 6336447,12083 6280921,-34443 6278449,-37510 6333993))
28358;POLYGON((-600770 6286710,-553680 6291929,-547588 6236071,-594395 6230814,-600770 6286710))
3113;POLYGON((73363 -454328,120090 -454550,119691 -510006,73230 -509782,73363 -454328))
3111;POLYGON((3271749 2910590,3318394 2906414,3313294 2851085,3266940 2855235,3271749 2910590))
3107;POLYGON((2693547 1745980,2739485 1738035,2729930 1683534,2684244 1691435,2693547 1745980))
3308;POLYGON((9883187 4510249,9929779 4507346,9926202 4452060,9879874 4454946,9883187 4510249))
3112;POLYGON((1779459 -3855431,1825302 -3862602,1816680 -3917017,1771053 -3909880,1779459 -3855431))
3577;POLYGON((1962471 -3762720,2008205 -3770490,1998746 -3825513,1953227 -3817780,1962471 -3762720))
