4326;POLYGON((153.0 -36.75,153.5 -36.75,153.5 -37.25,153.0 -37.25,153.0 -36.75))
28348;POLYGON((4881984 4661390,4928422 4630190,4889241 4572985,4843452 4604113,4881984 4661390))
28349;POLYGON((4323021 4997075,4369648 4971691,4337726 4913999,4291655 4939373,4323021 4997075))
28350;POLYGON((3764405 5268553,3810851 5248151,3785159 5190557,3739191 5210984,3764405 5268553))
28351;POLYGON((3209330 5484764,3255407 5468673,3235110 5411472,3189450 5427603,3209330 5484764))
28352;POLYGON((2659184 5652822,2704831 5640512,2689271 5583811,2643994 5596163,2659184 5652822))
28353;POLYGON((2114106 5778223,2159349 5769294,2148025 5713077,2103118 5722043,2114106 5778223))
28354;POLYGON((1573409 5865032,1618327 5859196,1610878 5803373,1566271 5809236,1573409 5865032))
28355;POLYGON((1035878 5916036,1080587 5913107,1076777 5857541,1032364 5860486,1035878 5916036))
28356;POLYGON((500000 5932860,544633 5932743,544342 5877276,500000 5877393,500000 5932860))
28357;POLYGON((-35878 5916036,8818 5918729,12036 5863192,-32364 5860486,-35878 5916036))
28358;POLYGON((-573409 5865032,-528513 5870620,-521684 5814850,-566271 5809236,-573409 5865032))
3113;POLYGON((50000 -870315,94650 -870432,94359 -925921,50000 -925803,50000 -870315))
3111;POLYGON((3213476 2497744,3257953 2493880,3253006 2438620,3208819 2442459,3213476 2497744))
3107;POLYGON((2601638 1340025,2645698 1332511,2636229 1277757,2592422 1285229,2601638 1340025))
3308;POLYGON((9836013 4096437,9880625 4093765,9877171 4038317,9832824 4040973,9836013 4096437))
3112;POLYGON((1694042 -4262048,1738269 -4268876,1729667 -4323864,1685660 -4317069,1694042 -4262048))
3577;POLYGON((1871319 -4170503,1915458 -4177913,1906193 -4232444,1862268 -4225069,1871319 -4170503))
