4326;POLYGON((152.75 -34.75,153.25 -34.75,153.25 -35.25,152.75 -35.25,152.75 -34.75))
28348;POLYGON((5009769 4910155,5058844 4879043,5020718 4820105,4972303 4851190,5009769 4910155))
28349;POLYGON((4422000 5243409,4470842 5218303,4440036 5159372,4391749 5184505,4422000 5243409))
28350;POLYGON((3839052 5510912,3887380 5490873,3862757 5432432,3814901 5452524,3839052 5510912))
28351;POLYGON((3263148 5722608,3310849 5706896,3291513 5649151,3244219 5664923,3263148 5722608))
28352;POLYGON((2694851 5886231,2741927 5874278,2727185 5817257,2680467 5829268,2694851 5886231))
28353;POLYGON((2133598 6007651,2180128 5999031,2169462 5942655,2123253 5951323,2133598 6007651))
28354;POLYGON((1578095 6091140,1624207 6085553,1617248 6029676,1571431 6035297,1578095 6091140))
28355;POLYGON((1026599 6139588,1072451 6136841,1068961 6081280,1023391 6084044,1026599 6139588))
28356;POLYGON((477117 6154651,522882 6154651,522743 6099203,477256 6099203,477117 6154651))
28357;POLYGON((-72451 6136841,-26599 6139588,-23391 6084044,-68961 6081280,-72451 6136841))
28358;POLYGON((-624207 6085553,-578095 6091140,-571431 6035297,-617248 6029676,-624207 6085553))
3113;POLYGON((27108 -648437,72891 -648437,72752 -703907,27247 -703907,27108 -648437))
3111;POLYGON((3209277 2720792,3254926 2716947,3250123 2661659,3204764 2665480,3209277 2720792))
3107;POLYGON((2615882 1562573,2660972 1554990,2651656 1500368,2606819 1507908,2615882 1562573))
3308;POLYGON((9825911 4319278,9871590 4316651,9868275 4261307,9822861 4263918,9825911 4319278))
3112;POLYGON((1704884 -4039397,1749996 -4046270,1741555 -4100945,1696660 -4094106,1704884 -4039397))
3577;POLYGON((1885147 -3947728,1930157 -3955194,1920948 -4010051,1876152 -4002621,1885147 -3947728))
