4326;POLYGON((152.75 -39.5,153.25 -39.5,153.25 -40.0,152.75 -40.0,152.75 -39.5))
28348;POLYGON((4646615 4366525,4689576 4336083,4649905 4281062,4607565 4311384,4646615 4366525))
28349;POLYGON((4126351 4695859,4169956 4670840,4137304 4614790,4094243 4639758,4126351 4695859))
28350;POLYGON((3601440 4964597,3645248 4944329,3618756 4887911,3575428 4908169,3601440 4964597))
28351;POLYGON((3075924 5180087,3119677 5164007,3098625 5107600,3055297 5123691,3075924 5180087))
28352;POLYGON((2551996 5348368,2595567 5336023,2579369 5279814,2536180 5292179,2551996 5348368))
28353;POLYGON((2030548 5474221,2073902 5465258,2062102 5409308,2019097 5418292,2030548 5474221))
28354;POLYGON((1511584 5561242,1554747 5555406,1547011 5499691,1504175 5505545,1511584 5561242))
28355;POLYGON((994538 5611921,1037573 5609044,1033682 5553491,990962 5556378,994538 5611921))
28356;POLYGON((478505 5627705,521494 5627705,521339 5572212,478660 5572212,478505 5627705))
28357;POLYGON((-37573 5609044,5461 5611921,9037 5556378,-33682 5553491,-37573 5609044))
28358;POLYGON((-554747 5555406,-511584 5561242,-504175 5505545,-547011 5499691,-554747 5555406))
3113;POLYGON((28496 -1175589,71503 -1175589,71348 -1231103,28651 -1231103,28496 -1175589))
3111;POLYGON((3166404 2195310,3209294 2191697,3204484 2136335,3161885 2139923,3166404 2195310))
3107;POLYGON((2529494 1041528,2572174 1034351,2562775 979246,2520351 986381,2529494 1041528))
3308;POLYGON((9796862 3792049,9840018 3789568,9836680 3733840,9793790 3736306,9796862 3792049))
3112;POLYGON((1626231 -4562649,1669262 -4569205,1660680 -4624792,1617870 -4618270,1626231 -4562649))
3577;POLYGON((1800243 -4465867,1843227 -4472997,1834164 -4526975,1791392 -4519880,1800243 -4465867))
