4326;POLYGON((153.5 -38.25,154.0 -38.25,154.0 -38.75,153.5 -38.75,153.5 -38.25))
28348;POLYGON((4810400 4459828,4854838 4428367,4814550 4372514,4770755 4403866,4810400 4459828))
28349;POLYGON((4273304 4799538,4318248 4773769,4285201 4717034,4240814 4742765,4273304 4799538))
28350;POLYGON((3733184 5076018,3778199 5055182,3751439 4998234,3706910 5019072,3733184 5076018))
28351;POLYGON((3193972 5297501,3238812 5280972,3217549 5224179,3173136 5240731,3193972 5297501))
28352;POLYGON((2657688 5470671,2702243 5457948,2685843 5401479,2641669 5414232,2657688 5470671))
28353;POLYGON((2125016 5600782,2169268 5591480,2157238 5535373,2113332 5544705,2125016 5600782))
28354;POLYGON((1595730 5691781,1639725 5685617,1631706 5629826,1588033 5636012,1595730 5691781))
28355;POLYGON((1069025 5746415,1112846 5743204,1108598 5687630,1065085 5690854,1069025 5746415))
28356;POLYGON((543749 5766328,587499 5765973,586896 5710490,543447 5710846,543749 5766328))
28357;POLYGON((18584 5752116,62377 5754607,65401 5699079,21914 5696578,18584 5752116))
28358;POLYGON((-507795 5703354,-463853 5708766,-457112 5653060,-500736 5647628,-507795 5703354))
3113;POLYGON((93766 -1036912,137533 -1037267,136930 -1092771,93464 -1092415,93766 -1036912))
3111;POLYGON((3243109 2328076,3286695 2324059,3281455 2268793,3238159 2272784,3243109 2328076))
3107;POLYGON((2617264 1168097,2660529 1160512,2650777 1105640,2607767 1113181,2617264 1168097))
3308;POLYGON((9870254 3927298,9914057 3924464,9910328 3868902,9866791 3871719,9870254 3927298))
3112;POLYGON((1712420 -4434126,1755961 -4441026,1747093 -4496277,1703772 -4489412,1712420 -4434126))
3577;POLYGON((1887711 -4341226,1931182 -4348699,1921754 -4402904,1878496 -4395467,1887711 -4341226))
