4326;POLYGON((153.5 -23.0,154.0 -23.0,154.0 -23.5,153.5 -23.5,153.5 -23.0))
28348;POLYGON((5908880 6380657,5974229 6351714,5942399 6281522,5877728 6310763,5908880 6380657))
28349;POLYGON((5147416 6683446,5209348 6661090,5184743 6594325,5123333 6616950,5147416 6683446))
28350;POLYGON((4423632 6917245,4482657 6900004,4463665 6836266,4405051 6853739,4423632 6917245))
28351;POLYGON((3731497 7096846,3788109 7083669,3773579 7022492,3717297 7035861,3731497 7096846))
28352;POLYGON((3065192 7232780,3119868 7222922,3108979 7163824,3054578 7173834,3065192 7232780))
28353;POLYGON((2419169 7332458,2472360 7325399,2464541 7267905,2411587 7275077,2419169 7332458))
28354;POLYGON((1788158 7400973,1840293 7396363,1835157 7340016,1783232 7344702,1788158 7400973))
28355;POLYGON((1167130 7441650,1218620 7439269,1215923 7383630,1164629 7386051,1167130 7441650))
28356;POLYGON((551241 7456392,602485 7456130,602103 7400773,551050 7401039,551241 7456392))
28357;POLYGON((-64254 7445876,-12862 7447721,-10946 7392223,-62143 7390347,-64254 7445876))
28358;POLYGON((-684093 7409618,-632157 7413656,-627854 7357593,-679584 7353489,-684093 7409618))
3113;POLYGON((101261 653811,152525 653549,152143 598169,101070 598436,101261 653811))
3111;POLYGON((3395175 4026680,3447679 4021840,3442308 3965193,3390101 3970005,3395175 4026680))
3107;POLYGON((2905601 2835371,2956579 2826433,2946803 2771424,2896080 2780317,2905601 2835371))
3308;POLYGON((9975698 5619752,10027600 5616394,10023841 5560378,9972207 5563719,9975698 5619752))
3112;POLYGON((1971789 -2776010,2021926 -2783954,2013238 -2838080,1963317 -2830170,1971789 -2776010))
3577;POLYGON((2173011 -2661972,2223052 -2670574,2213469 -2725669,2163645 -2717103,2173011 -2661972))
