4326;POLYGON((152.75 -17.0,153.25 -17.0,153.25 -17.5,152.75 -17.5,152.75 -17.0))
28348;POLYGON((6136092 7290331,6208338 7267070,6183588 7191997,6111909 7215741,6136092 7290331))
28349;POLYGON((5303560 7531362,5370682 7513714,5351898 7443904,5285199 7461942,5303560 7531362))
28350;POLYGON((4525630 7714415,4588659 7701013,4574384 7635436,4511680 7649150,4525630 7714415))
28351;POLYGON((3791042 7853058,3850845 7842950,3840069 7780725,3780523 7791077,3791042 7853058))
28352;POLYGON((3090245 7956670,3147563 7949201,3139589 7889566,3082481 7897220,3090245 7956670))
28353;POLYGON((2415006 8031666,2470482 8026393,2464836 7968684,2409538 7974090,2415006 8031666))
28354;POLYGON((1758077 8082344,1812285 8078974,1808655 8022598,1754604 8026054,1758077 8082344))
28355;POLYGON((1112907 8111431,1166373 8109788,1164568 8054200,1111248 8055885,1112907 8111431))
28356;POLYGON((473389 8120427,526610 8120427,526539 8065113,473460 8065113,473389 8120427))
28357;POLYGON((-166373 8109788,-112907 8111431,-111248 8055885,-164568 8054200,-166373 8109788))
28358;POLYGON((-812285 8078974,-758077 8082344,-754604 8026054,-808655 8022598,-812285 8078974))
3113;POLYGON((23378 1318105,76621 1318105,76549 1262769,23450 1262769,23378 1318105))
3111;POLYGON((3372691 4723717,3428857 4718986,3423794 4660706,3367934 4665411,3372691 4723717))
3107;POLYGON((2939809 3516320,2993938 3507217,2984357 3451042,2930488 3460102,2939809 3516320))
3308;POLYGON((9935289 6304424,9990468 6301251,9987038 6243976,9932133 6247133,9935289 6304424))
3112;POLYGON((1994833 -2110462,2047618 -2118504,2039157 -2173306,1986591 -2165298,1994833 -2110462))
3577;POLYGON((2205752 -1991180,2258418 -1999916,2249274 -2054380,2196822 -2045680,2205752 -1991180))
