4326;POLYGON((153.25 -21.5,153.75 -21.5,153.75 -22.0,153.25 -22.0,153.25 -21.5))
28348;POLYGON((5966077 6606904,6033252 6579259,6003141 6507785,5936620 6535775,5966077 6606904))
28349;POLYGON((5185709 6895354,5249027 6874105,5225867 6806534,5163049 6828084,5185709 6895354))
28350;POLYGON((4447407 7117067,4507509 7100750,4489710 7036524,4429998 7053094,4447407 7117067))
28351;POLYGON((3743808 7286713,3801285 7274288,3787718 7212834,3730553 7225464,3743808 7286713))
28352;POLYGON((3068129 7414645,3123525 7405384,3113395 7346146,3058258 7355567,3068129 7414645))
28353;POLYGON((2414123 7508093,2467940 7501490,2460697 7443942,2407102 7450663,2414123 7508093))
28354;POLYGON((1775995 7571987,1828701 7567703,1823974 7511352,1771467 7515714,1775995 7571987))
28355;POLYGON((1148313 7609519,1200349 7607346,1197909 7551723,1146058 7553936,1148313 7609519))
28356;POLYGON((525894 7622493,577685 7622328,577417 7566983,525805 7567151,525894 7622493))
28357;POLYGON((-96314 7611522,-44349 7613356,-42459 7557845,-94242 7555977,-96314 7611522))
28358;POLYGON((-723362 7576088,-670799 7580008,-666661 7523882,-719030 7519890,-723362 7576088))
3113;POLYGON((75904 819976,127716 819811,127447 764444,75815 764613,75904 819976))
3111;POLYGON((3383746 4199733,3437160 4194951,3431906 4137949,3378792 4142704,3383746 4199733))
3107;POLYGON((2908351 3005410,2960116 2996457,2950429 2941206,2898920 2950114,2908351 3005410))
3308;POLYGON((9959842 5789958,10012558 5786674,10008917 5730397,9956470 5733665,9959842 5789958))
3112;POLYGON((1971832 -2609387,2022631 -2617333,2014035 -2671578,1963452 -2663665,1971832 -2609387))
3577;POLYGON((2175714 -2492537,2226418 -2501152,2216965 -2556140,2166476 -2547562,2175714 -2492537))
