4326;POLYGON((153.5 -33.0,154.0 -33.0,154.0 -33.5,153.5 -33.5,153.5 -33.0))
28348;POLYGON((5216351 5072999,5267813 5041023,5229408 4980540,5178632 5012520,5216351 5072999))
28349;POLYGON((4602277 5414385,4653156 5388736,4622310 5328622,4572000 5354326,4602277 5414385))
28350;POLYGON((3996828 5687069,4046903 5666677,4022348 5607365,3972750 5627834,3996828 5687069))
28351;POLYGON((3401550 5902258,3450761 5886296,3431513 5827939,3382708 5843981,3401550 5902258))
28352;POLYGON((2816406 6068545,2864802 6056385,2850110 5998961,2802066 6011193,2816406 6068545))
28353;POLYGON((2240301 6192380,2288004 6183557,2277311 6126939,2229921 6135821,2240301 6192380))
28354;POLYGON((1671468 6278436,1718644 6272621,1711555 6216623,1664665 6222480,1671468 6278436))
28355;POLYGON((1107735 6329888,1154576 6326869,1150833 6271271,1104264 6274313,1107735 6329888))
28356;POLYGON((546708 6348602,593417 6348269,592887 6292833,546442 6293168,546708 6348602))
28357;POLYGON((-14110 6335248,32678 6337590,35341 6282073,-11178 6279713,-14110 6335248))
28358;POLYGON((-577221 6289349,-530148 6294449,-524196 6238610,-570987 6233473,-577221 6289349))
3113;POLYGON((96726 -454411,143454 -454744,142923 -510202,96461 -509866,96726 -454411))
3111;POLYGON((3295074 2908532,3341708 2904234,3336463 2848919,3290120 2853191,3295074 2908532))
3107;POLYGON((2716521 1742034,2762440 1733983,2752759 1679504,2707091 1687511,2716521 1742034))
3308;POLYGON((9906485 4508826,9953070 4505811,9949360 4450533,9903040 4453531,9906485 4508826))
3112;POLYGON((1802384 -3858994,1848213 -3866256,1839482 -3920654,1793870 -3913426,1802384 -3858994))
3577;POLYGON((1985342 -3766582,2031060 -3774442,2021494 -3829447,1975990 -3821624,1985342 -3766582))
