4326;POLYGON((153.5 -32.0,154.0 -32.0,154.0 -32.5,153.5 -32.5,153.5 -32.0))
28348;POLYGON((5291086 5195316,5343929 5163387,5305990 5101971,5253839 5133929,5291086 5195316))
28349;POLYGON((4662089 5535467,4714105 5509958,4683756 5449181,4632309 5474765,4662089 5535467))
28350;POLYGON((4044282 5806197,4095304 5785981,4071223 5726215,4020674 5746523,4044282 5806197))
28351;POLYGON((3438616 6019238,3488630 6003454,3469801 5944801,3420188 5960677,3438616 6019238))
28352;POLYGON((2844574 6183503,2893665 6171502,2879321 6113899,2830576 6125982,2844574 6183503))
28353;POLYGON((2260668 6305630,2308988 6296934,2298563 6240222,2250550 6248983,2260668 6305630))
28354;POLYGON((1684807 6390399,1732546 6384674,1725642 6328638,1678182 6334409,1684807 6390399))
28355;POLYGON((1114540 6441043,1161912 6438071,1158269 6382469,1111161 6385465,1114540 6441043))
28356;POLYGON((547227 6459455,594457 6459127,593941 6403700,546969 6404030,547227 6459455))
28357;POLYGON((-19856 6446317,27458 6448621,30050 6393106,-17003 6390783,-19856 6446317))
28358;POLYGON((-589443 6401143,-541817 6406164,-536021 6350300,-583373 6345239,-589443 6401143))
3113;POLYGON((97246 -343515,144494 -343843,143977 -399291,96988 -398961,97246 -343515))
3111;POLYGON((3304991 3019305,3352206 3014953,3346955 2959577,3300031 2963902,3304991 3019305))
3107;POLYGON((2735373 1851048,2781797 1842909,2772119 1788450,2725948 1796545,2735373 1851048))
3308;POLYGON((9913375 4619413,9960489 4616364,9956780 4561087,9909930 4564118,9913375 4619413))
3112;POLYGON((1819388 -3750288,1865650 -3757619,1856936 -3811912,1810890 -3804616,1819388 -3750288))
3577;POLYGON((2004068 -3656363,2050218 -3664297,2040635 -3719390,1994701 -3711493,2004068 -3656363))
