4326;POLYGON((153.5 -43.75,154.0 -43.75,154.0 -44.25,153.5 -44.25,153.5 -43.75))
28348;POLYGON((4367583 3865716,4405228 3835909,4363778 3784327,4326717 3813940,4367583 3865716))
28349;POLYGON((3906898 4191249,3945822 4166318,3911098 4112850,3872707 4137663,3906898 4191249))
28350;POLYGON((3434531 4461237,3474202 4440730,3445596 4386150,3406409 4406590,3434531 4461237))
28351;POLYGON((2955637 4680855,2995703 4664362,2972656 4609181,2933030 4625641,2955637 4680855))
28352;POLYGON((2473534 4854672,2513776 4841838,2495804 4786376,2455965 4799196,2473534 4854672))
28353;POLYGON((1990203 4986500,2030498 4977040,2017206 4921480,1977286 4930937,1990203 4986500))
28354;POLYGON((1506681 5079332,1546969 5073027,1538056 5017460,1498123 5023765,1506681 5079332))
28355;POLYGON((1023363 5135319,1063630 5132023,1058892 5076475,1018967 5079773,1023363 5135319))
28356;POLYGON((540255 5155772,580510 5155407,579836 5099873,539918 5100238,540255 5155772))
28357;POLYGON((57165 5141172,97427 5143730,100802 5088189,60880 5085629,57165 5141172))
28358;POLYGON((-426110 5091176,-385827 5096718,-378324 5041155,-418256 5035612,-426110 5091176))
3113;POLYGON((90270 -1647707,130541 -1648071,129867 -1703627,89933 -1703262,90270 -1647707))
3111;POLYGON((3188498 1718050,3228880 1714328,3223596 1658601,3183506 1662296,3188498 1718050))
3107;POLYGON((2512057 559751,2552507 552659,2542585 496824,2502393 503870,2512057 559751))
3308;POLYGON((9831934 3312238,9872793 3309595,9869008 3253187,9828419 3255813,9831934 3312238))
3112;POLYGON((1616210 -5049183,1657305 -5055695,1648195 -5112452,1607326 -5105975,1616210 -5049183))
3577;POLYGON((1787517 -4930961,1828681 -4938038,1819517 -4990723,1778560 -4983682,1787517 -4930961))
