4326;POLYGON((153.25 -23.5,153.75 -23.5,153.75 -24.0,153.25 -24.0,153.25 -23.5))
28348;POLYGON((5845501 6325150,5910027 6296221,5878102 6226660,5814251 6255870,5845501 6325150))
28349;POLYGON((5092722 6628082,5154006 6605698,5129284 6539385,5068521 6562026,5092722 6628082))
28350;POLYGON((4375824 6862333,4434331 6845050,4415226 6781633,4357130 6799139,4375824 6862333))
28351;POLYGON((3689221 7042431,3745416 7029215,3730790 6968262,3674929 6981662,3689221 7042431))
28352;POLYGON((3027429 7178743,3081761 7168861,3070806 7109913,3016751 7119941,3027429 7178743))
28353;POLYGON((2385147 7278580,2438051 7271518,2430200 7214119,2377535 7221290,2385147 7278580))
28354;POLYGON((1757296 7346972,1809186 7342384,1804055 7286090,1752379 7290751,1757296 7346972))
28355;POLYGON((1138996 7387193,1190272 7384864,1187620 7329247,1136544 7331614,1138996 7387193))
28356;POLYGON((525525 7401106,576576 7400928,576284 7345570,525427 7345750,525525 7401106))
28357;POLYGON((-87753 7389341,-36541 7391308,-34486 7335794,-85500 7333796,-87753 7389341))
28358;POLYGON((-705472 7351365,-653712 7355565,-649218 7299480,-700767 7295214,-705472 7351365))
3113;POLYGON((75535 598503,126606 598325,126314 542945,75437 543126,75535 598503))
3111;POLYGON((3363988 3972308,3416208 3967633,3410995 3911077,3359072 3915725,3363988 3972308))
3107;POLYGON((2870704 2784675,2921447 2775899,2911810 2720932,2861321 2729664,2870704 2784675))
3308;POLYGON((9946384 5565297,9998026 5562079,9994406 5506130,9943032 5509331,9946384 5565297))
3112;POLYGON((1938345 -2826289,1988282 -2834100,1979706 -2888217,1929985 -2880439,1938345 -2826289))
3577;POLYGON((2138720 -2712894,2188561 -2721362,2179081 -2776509,2129455 -2768078,2138720 -2712894))
