4326;POLYGON((154.0 -29.75,154.5 -29.75,154.5 -30.25,154.0 -30.25,154.0 -29.75))
28348;POLYGON((5511446 5445645,5567539 5413399,5530080 5349749,5474701 5382081,5511446 5445645))
28349;POLYGON((4847376 5787588,4902061 5762044,4872355 5699643,4818245 5725306,4847376 5787588))
28350;POLYGON((4200588 6057733,4253828 6037618,4230409 5976707,4177639 5996948,4200588 6057733))
28351;POLYGON((3570666 6269208,3622549 6253568,3604315 6194138,3552824 6209896,3570666 6269208))
28352;POLYGON((2955995 6431806,3006689 6419932,2992822 6361833,2942462 6373808,2955995 6431806))
28353;POLYGON((2354199 6552715,2403924 6544095,2393827 6487095,2344395 6495795,2354199 6552715))
28354;POLYGON((1762451 6637064,1811454 6631337,1804709 6575163,1755972 6580945,1762451 6637064))
28355;POLYGON((1177680 6688309,1226222 6685244,1222559 6629601,1174265 6632697,1177680 6688309))
28356;POLYGON((596691 6708497,645041 6707973,644315 6652560,596207 6653089,596691 6708497))
28357;POLYGON((16243 6698425,64673 6700422,66856 6644932,18672 6642914,16243 6698425))
28358;POLYGON((-566908 6657696,-518130 6662292,-512952 6606421,-561473 6601779,-566908 6657696))
3113;POLYGON((146728 -94376,195097 -94899,194372 -150334,146244 -149805,146728 -94376))
3111;POLYGON((3375882 3264651,3424385 3259924,3418824 3204381,3370613 3209080,3375882 3264651))
3107;POLYGON((2825349 2087982,2872869 2079423,2862936 2024996,2815669 2033509,2825349 2087982))
3308;POLYGON((9977191 4865249,10025482 4861892,10021504 4806573,9973478 4809911,9977191 4865249))
3112;POLYGON((1904784 -3513796,1951986 -3521469,1943083 -3575557,1896097 -3567920,1904784 -3513796))
3577;POLYGON((2093406 -3415984,2140496 -3424269,2130675 -3479455,2083801 -3471208,2093406 -3415984))
