4326;POLYGON((154.5 -12.0,155.0 -12.0,155.0 -12.5,154.5 -12.5,154.5 -12.0))
28348;POLYGON((6618101 7993078,6697560 7973860,6677427 7892749,6598454 7912639,6618101 7993078))
28349;POLYGON((5711183 8190774,5783736 8176389,5768665 8102453,5696467 8117357,5711183 8190774))
28350;POLYGON((4876836 8339180,4944014 8328361,4932675 8259963,4865763 8271182,4876836 8339180))
28351;POLYGON((4098774 8450764,4161801 8442643,4153286 8378502,4090463 8386929,4098774 8450764))
28352;POLYGON((3363880 8534023,3423748 8528012,3417437 8467106,3357732 8473347,3363880 8534023))
28353;POLYGON((2661390 8594705,2718924 8590407,2714401 8531894,2657003 8536358,2661390 8594705))
28354;POLYGON((1982252 8636633,2038153 8633788,2035146 8576954,1979362 8579910,1982252 8636633))
28355;POLYGON((1318595 8662259,1373486 8660706,1371822 8604919,1317038 8606533,1318595 8662259))
28356;POLYGON((663305 8673001,717758 8672655,717348 8617335,662998 8617694,663305 8673001))
28357;POLYGON((9670 8669436,64237 8670280,65060 8614866,10596 8613990,9670 8669436))
28358;POLYGON((-648946 8651374,-593706 8653451,-591608 8597382,-646738 8595224,-648946 8651374))
3113;POLYGON((213369 1870894,267843 1870548,267433 1815206,213062 1815565,213369 1870894))
3111;POLYGON((3628397 5297550,3687574 5291468,3681249 5231477,3622388 5237526,3628397 5297550))
3107;POLYGON((3232693 4051189,3289294 4040725,3278546 3983335,3222211 3993750,3232693 4051189))
3308;POLYGON((10170071 6872354,10227966 6868051,10223461 6809339,10165847 6813621,10170071 6872354))
3112;POLYGON((2270313 -1587364,2325177 -1596506,2315790 -1652157,2261148 -1643052,2270313 -1587364))
3577;POLYGON((2485834 -1483744,2540483 -1493579,2530761 -1546995,2476321 -1537197,2485834 -1483744))
