4326;POLYGON((153.75 -19.0,154.25 -19.0,154.25 -19.5,153.75 -19.5,153.75 -19.0))
28348;POLYGON((6176316 6943632,6247087 6917367,6218880 6843140,6148742 6869838,6176316 6943632))
28349;POLYGON((5358545 7216506,5424616 7196479,5403097 7127043,5337503 7147431,5358545 7216506))
28350;POLYGON((4591355 7424774,4653602 7409488,4637167 7344012,4575287 7359592,4591355 7424774))
28351;POLYGON((3865003 7583338,3924187 7571745,3911710 7509469,3852817 7521297,3865003 7583338))
28352;POLYGON((3170991 7702601,3227779 7693971,3218477 7634213,3161927 7643025,3170991 7702601))
28353;POLYGON((2501824 7789752,2556807 7783584,2550142 7725732,2495360 7732032,2501824 7789752))
28354;POLYGON((1850787 7849661,1904500 7845623,1900112 7789117,1846577 7793244,1850787 7849661))
28355;POLYGON((1211743 7885478,1264681 7883361,1262345 7827686,1209572 7829849,1211743 7885478))
28356;POLYGON((578939 7899004,631570 7898705,631172 7843369,578700 7843675,578939 7899004))
28357;POLYGON((-53176 7890905,-391 7892408,1128 7836933,-51494 7835396,-53176 7890905))
28358;POLYGON((-690131 7860783,-636730 7864163,-633218 7808064,-686447 7804609,-690131 7860783))
3113;POLYGON((128970 1096595,181621 1096296,181223 1040938,128731 1041244,128970 1096595))
3111;POLYGON((3463606 4481871,3518500 4476666,3512884 4419042,3458292 4424218,3463606 4481871))
3107;POLYGON((3008778 3274012,3061785 3264593,3051762 3208941,2999013 3218315,3008778 3274012))
3308;POLYGON((10030860 6069523,10084914 6065895,10080968 6009134,10027186 6012744,10030860 6069523))
3112;POLYGON((2065723 -2345399,2117572 -2353721,2108719 -2408181,2057087 -2399894,2065723 -2345399))
3577;POLYGON((2273546 -2227010,2325288 -2236009,2315668 -2290682,2264140 -2281720,2273546 -2227010))
