4326;POLYGON((154.25 -35.75,154.75 -35.75,154.75 -36.25,154.25 -36.25,154.25 -35.75))
28348;POLYGON((5077853 4697883,5125541 4665201,5085021 4607305,5038014 4639919,5077853 4697883))
28349;POLYGON((4504527 5049080,4552304 5022546,4519361 4964229,4472161 4990761,4504527 5049080))
28350;POLYGON((3932797 5332760,3980287 5311442,3953783 5253324,3906785 5274676,3932797 5332760))
28351;POLYGON((3365886 5558876,3412902 5542027,3391923 5484415,3345333 5501313,3365886 5558876))
28352;POLYGON((2805128 5735298,2851615 5722336,2835444 5665333,2789330 5678346,2805128 5735298))
28353;POLYGON((2250550 5868094,2296545 5858575,2284634 5802156,2238974 5811720,2250550 5868094))
28354;POLYGON((1701315 5961768,1746912 5955371,1738864 5899430,1693576 5905861,1701315 5961768))
28355;POLYGON((1156038 6019453,1201367 6015966,1196918 5960352,1151881 5963858,1156038 6019453))
28356;POLYGON((613016 6043059,658227 6042367,657231 5986902,612305 5987597,613016 6043059))
28357;POLYGON((70389 6033361,115639 6035442,118064 5979937,73101 5977844,70389 6033361))
28358;POLYGON((-473728 5990041,-428283 5994962,-422359 5939233,-467505 5934285,-473728 5990041))
3113;POLYGON((163060 -760073,208289 -760765,207292 -816252,162349 -815556,163060 -760073))
3111;POLYGON((3335393 2598080,3380396 2593574,3374723 2538385,3330011 2542862,3335393 2598080))
3107;POLYGON((2731396 1430099,2775872 1421983,2765786 1367428,2721563 1375498,2731396 1430099))
3308;POLYGON((9955217 4200101,10000324 4196857,9996211 4141519,9951369 4144744,9955217 4200101))
3112;POLYGON((1822372 -4169842,1866964 -4177181,1857846 -4231906,1813471 -4224603,1822372 -4169842))
3577;POLYGON((2000824 -4080152,2045315 -4088070,2035488 -4142672,1991210 -4134792,2000824 -4080152))
