4326;POLYGON((153.75 -16.25,154.25 -16.25,154.25 -16.75,153.75 -16.75,153.75 -16.25))
28348;POLYGON((6317950 7357404,6392036 7333813,6367015 7257090,6293508 7281204,6317950 7357404))
28349;POLYGON((5466129 7601475,5534679 7583627,5515742 7512595,5447623 7530863,5466129 7601475))
28350;POLYGON((4673199 7786455,4737341 7772918,4722971 7706437,4659157 7720308,4673199 7786455))
28351;POLYGON((3926893 7926498,3987567 7916282,3976713 7853394,3916296 7863871,3926893 7926498))
28352;POLYGON((3216924 8031377,3274923 8023800,3266862 7963691,3209072 7971465,3216924 8031377))
28353;POLYGON((2534527 8107773,2590533 8102374,2584773 8044340,2528942 8049884,2534527 8107773))
28354;POLYGON((1872065 8160174,1926680 8156645,1922895 8100067,1868434 8103691,1872065 8160174))
28355;POLYGON((1222708 8191458,1276477 8189610,1274465 8133925,1220838 8135822,1222708 8191458))
28356;POLYGON((580145 8203263,633580 8203002,633238 8147681,579939 8147950,580145 8203263))
28357;POLYGON((-61669 8196195,-8067 8197507,-6758 8142037,-60220 8140688,-61669 8196195))
28358;POLYGON((-708751 8169892,-654476 8172845,-651449 8116704,-705574 8113672,-708751 8169892))
3113;POLYGON((130176 1400973,183633 1400712,183290 1345370,129970 1345638,130176 1400973))
3111;POLYGON((3493079 4801642,3549653 4796277,3543954 4737811,3487688 4743146,3493079 4801642))
3107;POLYGON((3062825 3582282,3117258 3572609,3107125 3516346,3052953 3525973,3062825 3582282))
3308;POLYGON((10051205 6383946,10106764 6380218,10102771 6322781,10047487 6326492,10051205 6383946))
3112;POLYGON((2113411 -2044454,2166457 -2052968,2157541 -2107821,2104713 -2099342,2113411 -2044454))
3577;POLYGON((2325058 -1927364,2377972 -1936567,2368424 -1990839,2315722 -1981673,2325058 -1927364))
