4326;POLYGON((154.0 -19.0,154.5 -19.0,154.5 -19.5,154.0 -19.5,154.0 -19.0))
28348;POLYGON((6211647 6930575,6282636 6904009,6254105 6829562,6183759 6856564,6211647 6930575))
28349;POLYGON((5391537 7206549,5457785 7186295,5436023 7116677,5370257 7137294,5391537 7206549))
28350;POLYGON((4622443 7417174,4684833 7401715,4668212 7336089,4606192 7351846,4622443 7417174))
28351;POLYGON((3894567 7577576,3953864 7565845,3941240 7503450,3882236 7515418,3894567 7577576))
28352;POLYGON((3199363 7698314,3256239 7689572,3246817 7629722,3190181 7638648,3199363 7698314))
28353;POLYGON((2529300 7786692,2584347 7780429,2577580 7722509,2522736 7728906,2529300 7786692))
28354;POLYGON((1877633 7847663,1931389 7843541,1926912 7786989,1873334 7791202,1877633 7847663))
28355;POLYGON((1238206 7884439,1291167 7882245,1288749 7826545,1235953 7828787,1238206 7884439))
28356;POLYGON((605254 7898873,657889 7898499,657411 7843159,604935 7843541,605254 7898873))
28357;POLYGON((-26779 7891675,25988 7893103,27427 7837643,-25179 7836184,-26779 7891675))
28358;POLYGON((-663422 7862493,-610055 7865793,-606629 7809729,-659824 7806357,-663422 7862493))
3113;POLYGON((155295 1096464,207950 1096090,207472 1040728,154976 1041110,155295 1096464))
3111;POLYGON((3491056 4479305,3545937 4473956,3540169 4416346,3485591 4421666,3491056 4479305))
3107;POLYGON((3035287 3269333,3088272 3259791,3078120 3204162,3025393 3213658,3035287 3269333))
3308;POLYGON((10057889 6067741,10111934 6063985,10107853 6007233,10054080 6010971,10057889 6067741))
3112;POLYGON((2091651 -2349534,2143484 -2357959,2134523 -2412402,2082907 -2404012,2091651 -2349534))
3577;POLYGON((2299421 -2231484,2351145 -2240585,2341419 -2295239,2289909 -2286176,2299421 -2231484))
