4326;POLYGON((153.75 -19.25,154.25 -19.25,154.25 -19.75,153.75 -19.75,153.75 -19.25))
28348;POLYGON((6162596 6906678,6233052 6880195,6204573 6806203,6134755 6833111,6162596 6906678))
28349;POLYGON((5348079 7181932,5413913 7161723,5392170 7092439,5326818 7113003,5348079 7181932))
28350;POLYGON((4583365 7392160,4645430 7376726,4628813 7311346,4567120 7327070,4583365 7392160))
28351;POLYGON((3858945 7552304,3917985 7540592,3905364 7478375,3846618 7490319,3858945 7552304))
28352;POLYGON((3166486 7672805,3223156 7664084,3213743 7604360,3157314 7613261,3166486 7672805))
28353;POLYGON((2498612 7760888,2553495 7754654,2546749 7696818,2492069 7703184,2498612 7760888))
28354;POLYGON((1848695 7821451,1902320 7817368,1897878 7760869,1844433 7765040,1848695 7821451))
28355;POLYGON((1210664 7857663,1263520 7855523,1261156 7799848,1208466 7802035,1210664 7857663))
28356;POLYGON((578820 7871340,631372 7871037,630969 7815700,578578 7816009,578820 7871340))
28357;POLYGON((-52340 7863150,363 7864671,1902 7809195,-50637 7807641,-52340 7863150))
28358;POLYGON((-688301 7832695,-634985 7836112,-631429 7780017,-684570 7776526,-688301 7832695))
3113;POLYGON((128851 1068920,181424 1068617,181020 1013259,128609 1013568,128851 1068920))
3111;POLYGON((3460947 4453027,3515690 4447836,3510080 4390282,3455640 4395444,3460947 4453027))
3107;POLYGON((3003893 3246151,3056771 3236754,3046757 3181151,2994137 3190502,3003893 3246151))
3308;POLYGON((10029022 6041119,10082940 6037501,10078998 5980795,10025352 5984395,10029022 6041119))
3112;POLYGON((2061404 -2372654,2113144 -2380959,2104297 -2435389,2052773 -2427120,2061404 -2372654))
3577;POLYGON((2268844 -2254357,2320479 -2263338,2310855 -2318042,2259434 -2309099,2268844 -2254357))
