4326;POLYGON((154.25 -9.75,154.75 -9.75,154.75 -10.25,154.25 -10.25,154.25 -9.75))
28348;POLYGON((6657027 8367177,6738117 8351350,6721574 8269030,6640889 8285582,6657027 8367177))
28349;POLYGON((5733691 8529664,5807417 8517863,5795083 8443227,5721651 8455578,5733691 8529664))
28350;POLYGON((4887391 8651198,4955435 8642352,4946188 8573564,4878363 8582829,4887391 8651198))
28351;POLYGON((4100331 8742284,4164022 8735665,4157099 8671324,4093576 8678261,4100331 8742284))
28352;POLYGON((3358355 8810048,3418759 8805163,3413644 8744170,3353373 8749292,3358355 8810048))
28353;POLYGON((2649989 8859276,2707979 8855796,2704327 8797263,2646447 8800913,2649989 8859276))
28354;POLYGON((1965679 8893138,2021994 8890848,2019579 8834027,1963360 8836430,1965679 8893138))
28355;POLYGON((1297188 8913652,1352476 8912419,1351158 8856656,1295957 8857949,1297188 8913652))
28356;POLYGON((637108 8921974,691965 8921731,691671 8866425,636898 8866680,637108 8921974))
28357;POLYGON((-21538 8918560,33461 8919293,34176 8863867,-20738 8863098,-21538 8918560))
28358;POLYGON((-685658 8903224,-629934 8904974,-628171 8848845,-683804 8847010,-685658 8903224))
3113;POLYGON((187161 2119965,242040 2119721,241746 2064393,186952 2064649,187161 2119965))
3111;POLYGON((3625390 5573296,3686014 5567226,3679747 5506244,3619442 5512281,3625390 5573296))
3107;POLYGON((3251319 4316985,3309150 4306431,3298393 4248250,3240831 4258754,3251319 4316985))
3308;POLYGON((10159647 7140983,10218828 7136727,10214402 7077178,10155506 7081413,10159647 7140983))
3112;POLYGON((2283867 -1330639,2339752 -1339837,2330380 -1396084,2274719 -1386923,2283867 -1330639))
3577;POLYGON((2500590 -1239653,2556194 -1249548,2546668 -1302478,2491270 -1292619,2500590 -1239653))
