4326;POLYGON((153.75 -17.75,154.25 -17.75,154.25 -18.25,153.75 -18.25,153.75 -17.75))
28348;POLYGON((6242849 7130079,6315165 7104968,6288360 7029583,6216655 7055168,6242849 7130079))
28349;POLYGON((5409187 7390451,5476416 7371374,5456043 7301195,5389271 7320660,5409187 7390451))
28350;POLYGON((4629944 7588521,4693080 7574004,4677568 7508058,4614782 7522888,4629944 7588521))
28351;POLYGON((3894222 7738923,3954107 7727939,3942358 7665376,3882749 7676608,3894222 7738923))
28352;POLYGON((3192698 7851818,3250056 7843655,3241314 7783733,3184180 7792085,3192698 7851818))
28353;POLYGON((2517289 7934193,2572755 7928366,2566499 7870428,2511222 7876393,2517289 7934193))
28354;POLYGON((1860854 7990760,1914994 7986948,1910878 7930408,1856906 7934311,1860854 7990760))
28355;POLYGON((1216932 8024555,1270263 8022559,1268074 7966878,1214897 7968923,1216932 8024555))
28356;POLYGON((579509 8037314,632522 8037032,632149 7981703,579286 7981992,579509 8037314))
28357;POLYGON((-57195 8029675,-4024 8031093,-2600 7975620,-55619 7974167,-57195 8029675))
28358;POLYGON((-698941 8001255,-645127 8004445,-641834 7948327,-695486 7945060,-698941 8001255))
3113;POLYGON((129540 1234959,182573 1234677,182200 1179326,129317 1179615,129540 1234959))
3111;POLYGON((3476949 4626640,3532604 4621363,3526952 4563373,3471602 4568621,3476949 4626640))
3107;POLYGON((3033271 3413712,3086924 3404177,3076854 3348263,3023459 3357751,3033271 3413712))
3308;POLYGON((10040078 6211975,10094813 6208302,10090847 6151250,10036385 6154905,10040078 6211975))
3112;POLYGON((2087356 -2208880,2139748 -2217289,2130869 -2271913,2078694 -2263539,2087356 -2208880))
3577;POLYGON((2297008 -2090528,2349284 -2099621,2339695 -2154123,2287632 -2145068,2297008 -2090528))
