4326;POLYGON((154.25 -14.75,154.75 -14.75,154.75 -15.25,154.25 -15.25,154.25 -14.75))
28348;POLYGON((6463344 7566540,6539660 7544084,6515971 7465509,6440212 7488546,6463344 7566540))
28349;POLYGON((5588511 7798341,5658742 7781423,5640890 7709128,5571071 7726506,5588511 7798341))
28350;POLYGON((4778102 7973370,4843530 7960579,4830028 7893237,4764911 7906388,4778102 7973370))
28351;POLYGON((4018301 8105558,4079977 8095921,4069797 8032450,4008363 8042366,4018301 8105558))
28352;POLYGON((3297720 8204479,3356514 8197331,3348953 8136835,3290353 8144196,3297720 8204479))
28353;POLYGON((2606808 8276654,2663458 8271543,2658038 8213266,2601551 8218532,2606808 8276654))
28354;POLYGON((1937368 8326451,1992516 8323079,1988923 8266362,1933916 8269837,1937368 8326451))
28355;POLYGON((1282157 8356676,1336379 8354858,1334415 8299112,1280323 8300986,1282157 8356676))
28356;POLYGON((634548 8368951,688380 8368592,687943 8313267,634236 8313637,634548 8368951))
28357;POLYGON((-11762 8363914,42198 8364996,43265 8309561,-10569 8308446,-11762 8363914))
28358;POLYGON((-663025 8341306,-608409 8343884,-605784 8287802,-660265 8285146,-663025 8341306))
3113;POLYGON((184601 1566725,238454 1566366,238016 1511020,184288 1511390,184601 1566725))
3111;POLYGON((3566849 4972700,3624320 4966946,3618261 4907994,3561100 4913717,3566849 4972700))
3107;POLYGON((3147794 3742164,3202966 3732096,3192502 3675493,3137592 3685513,3147794 3742164))
3308;POLYGON((10118800 6553365,10175168 6549311,10170869 6491471,10114778 6495505,10118800 6553365))
3112;POLYGON((2193291 -1887884,2246959 -1896717,2237780 -1951801,2184331 -1943004,2193291 -1887884))
3577;POLYGON((2406529 -1774260,2460042 -1783784,2450327 -1837760,2397026 -1828274,2406529 -1774260))
