4326;POLYGON((154.5 -32.75,155.0 -32.75,155.0 -33.25,154.5 -33.25,154.5 -32.75))
28348;POLYGON((5338775 5038882,5390655 5005729,5350952 4945010,5299784 4978162,5338775 5038882))
28349;POLYGON((4719714 5392815,4771004 5366221,4739117 5305831,4688413 5332479,4719714 5392815))
28350;POLYGON((4109480 5675663,4159941 5654499,4134531 5594916,4084559 5616158,4109480 5675663))
28351;POLYGON((3509794 5899269,3559354 5882660,3539386 5824061,3490240 5840754,3509794 5899269))
28352;POLYGON((2920721 6072713,2969425 6059995,2954106 6002373,2905761 6015168,2920721 6072713))
28353;POLYGON((2341213 6202828,2389179 6193508,2377921 6136741,2330272 6146125,2341213 6202828))
28354;POLYGON((1769510 6294594,1816906 6288318,1809286 6232220,1762180 6238542,1769510 6294594))
28355;POLYGON((1203424 6351434,1250442 6347972,1246182 6292322,1199436 6295810,1203424 6351434))
28356;POLYGON((640524 6375432,687372 6374657,686318 6319214,639733 6319994,640524 6375432))
28357;POLYGON((78266 6367456,125159 6369342,127272 6313856,80645 6311956,78266 6367456))
28358;POLYGON((-485913 6327220,-438763 6331833,-433406 6276059,-480279 6271411,-485913 6327220))
3113;POLYGON((190579 -427571,237445 -428345,236390 -483811,189788 -483030,190579 -427571))
3111;POLYGON((3391087 2927345,3437818 2922542,3431991 2867271,3385550 2872044,3391087 2927345))
3107;POLYGON((2813288 1752932,2859257 1744433,2849073 1690053,2803356 1698505,2813288 1752932))
3308;POLYGON((10001627 4530203,10048314 4526733,10044076 4471495,9997653 4474945,10001627 4530203))
3112;POLYGON((1898483 -3846540,1944361 -3854184,1935202 -3908483,1889541 -3900875,1898483 -3846540))
3577;POLYGON((2081642 -3754979,2127406 -3763215,2117404 -3818168,2071856 -3809970,2081642 -3754979))
