4326;POLYGON((153.75 -39.0,154.25 -39.0,154.25 -39.5,153.75 -39.5,153.75 -39.0))
28348;POLYGON((4772627 4360452,4816061 4328908,4775250 4273737,4732456 4305156,4772627 4360452))
28349;POLYGON((4246560 4701692,4290652 4675766,4257061 4619522,4213527 4645396,4246560 4701692))
28350;POLYGON((3715845 4980309,3760130 4959281,3732846 4902669,3689050 4923687,3715845 4980309))
28351;POLYGON((3184750 5204160,3228956 5187431,3207214 5130854,3163440 5147597,3184750 5204160))
28352;POLYGON((2655592 5379700,2699584 5366784,2682762 5310441,2639156 5323381,2655592 5379700))
28353;POLYGON((2129310 5512045,2173052 5502564,2160665 5446519,2117275 5456025,2129310 5512045))
28354;POLYGON((1605907 5605068,1649426 5598744,1641116 5542973,1597924 5549317,1605907 5605068))
28355;POLYGON((1084776 5661489,1128139 5658138,1123665 5602562,1080615 5605925,1084776 5661489))
28356;POLYGON((564944 5682955,608241 5682480,607475 5626989,564484 5627467,564944 5682955))
28357;POLYGON((45260 5670091,88590 5672477,91509 5616951,48488 5614557,45260 5670091))
28358;POLYGON((-475445 5622522,-431987 5627839,-425298 5572161,-468435 5566827,-475445 5622522))
3113;POLYGON((114969 -1120317,158283 -1120793,157517 -1176305,114509 -1175828,114969 -1120317))
3111;POLYGON((3257261 2243170,3300401 2239079,3295013 2183797,3252163 2187860,3257261 2243170))
3107;POLYGON((2624461 1081966,2667326 1074348,2657431 1019403,2614819 1026975,2624461 1081966))
3308;POLYGON((9886762 3842532,9930159 3839619,9926291 3783985,9883161 3786880,9886762 3842532))
3112;POLYGON((1721050 -4520498,1764248 -4527431,1755243 -4582830,1712266 -4575932,1721050 -4520498))
3577;POLYGON((1895475 -4426236,1938613 -4433738,1929108 -4487761,1886182 -4480295,1895475 -4426236))
