4326;POLYGON((154.5 -14.5,155.0 -14.5,155.0 -15.0,154.5 -15.0,154.5 -14.5))
28348;POLYGON((6512889 7594676,6589769 7572250,6566129 7493164,6489808 7516185,6512889 7594676))
28349;POLYGON((5632198 7826062,5702860 7809181,5685062 7736517,5614812 7753867,5632198 7826062))
28350;POLYGON((4817293 8000653,4883053 7987898,4869599 7920287,4804149 7933411,4817293 8000653))
28351;POLYGON((4054017 8132471,4115949 8122861,4105807 8059196,4044114 8069091,4054017 8132471))
28352;POLYGON((3330734 8231143,3389728 8224010,3382190 8163377,3323389 8170727,3330734 8231143))
28353;POLYGON((2637718 8303228,2694524 8298118,2689111 8239747,2632466 8245015,2637718 8303228))
28354;POLYGON((1966648 8353118,2021916 8349731,2018311 8292955,1963183 8296448,1966648 8353118))
28355;POLYGON((1310187 8383642,1364501 8381791,1362505 8326015,1308320 8327924,1310187 8383642))
28356;POLYGON((661646 8396445,715544 8396032,715053 8340702,661277 8341127,661646 8396445))
28357;POLYGON((14671 8392195,68678 8393200,69665 8337781,15782 8336745,14671 8392195))
28358;POLYGON((-637021 8370673,-582377 8373148,-579861 8317102,-634372 8314550,-637021 8370673))
3113;POLYGON((211709 1594230,265629 1593817,265136 1538465,211340 1538891,211709 1594230))
3111;POLYGON((3598547 4999412,3656158 4993491,3649935 4934465,3592634 4940354,3598547 4999412))
3107;POLYGON((3180562 3765526,3235842 3755306,3225234 3698660,3170216 3708831,3180562 3765526))
3308;POLYGON((10149071 6580353,10205568 6576154,10201125 6518250,10144905 6522428,10149071 6580353))
3112;POLYGON((2224670 -1864687,2278430 -1873645,2269134 -1928758,2215593 -1919836,2224670 -1864687))
3577;POLYGON((2438089 -1752032,2491688 -1761679,2481876 -1815591,2428488 -1805982,2438089 -1752032))
