4326;POLYGON((154.5 -38.25,155.0 -38.25,155.0 -38.75,154.5 -38.75,154.5 -38.25))
28348;POLYGON((4899207 4396394,4943501 4363901,4901901 4308288,4858267 4340657,4899207 4396394))
28349;POLYGON((4363170 4747557,4408067 4720895,4373883 4664251,4329558 4690865,4363170 4747557))
28350;POLYGON((3823220 5033960,3868245 5012349,3840496 4955404,3795968 4977012,3823220 5033960))
28351;POLYGON((3283673 5264104,3328553 5246895,3306421 5190060,3261978 5207290,3283673 5264104))
28352;POLYGON((2746824 5444924,2791429 5431597,2774256 5375069,2730038 5388426,2746824 5444924))
28353;POLYGON((2213545 5581904,2257846 5572054,2245116 5515889,2201166 5525768,2213545 5581904))
28354;POLYGON((1683738 5679200,1727771 5672528,1719103 5616690,1675396 5623386,1683738 5679200))
28355;POLYGON((1156676 5739752,1200519 5736058,1195654 5680456,1152121 5684164,1156676 5739752))
28356;POLYGON((631251 5765382,675005 5764554,673799 5709066,630346 5709897,631251 5765382))
28357;POLYGON((106161 5756860,149939 5758874,152355 5703363,108881 5701340,106161 5756860))
28358;POLYGON((-419927 5713930,-376017 5718846,-369906 5663178,-413502 5658243,-419927 5713930))
3113;POLYGON((181302 -1037858,225073 -1038686,223866 -1094196,180397 -1093365,181302 -1037858))
3111;POLYGON((3330259 2319813,3373800 2315338,3367980 2260130,3324729 2264575,3330259 2319813))
3107;POLYGON((2703757 1152726,2746950 1144741,2736691 1089962,2693752 1097901,2703757 1152726))
3308;POLYGON((9957845 3921420,10001618 3918167,9997358 3862643,9953850 3865876,9957845 3921420))
3112;POLYGON((1799475 -4448099,1842960 -4455345,1833653 -4510523,1790387 -4503314,1799475 -4448099))
3577;POLYGON((1974623 -4356342,2018034 -4364155,2008182 -4418284,1964983 -4410509,1974623 -4356342))
