4326;POLYGON((153.75 -20.0,154.25 -20.0,154.25 -20.5,153.75 -20.5,153.75 -20.0))
28348;POLYGON((6120636 6796498,6190133 6769385,6160858 6696106,6092012 6723619,6120636 6796498))
28349;POLYGON((5316023 7078650,5381133 7057912,5358730 6989090,5294112 7010166,5316023 7078650))
28350;POLYGON((4558864 7294596,4620370 7278728,4603216 7213641,4542091 7229788,4558864 7294596))
28351;POLYGON((3840349 7459370,3898946 7447312,3885898 7385275,3827603 7397558,3840349 7459370))
28352;POLYGON((3152647 7583514,3208954 7574524,3199212 7514905,3143152 7524069,3152647 7583514))
28353;POLYGON((2488739 7674345,2543315 7667914,2536327 7610132,2481962 7616692,2488739 7674345))
28354;POLYGON((1842263 7736839,1895616 7732625,1891012 7676147,1837845 7680447,1842263 7736839))
28355;POLYGON((1207347 7774221,1259952 7772012,1257500 7716340,1205068 7718595,1207347 7774221))
28356;POLYGON((578455 7788343,630764 7788030,630346 7732689,578204 7733007,578455 7788343))
28357;POLYGON((-49770 7779887,2685 7781456,4281 7725979,-48005 7724377,-49770 7779887))
28358;POLYGON((-682671 7748445,-629619 7751973,-625933 7695890,-678804 7692290,-682671 7748445))
3113;POLYGON((128486 985890,180815 985578,180397 930215,128235 930534,128486 985890))
3111;POLYGON((3452991 4366704,3507280 4361556,3501690 4304205,3447702 4309324,3452991 4366704))
3107;POLYGON((2989265 3162714,3041757 3153386,3031768 3097925,2979533 3107207,2989265 3162714))
3308;POLYGON((10023519 5956073,10077030 5952482,10073100 5895935,10019859 5899508,10023519 5956073))
3112;POLYGON((2048461 -2454331,2099877 -2462584,2091043 -2516932,2039843 -2508714,2048461 -2454331))
3577;POLYGON((2254724 -2336493,2306038 -2345418,2296397 -2400212,2245298 -2391325,2254724 -2336493))
