4326;POLYGON((154.5 -8.25,155.0 -8.25,155.0 -8.75,154.5 -8.75,154.5 -8.25))
28348;POLYGON((6741907 8606940,6824469 8593184,6810081 8509593,6727874 8524118,6741907 8606940))
28349;POLYGON((5803564 8747966,5878374 8737736,5867675 8662262,5793123 8673071,5803564 8747966))
28350;POLYGON((4946128 8853198,5014983 8845546,5006980 8776203,4938315 8784293,4946128 8853198))
28351;POLYGON((4150655 8931935,4214965 8926216,4208981 8861510,4144817 8867559,4150655 8931935))
28352;POLYGON((3402186 8990465,3463073 8986246,3458653 8925017,3397881 8929482,3402186 8990465))
28353;POLYGON((2688690 9033006,2747066 9029996,2743906 8971317,2685625 8974502,2688690 9033006))
28354;POLYGON((2000222 9062343,2056853 9060354,2054756 9003451,1998206 9005556,2000222 9062343))
28355;POLYGON((1328268 9080251,1383824 9079166,1382664 9023366,1327183 9024515,1328268 9080251))
28356;POLYGON((665214 9087753,720305 9087512,720019 9032202,665000 9032458,665214 9087753))
28357;POLYGON((3917 9085264,59130 9085853,59702 9030446,4562 9029822,3917 9085264))
28358;POLYGON((-662673 9072647,-606746 9074098,-605283 9018001,-661133 9016464,-662673 9072647))
3113;POLYGON((215279 2285808,270391 2285566,270105 2230235,215065 2230491,215279 2285808))
3111;POLYGON((3674168 5754702,3735745 5748373,3729243 5686700,3667990 5692995,3674168 5754702))
3107;POLYGON((3312311 4487481,3370930 4476643,3359933 4417922,3301586 4428710,3312311 4487481))
3308;POLYGON((10202177 7318773,10262208 7314311,10257593 7254166,10197850 7258607,10202177 7318773))
3112;POLYGON((2339737 -1165554,2396279 -1174975,2386721 -1231638,2330405 -1222254,2339737 -1165554))
3577;POLYGON((2556535 -1086457,2612739 -1096573,2603176 -1149117,2547178 -1139038,2556535 -1086457))
