4326;POLYGON((154.0 -30.25,154.5 -30.25,154.5 -30.75,154.0 -30.75,154.0 -30.25))
28348;POLYGON((5474701 5382081,5530080 5349749,5492340 5286595,5437672 5319000,5474701 5382081))
28349;POLYGON((4818245 5725306,4872355 5699643,4842365 5637588,4788830 5663360,4818245 5725306))
28350;POLYGON((4177639 5996948,4230409 5976707,4206728 5916029,4154431 5936388,4177639 5996948))
28351;POLYGON((3552824 6209896,3604315 6194138,3585854 6134860,3534758 6150730,3552824 6209896))
28352;POLYGON((2942462 6373808,2992822 6361833,2978768 6303825,2928746 6315897,2942462 6373808))
28353;POLYGON((2344395 6495795,2393827 6487095,2383586 6430143,2334451 6438920,2344395 6495795))
28354;POLYGON((1755972 6580945,1804709 6575163,1797865 6519008,1749397 6524845,1755972 6580945))
28355;POLYGON((1174265 6632697,1222559 6629601,1218841 6573962,1170799 6577087,1174265 6632697))
28356;POLYGON((596207 6653089,644315 6652560,643579 6597142,595716 6597676,596207 6653089))
28357;POLYGON((18672 6642914,66856 6644932,69073 6589440,21137 6587403,18672 6642914))
28358;POLYGON((-561473 6601779,-512952 6606421,-507697 6550560,-555957 6545874,-561473 6601779))
3113;POLYGON((146244 -149805,194372 -150334,193635 -205774,145753 -205239,146244 -149805))
3111;POLYGON((3370613 3209080,3418824 3204381,3413268 3148889,3365349 3153560,3370613 3209080))
3107;POLYGON((2815669 2033509,2862936 2024996,2853006 1970579,2805990 1979046,2815669 2033509))
3308;POLYGON((9973478 4809911,10021504 4806573,10017527 4751274,9969766 4754594,9973478 4809911))
3112;POLYGON((1896097 -3567920,1943083 -3575557,1934176 -3629676,1887405 -3622074,1896097 -3567920))
3577;POLYGON((2083801 -3471208,2130675 -3479455,2120857 -3534620,2074199 -3526411,2083801 -3471208))
