4326;POLYGON((154.25 -22.5,154.75 -22.5,154.75 -23.0,154.25 -23.0,154.25 -22.5))
28348;POLYGON((6038740 6407844,6105248 6378265,6072829 6307110,6007018 6337006,6038740 6407844))
28349;POLYGON((5264892 6716958,5327756 6694154,5302744 6626641,5240413 6649730,5264892 6716958))
28350;POLYGON((4531123 6955308,4590900 6937737,4571613 6873426,4512252 6891241,4531123 6955308))
28351;POLYGON((3830914 7138372,3888137 7124935,3873372 7063327,3816484 7076966,3830914 7138372))
28352;POLYGON((3158077 7277151,3213246 7267071,3202153 7207658,3147260 7217898,3158077 7277151))
28353;POLYGON((2506778 7379380,2560366 7372113,2552348 7314402,2498996 7321788,2506778 7379380))
28354;POLYGON((1871525 7450386,1923978 7445566,1918632 7389082,1866387 7393985,1871525 7450386))
28355;POLYGON((1247118 7493672,1298860 7491065,1295928 7435359,1244380 7438011,1247118 7493672))
28356;POLYGON((628576 7511291,680016 7510776,679362 7455409,628109 7455934,628576 7511291))
28357;POLYGON((11039 7504059,62580 7505612,64173 7450156,12822 7448577,11039 7504059))
28358;POLYGON((-610327 7471643,-558281 7475335,-554366 7419359,-606212 7415604,-610327 7471643))
3113;POLYGON((178626 708731,230086 708215,229432 652827,178158 653352,178626 708731))
3111;POLYGON((3479453 4076059,3532216 4070777,3526387 4014064,3473922 4019317,3479453 4076059))
3107;POLYGON((2991968 2876931,3043137 2867594,3032967 2812585,2982052 2821876,2991968 2876931))
3308;POLYGON((10057443 5670708,10109588 5666958,10105421 5610891,10053545 5614622,10057443 5670708))
3112;POLYGON((2055782 -2733863,2106085 -2742143,2097070 -2796245,2046982 -2788002,2055782 -2733863))
3577;POLYGON((2257743 -2619911,2307947 -2628846,2298048 -2683845,2248059 -2674949,2257743 -2619911))
