4326;POLYGON((154.25 -13.25,154.75 -13.25,154.75 -13.75,154.25 -13.75,154.25 -13.25))
28348;POLYGON((6528781 7802921,6606689 7782303,6585031 7702490,6507639 7723737,6528781 7802921))
28349;POLYGON((5637728 8015358,5709131 7999880,5692869 7926806,5621846 7942774,5637728 8015358))
28350;POLYGON((4815257 8175251,4881566 8163583,4869303 8095757,4803279 8107805,4815257 8175251))
28351;POLYGON((4046250 8295696,4108608 8286925,4099384 8223162,4037247 8232225,4046250 8295696))
28352;POLYGON((3318414 8385650,3377755 8379155,3370916 8318492,3311751 8325208,3318414 8385650))
28353;POLYGON((2621562 8451186,2678669 8446548,2673774 8388185,2616814 8392982,2621562 8451186))
28354;POLYGON((1947049 8496356,2002596 8493299,1999353 8436547,1943935 8439710,1947049 8496356))
28355;POLYGON((1287300 8523755,1341886 8522108,1340115 8466356,1285645 8468061,1287300 8523755))
28356;POLYGON((635424 8534878,689607 8534553,689212 8479235,635142 8479571,635424 8534878))
28357;POLYGON((-15107 8530315,39209 8531295,40170 8475863,-14031 8474849,-15107 8530315))
28358;POLYGON((-670767 8509824,-615772 8512161,-613403 8456063,-668276 8453645,-670767 8509824))
3113;POLYGON((185477 1732717,239681 1732392,239286 1677052,185195 1677389,185477 1732717))
3111;POLYGON((3584204 5150755,3642610 5144907,3636494 5085397,3578401 5091214,3584204 5150755))
3107;POLYGON((3178554 3912960,3234517 3902747,3223973 3845718,3168275 3855883,3178554 3912960))
3308;POLYGON((10130930 6727864,10188133 6723750,10183800 6665446,10126875 6669540,10130930 6727864))
3112;POLYGON((2220266 -1721925,2274595 -1730867,2265365 -1786254,2211257 -1777349,2220266 -1721925))
3577;POLYGON((2434940 -1612782,2489085 -1622418,2479421 -1676110,2425487 -1666511,2434940 -1612782))
