4326;POLYGON((153.75 -18.0,154.25 -18.0,154.25 -18.5,153.75 -18.5,153.75 -18.0))
28348;POLYGON((6229823 7092569,6301834 7067219,6274743 6992062,6203347 7017878,6229823 7092569))
28349;POLYGON((5399286 7355520,5466288 7336248,5445683 7266215,5379142 7285870,5399286 7355520))
28350;POLYGON((4622409 7555683,4685371 7541008,4669671 7475155,4607064 7490138,4622409 7555683))
28351;POLYGON((3888522 7707752,3948269 7696643,3936374 7634137,3876905 7645491,3888522 7707752))
28352;POLYGON((3188466 7821944,3245713 7813686,3236858 7753795,3179838 7762241,3188466 7821944))
28353;POLYGON((2514276 7905289,2569648 7899393,2563309 7841472,2508129 7847505,2514276 7905289))
28354;POLYGON((1858893 7962534,1912950 7958676,1908780 7902143,1854892 7906091,1858893 7962534))
28355;POLYGON((1215922 7996739,1269176 7994718,1266958 7939039,1213859 7941108,1215922 7996739))
28356;POLYGON((579398 8009653,632336 8009368,631958 7954038,579172 7954330,579398 8009653))
28357;POLYGON((-56413 8001921,-3317 8003356,-1873 7947883,-54815 7946413,-56413 8001921))
28358;POLYGON((-697225 7973157,-643492 7976385,-640155 7920270,-693724 7916965,-697225 7973157))
3113;POLYGON((129429 1207288,182388 1207002,182010 1151650,129202 1151943,129429 1207288))
3111;POLYGON((3474274 4597612,3529776 4592349,3524131 4534434,3468933 4539668,3474274 4597612))
3107;POLYGON((3028363 3385718,3081886 3376206,3071826 3320346,3018561 3329812,3028363 3385718))
3308;POLYGON((10038230 6183425,10092829 6179761,10088868 6122769,10034541 6126415,10038230 6183425))
3112;POLYGON((2083024 -2236218,2135307 -2244610,2126434 -2299199,2074368 -2290842,2083024 -2236218))
3577;POLYGON((2292322 -2117789,2344491 -2126863,2334895 -2181402,2282940 -2172365,2292322 -2117789))
