4326;POLYGON((154.25 -10.5,154.75 -10.5,154.75 -11.0,154.25 -11.0,154.25 -10.5))
28348;POLYGON((6632541 8244899,6713017 8227990,6695337 8146158,6615291 8163772,6632541 8244899))
28349;POLYGON((5715419 8418607,5788699 8405983,5775499 8331649,5702534 8344811,5715419 8418607))
28350;POLYGON((4873687 8548688,4941399 8539215,4931493 8470613,4864015 8480497,4873687 8548688))
28351;POLYGON((4090076 8646276,4153513 8639181,4146089 8574951,4082832 8582358,4090076 8646276))
28352;POLYGON((3350791 8718929,3410993 8713690,3405505 8652761,3345445 8658233,3350791 8718929))
28353;POLYGON((2644611 8771739,2702434 8768004,2698513 8709504,2640809 8713406,2644611 8771739))
28354;POLYGON((1962157 8808078,2018326 8805620,2015733 8748812,1959666 8751381,1962157 8808078))
28355;POLYGON((1295319 8830098,1350474 8828775,1349059 8773013,1293997 8774397,1295319 8830098))
28356;POLYGON((636789 8839032,691519 8838771,691204 8783463,636564 8783736,636789 8839032))
28357;POLYGON((-20323 8835367,34547 8836154,35315 8780727,-19463 8779904,-20323 8835367))
28358;POLYGON((-682843 8818904,-627257 8820782,-625363 8764659,-680852 8762696,-682843 8818904))
3113;POLYGON((186843 2036990,241594 2036729,241279 1981399,186618 1981672,186843 2036990))
3111;POLYGON((3616477 5481859,3676622 5475837,3670389 5415191,3610563 5421181,3616477 5481859))
3107;POLYGON((3235600 4229706,3293027 4219226,3282320 4161311,3225161 4171742,3235600 4229706))
3308;POLYGON((10153441 7051701,10212194 7047475,10207789 6988213,10149320 6992418,10153441 7051701))
3112;POLYGON((2270153 -1415014,2325702 -1424156,2316363 -1480201,2261037 -1471095,2270153 -1415014))
3577;POLYGON((2486603 -1319146,2541897 -1328986,2532339 -1382090,2477253 -1372287,2486603 -1319146))
