4326;POLYGON((153.75 -22.75,154.25 -22.75,154.25 -23.25,153.75 -23.25,153.75 -22.75))
28348;POLYGON((5957094 6401464,6022936 6372363,5990987 6301774,5925827 6331182,5957094 6401464))
28349;POLYGON((5190376 6705762,5252702 6683303,5228026 6616239,5166226 6638973,5190376 6705762))
28350;POLYGON((4462388 6940559,4521729 6923248,4502693 6859287,4443764 6876835,4462388 6940559))
28351;POLYGON((3766864 7120884,3823733 7107653,3809168 7046313,3752631 7059740,3766864 7120884))
28352;POLYGON((3097810 7257421,3152695 7247515,3141772 7188301,3087162 7198363,3097810 7257421))
28353;POLYGON((2449545 7357688,2502906 7350579,2495046 7293007,2441920 7300232,2449545 7357688))
28354;POLYGON((1816694 7426852,1868969 7422183,1863779 7365790,1811714 7370536,1816694 7426852))
28355;POLYGON((1194150 7468292,1245756 7465841,1242989 7410181,1191578 7412673,1194150 7468292))
28356;POLYGON((577003 7483959,628343 7483613,627871 7428254,576720 7428606,577003 7483959))
28357;POLYGON((-39546 7474577,11926 7476318,13727 7420835,-37553 7419064,-39546 7474577))
28358;POLYGON((-660286 7439712,-608280 7443622,-604122 7387587,-655925 7383612,-660286 7439712))
3113;POLYGON((127033 681388,178393 681042,177921 625661,126750 626014,127033 681388))
3111;POLYGON((3424045 4052666,3476686 4047674,3471161 3990987,3418818 3995950,3424045 4052666))
3107;POLYGON((2935924 2858473,2987008 2849395,2977099 2794374,2926270 2803407,2935924 2858473))
3308;POLYGON((10003466 5646146,10055493 5642655,10051597 5586609,9999838 5590082,10003466 5646146))
3112;POLYGON((2001153 -2752875,2051381 -2760937,2042584 -2815059,1992571 -2807032,2001153 -2752875))
3577;POLYGON((2202771 -2638706,2252902 -2647425,2243215 -2702482,2193299 -2693801,2202771 -2638706))
