4326;POLYGON((154.0 -17.25,154.5 -17.25,154.5 -17.75,154.0 -17.75,154.0 -17.25))
28348;POLYGON((6304868 7193188,6378028 7168280,6351500 7092194,6278948 7117596,6304868 7193188))
28349;POLYGON((5462430 7451235,5530305 7432342,5510175 7361671,5442754 7380967,5462430 7451235))
28350;POLYGON((4676438 7647271,4740073 7632910,4724763 7566620,4661474 7581304,4676438 7647271))
28351;POLYGON((3935451 7796011,3995728 7785149,3984139 7722348,3924134 7733464,3935451 7796011))
28352;POLYGON((3229761 7907653,3287432 7899578,3278805 7839494,3221354 7847763,3229761 7907653))
28353;POLYGON((2551004 7989202,2606724 7983428,2600539 7925386,2545006 7931302,2551004 7989202))
28354;POLYGON((1891837 8045380,1946184 8041583,1942097 7984983,1887913 7988873,1891837 8045380))
28355;POLYGON((1245647 8079232,1299152 8077214,1296947 8021506,1243592 8023575,1245647 8079232))
28356;POLYGON((606305 8092513,659466 8092169,659031 8036838,606015 8037191,606305 8092513))
28357;POLYGON((-32065 8085891,21236 8087204,22549 8031748,-30606 8030402,-32065 8085891))
28358;POLYGON((-675309 8059034,-621374 8062071,-618247 8005983,-672025 8002869,-675309 8059034))
3113;POLYGON((156347 1290179,209528 1289835,209093 1234483,156056 1234836,156347 1290179))
3111;POLYGON((3510295 4682198,3566241 4676745,3560421 4618615,3504780 4624038,3510295 4682198))
3107;POLYGON((3070063 3465025,3123953 3455319,3113733 3399316,3060103 3408975,3070063 3465025))
3308;POLYGON((10071285 6267356,10126286 6263533,10122174 6206367,10067448 6210171,10071285 6267356))
3112;POLYGON((2122338 -2158345,2174930 -2166894,2165931 -2221572,2113556 -2213059,2122338 -2158345))
3577;POLYGON((2332621 -2040601,2385092 -2049833,2375409 -2104243,2323151 -2095049,2332621 -2040601))
