4326;POLYGON((155.0 -15.75,155.5 -15.75,155.5 -16.25,155.0 -16.25,155.0 -15.75))
28348;POLYGON((6529425 7375353,6605433 7350898,6579544 7272352,6504142 7297372,6529425 7375353))
28349;POLYGON((5657383 7628036,5727434 7609578,5707889 7537161,5638286 7556070,5657383 7628036))
28350;POLYGON((4848648 7819193,4913964 7805210,4899151 7737677,4834174 7752018,4848648 7819193))
28351;POLYGON((4089996 7963894,4151585 7953331,4140387 7889651,4079061 7900493,4089996 7963894))
28352;POLYGON((3370429 8072540,3429136 8064672,3420785 8003978,3362289 8012060,3370429 8072540))
28353;POLYGON((2680662 8152250,2737206 8146583,2731178 8088135,2674809 8093958,2680662 8152250))
28354;POLYGON((2012681 8207817,2067692 8204023,2063638 8147174,2008780 8151074,2012681 8207817))
28355;POLYGON((1359387 8242355,1413429 8240228,1411128 8184397,1357226 8186585,1359387 8242355))
28356;POLYGON((714284 8257702,767881 8257130,767215 8201778,713751 8202366,714284 8257702))
28357;POLYGON((71206 8254650,124867 8255605,125801 8200209,72274 8199227,71206 8254650))
28358;POLYGON((-575930 8233042,-521696 8235572,-519115 8179610,-573206 8177009,-575930 8233042))
3113;POLYGON((264368 1455433,317986 1454861,317320 1399487,263835 1400075,264368 1455433))
3111;POLYGON((3640635 4846261,3697441 4840121,3690957 4781567,3634459 4787674,3640635 4846261))
3107;POLYGON((3209368 3613943,3263946 3603591,3253139 3547324,3198822 3557627,3209368 3613943))
3308;POLYGON((10194482 6431669,10250267 6427255,10245576 6369734,10190066 6374127,10194482 6431669))
3112;POLYGON((2255219 -2011251,2308396 -2020330,2298920 -2075176,2245962 -2066135,2255219 -2011251))
3577;POLYGON((2467127 -1896627,2520161 -1906387,2510097 -1960480,2457275 -1950760,2467127 -1896627))
