4326;POLYGON((154.75 -29.25,155.25 -29.25,155.25 -29.75,154.75 -29.75,154.75 -29.25))
28348;POLYGON((5633154 5461239,5690145 5428140,5651883 5363848,5595626 5397041,5633154 5461239))
28349;POLYGON((4959154 5811895,5014608 5785718,4984314 5722778,4929448 5749083,4959154 5811895))
28350;POLYGON((4303881 6088619,4357777 6068019,4333910 6006672,4280492 6027407,4303881 6088619))
28351;POLYGON((3666730 6305262,3719171 6289231,3700575 6229463,3648530 6245620,3666730 6305262))
28352;POLYGON((3045916 6472129,3097085 6459925,3082902 6401574,3032071 6413887,3045916 6472129))
28353;POLYGON((2438911 6596779,2489038 6587860,2478646 6530684,2428813 6539689,2438911 6596779))
28354;POLYGON((1842750 6684612,1892093 6678599,1885052 6622314,1835974 6628388,1842750 6684612))
28355;POLYGON((1254233 6739294,1303065 6735940,1299088 6680243,1250503 6683631,1254233 6739294))
28356;POLYGON((670052 6763046,718650 6762217,717577 6706795,669218 6707633,670052 6763046))
28357;POLYGON((86850 6756820,135495 6758482,137285 6703020,88881 6701341,86850 6756820))
28358;POLYGON((-498730 6720365,-449759 6724585,-445036 6668770,-493756 6664507,-498730 6720365))
3113;POLYGON((220118 -39805,268735 -40634,267662 -96078,219284 -95240,220118 -39805))
3111;POLYGON((3454340 3313047,3503096 3307907,3497091 3252355,3448627 3257465,3454340 3313047))
3107;POLYGON((2906674 2129481,2954385 2120546,2944072 2066174,2896613 2075062,2906674 2129481))
3308;POLYGON((10053734 4915461,10102264 4911737,10097886 4856423,10049621 4860127,10053734 4915461))
3112;POLYGON((1984581 -3471330,2031951 -3479320,2022730 -3533329,1975575 -3525375,1984581 -3471330))
3577;POLYGON((2173960 -3373298,2221217 -3381899,2211069 -3437042,2164028 -3428481,2173960 -3373298))
