4326;POLYGON((155.0 -39.5,155.5 -39.5,155.5 -40.0,155.0 -40.0,155.0 -39.5))
28348;POLYGON((4839270 4225677,4881827 4193007,4839276 4138619,4797371 4171134,4839270 4225677))
28349;POLYGON((4322285 4579896,4365712 4552928,4330535 4497168,4287680 4524063,4322285 4579896))
28350;POLYGON((3798523 4870426,3842293 4848448,3813583 4792111,3770315 4814066,3798523 4870426))
28351;POLYGON((3272891 5105107,3316685 5087515,3293669 5031074,3250319 5048670,3272891 5105107))
28352;POLYGON((2748203 5290464,2791851 5276766,2773893 5220470,2730642 5234187,2748203 5290464))
28353;POLYGON((2225784 5431745,2269220 5421549,2255816 5365500,2212741 5375718,2225784 5431745))
28354;POLYGON((1705931 5532979,1749160 5525994,1739931 5470198,1697037 5477201,1705931 5532979))
28355;POLYGON((1188258 5597062,1231332 5593089,1226018 5537486,1183262 5541471,1188258 5597062))
28356;POLYGON((671964 5625825,714960 5624751,713411 5569248,670725 5570327,671964 5625825))
28357;POLYGON((156030 5620091,199037 5621884,201208 5566372,158512 5564573,156030 5620091))
28358;POLYGON((-360617 5579694,-317511 5584406,-311558 5528777,-354342 5524051,-360617 5579694))
3113;POLYGON((222031 -1177469,265044 -1178544,263494 -1234068,220792 -1232990,222031 -1177469))
3111;POLYGON((3359245 2177280,3402037 2172655,3395920 2117422,3353418 2122015,3359245 2177280))
3107;POLYGON((2721281 1007675,2763801 999610,2753257 944713,2710991 952730,2721281 1007675))
3308;POLYGON((9990959 3779257,10034052 3775847,10029514 3720203,9986688 3723593,9990959 3779257))
3112;POLYGON((1819657 -4593498,1862564 -4600823,1852988 -4656247,1810302 -4648959,1819657 -4593498))
3577;POLYGON((1993442 -4499274,2036293 -4507160,2026281 -4560971,1983641 -4553124,1993442 -4499274))
