4326;POLYGON((155.25 -43.75,155.75 -43.75,155.75 -44.25,155.25 -44.25,155.25 -43.75))
28348;POLYGON((4498728 3759514,4535868 3728197,4492338 3677360,4455798 3708454,4498728 3759514))
28349;POLYGON((4042757 4102282,4081372 4075976,4044750 4022964,4006683 4049132,4042757 4102282))
28350;POLYGON((3573169 4387914,3612665 4366161,3582335 4311842,3543336 4333516,3573169 4387914))
28351;POLYGON((3095764 4621721,3135743 4604096,3111128 4549050,3071601 4566634,3095764 4621721))
28352;POLYGON((2614341 4808467,2654548 4794599,2635141 4739194,2595347 4753045,2614341 4808467))
28353;POLYGON((2131226 4952196,2171514 4941777,2156892 4886233,2116987 4896646,2131226 4952196))
28354;POLYGON((1647695 5056142,1687988 5048935,1677824 4993364,1637890 5000572,1647695 5056142))
28355;POLYGON((1164304 5122702,1204577 5118540,1198637 5062986,1158709 5067150,1164304 5122702))
28356;POLYGON((681149 5153433,721406 5152217,719553 5096681,679633 5097897,681149 5153433))
28357;POLYGON((198077 5149056,238336 5150758,240526 5095221,200606 5093517,198077 5149056))
28358;POLYGON((-285128 5109468,-244851 5114129,-238566 5058573,-278496 5053910,-285128 5109468))
3113;POLYGON((231220 -1650046,271492 -1651262,269638 -1706820,229703 -1705604,231220 -1650046))
3111;POLYGON((3329746 1704095,3370053 1699631,3363746 1644011,3323731 1648442,3329746 1704095))
3107;POLYGON((2653484 534111,2693814 526365,2682989 470698,2642917 478394,2653484 534111))
3308;POLYGON((9974881 3302130,10015690 3298802,10010961 3242465,9970421 3245771,9974881 3302130))
3112;POLYGON((1759927 -5072690,1800928 -5079774,1791029 -5136398,1750253 -5129353,1759927 -5072690))
3577;POLYGON((1931465 -4956433,1972527 -4964073,1962643 -5016628,1921786 -5009027,1931465 -4956433))
