4326;POLYGON((155.25 -41.5,155.75 -41.5,155.75 -42.0,155.25 -42.0,155.25 -41.5))
28348;POLYGON((4691061 3994054,4730982 3961816,4687746 3909198,4648454 3941244,4691061 3994054))
28349;POLYGON((4203518 4345206,4244639 4318366,4208586 4263950,4168027 4290684,4203518 4345206))
28350;POLYGON((3705535 4635495,3747283 4613461,3717642 4558096,3676396 4580078,3705535 4635495))
28351;POLYGON((3202594 4871562,3244601 4853815,3220688 4798035,3179130 4815764,3202594 4871562))
28352;POLYGON((2698080 5059120,2740129 5045221,2721364 4989342,2679722 5003241,2698080 5059120))
28353;POLYGON((2193865 5202877,2235846 5192473,2221761 5136657,2180152 5147070,2193865 5202877))
28354;POLYGON((1690760 5306524,1732637 5299346,1722872 5243651,1681341 5250838,1690760 5306524))
28355;POLYGON((1188856 5372751,1230642 5368613,1224945 5313030,1183490 5317176,1188856 5372751))
28356;POLYGON((687797 5403291,729533 5402084,727757 5346564,686344 5347774,687797 5403291))
28357;POLYGON((186987 5398943,228728 5400634,230827 5345112,189410 5343417,186987 5398943))
28358;POLYGON((-314233 5359592,-272434 5364227,-266405 5308636,-307871 5303992,-314233 5359592))
3113;POLYGON((237870 -1400090,279623 -1401298,277846 -1456839,236417 -1455629,237870 -1400090))
3111;POLYGON((3356735 1953798,3398354 1949189,3392075 1893823,3350748 1898400,3356735 1953798))
3107;POLYGON((2700789 783514,2742272 775546,2731537 720346,2690310 728264,2700789 783514))
3308;POLYGON((9994858 3554556,10036875 3551130,10032180 3495211,9990431 3498616,9994858 3554556))
3112;POLYGON((1803124 -4819667,1845131 -4826925,1835353 -4882852,1793569 -4875633,1803124 -4819667))
3577;POLYGON((1975386 -4717759,2017383 -4725572,2007365 -4778839,1965577 -4771064,1975386 -4717759))
