4326;POLYGON((155.5 -11.5,156.0 -11.5,156.0 -12.0,155.5 -12.0,155.5 -11.5))
28348;POLYGON((6797555 8036350,6878836 8016883,6858458 7933982,6777674 7954166,6797555 8036350))
28349;POLYGON((5871660 8236363,5945609 8221824,5930390 8146567,5856802 8161656,5871660 8236363))
28350;POLYGON((5022755 8386238,5091004 8375318,5079571 8305939,5011589 8317283,5022755 8386238))
28351;POLYGON((4233516 8498867,4297365 8490667,4288776 8425800,4225132 8434323,4233516 8498867))
28352;POLYGON((3490066 8583035,3550562 8576948,3544179 8515511,3483845 8521842,3490066 8583035))
28353;POLYGON((2781097 8644688,2839101 8640303,2834494 8581415,2776623 8585978,2781097 8644688))
28354;POLYGON((2097167 8687790,2153410 8684837,2150294 8627756,2094166 8630830,2097167 8687790))
28355;POLYGON((1430138 8714903,1485260 8713212,1483456 8657288,1428438 8659049,1430138 8714903))
28356;POLYGON((772719 8727547,827305 8727024,826714 8671666,772227 8672210,772719 8727547))
28357;POLYGON((118085 8726406,172694 8727024,173285 8671666,118775 8671023,118085 8726406))
28358;POLYGON((-540453 8711419,-485260 8713212,-483456 8657288,-538544 8655423,-540453 8711419))
3113;POLYGON((322825 1925461,377433 1924939,376842 1869559,322333 1870103,322825 1925461))
3111;POLYGON((3753380 5345240,3812805 5338501,3805826 5278372,3746717 5285075,3753380 5345240))
3107;POLYGON((3356891 4087500,3413659 4076461,3402348 4019011,3345846 4029998,3356891 4087500))
3308;POLYGON((10290640 6922336,10348772 6917455,10343690 6858614,10285839 6863471,10290640 6922336))
3112;POLYGON((2389632 -1550132,2444643 -1559749,2434792 -1615444,2380003 -1605866,2389632 -1550132))
3577;POLYGON((2605004 -1450359,2659783 -1460661,2649664 -1513892,2595093 -1503629,2605004 -1450359))
