4326;POLYGON((155.5 -31.5,156.0 -31.5,156.0 -32.0,155.5 -32.0,155.5 -31.5))
28348;POLYGON((5542628 5125971,5596420 5091618,5555829 5029613,5502781 5063987,5542628 5125971))
28349;POLYGON((4902463 5491820,4955388 5464385,4922932 5402961,4870613 5430470,4902463 5491820))
28350;POLYGON((4274173 5783166,4326034 5761390,4300241 5701006,4248880 5722879,4274173 5783166))
28351;POLYGON((3659002 6013128,3709766 5996048,3689508 5936853,3639164 5954033,3659002 6013128))
28352;POLYGON((3056591 6191672,3106334 6178560,3090757 6120515,3041373 6133716,3056591 6191672))
28353;POLYGON((2465511 6326246,2514383 6316567,2502854 6259520,2454297 6269274,2465511 6326246))
28354;POLYGON((1883664 6422272,1931857 6415641,1923923 6359379,1876013 6366065,1883664 6422272))
28355;POLYGON((1308548 6483503,1356283 6479663,1351638 6423938,1304168 6427810,1308548 6483503))
28356;POLYGON((737445 6512275,784952 6511083,783423 6455630,736171 6456832,737445 6512275))
28357;POLYGON((167530 6509673,215047 6511083,216576 6455630,169315 6454207,167530 6509673))
28358;POLYGON((-404047 6475599,-356283 6479663,-351638 6423938,-399136 6419839,-404047 6475599))
3113;POLYGON((287537 -290674,335063 -291867,333533 -347342,286263 -346138,287537 -290674))
3111;POLYGON((3499832 3055732,3547236 3050357,3540819 2995067,3493705 3000410,3499832 3055732))
3107;POLYGON((2931268 1871518,2977785 1862472,2967101 1808206,2920836 1817203,2931268 1871518))
3308;POLYGON((10106241 4661091,10153553 4657119,10148785 4601916,10101738 4605866,10106241 4661091))
3112;POLYGON((2013608 -3726574,2059962 -3734678,2050393 -3788780,2004254 -3780714,2013608 -3726574))
3577;POLYGON((2198711 -3634166,2244947 -3642862,2234496 -3697836,2188476 -3689180,2198711 -3634166))
