4326;POLYGON((155.25 -17.5,155.75 -17.5,155.75 -18.0,155.25 -18.0,155.25 -17.5))
28348;POLYGON((6475038 7091331,6549126 7064669,6520700 6987561,6447265 7014730,6475038 7091331))
28349;POLYGON((5622512 7367497,5691156 7347280,5669592 7275733,5601435 7296365,5622512 7367497))
28350;POLYGON((4828250 7577324,4892509 7561947,4876099 7494924,4812210 7510636,4828250 7577324))
28351;POLYGON((4080648 7736755,4141417 7725098,4128967 7661699,4068487 7673622,4080648 7736755))
28352;POLYGON((3369845 7856868,3427888 7848156,3418572 7787600,3360762 7796518,3369845 7856868))
28353;POLYGON((2687353 7945297,2743334 7938999,2736584 7880602,2680798 7887052,2687353 7945297))
28354;POLYGON((2025729 8007220,2080235 8002980,2075670 7946133,2021335 7950477,2025729 8007220))
28355;POLYGON((1378299 8046022,1431862 8043614,1429241 7987765,1375832 7990232,1378299 8046022))
28356;POLYGON((738903 8063720,792024 8063022,791213 8007653,738240 8008368,738903 8063720))
28357;POLYGON((101676 8061207,154837 8062185,155796 8006795,102784 8005793,101676 8061207))
28358;POLYGON((-539169 8038358,-485484 8041060,-482708 7985148,-536236 7982380,-539169 8038358))
3113;POLYGON((288996 1261375,342138 1260677,341326 1205287,288333 1206002,288996 1261375))
3111;POLYGON((3646963 4638954,3702680 4632783,3696106 4574813,3640694 4580949,3646963 4638954))
3107;POLYGON((3199396 3412314,3253041 3402010,3242185 3346186,3188798 3356440,3199396 3412314))
3308;POLYGON((10206488 6228722,10261302 6224252,10256512 6167201,10201971 6171649,10206488 6228722))
3112;POLYGON((2249091 -2207430,2301487 -2216483,2291951 -2271032,2239771 -2262017,2249091 -2207430))
3577;POLYGON((2458730 -2091233,2511002 -2100958,2500780 -2155308,2448721 -2145622,2458730 -2091233))
