4326;POLYGON((154.75 -35.25,155.25 -35.25,155.25 -35.75,154.75 -35.75,154.75 -35.25))
28348;POLYGON((5165888 4723556,5214240 4690247,5173197 4631957,5125541 4665201,5165888 4723556))
28349;POLYGON((4585038 5081200,4633412 5054195,4600092 4995538,4552304 5022546,4585038 5081200))
28350;POLYGON((4006579 5369796,4054601 5348113,4027811 5289719,3980287 5311442,4006579 5369796))
28351;POLYGON((3433686 5599797,3481173 5582654,3459961 5524830,3412902 5542027,3433686 5599797))
28352;POLYGON((2867620 5779436,2914526 5766224,2898146 5709068,2851615 5722336,2867620 5779436))
28353;POLYGON((2308323 5915048,2354691 5905304,2342578 5848782,2296545 5858575,2308323 5915048))
28354;POLYGON((1754865 6011334,1800797 6004724,1792537 5948724,1746912 5955371,1754865 6011334))
28355;POLYGON((1205763 6071584,1251398 6067882,1246713 6012243,1201367 6015966,1205763 6071584))
28356;POLYGON((659211 6097828,704707 6096911,703441 6041445,658227 6042367,659211 6097828))
28357;POLYGON((113244 6090944,158768 6092782,160880 6037290,115639 6035442,113244 6090944))
28358;POLYGON((-434137 6050702,-388420 6055355,-382860 5999642,-428283 5994962,-434137 6050702))
3113;POLYGON((209273 -705282,254787 -706200,253521 -761688,208289 -760765,209273 -705282))
3111;POLYGON((3386068 2648769,3431336 2643996,3425374 2588832,3380396 2593574,3386068 2648769))
3107;POLYGON((2785951 1476502,2830641 1468133,2820310 1413661,2775872 1421983,2785951 1476502))
3308;POLYGON((10004435 4252169,10049791 4248689,10045415 4193397,10000324 4196857,10004435 4252169))
3112;POLYGON((1876070 -4122535,1920850 -4130089,1911527 -4184697,1866964 -4177181,1876070 -4122535))
3577;POLYGON((2055156 -4033394,2099830 -4041524,2089775 -4096162,2045315 -4088070,2055156 -4033394))
