4326;POLYGON((154.75 -22.5,155.25 -22.5,155.25 -23.0,154.75 -23.0,154.75 -22.5))
28348;POLYGON((6105248 6378265,6172085 6348035,6138954 6276560,6072829 6307110,6105248 6378265))
28349;POLYGON((5327756 6694154,5390903 6670851,5365345 6603050,5302744 6626641,5327756 6694154))
28350;POLYGON((4590900 6937737,4650915 6919777,4631202 6855218,4571613 6873426,4590900 6937737))
28351;POLYGON((3888137 7124935,3945552 7111188,3930447 7049374,3873372 7063327,3888137 7124935))
28352;POLYGON((3213246 7267071,3268568 7256734,3257194 7197158,3202153 7207658,3213246 7267071))
28353;POLYGON((2560366 7372113,2614069 7364628,2605813 7306793,2552348 7314402,2560366 7372113))
28354;POLYGON((1923978 7445566,1976510 7440552,1970952 7383984,1918632 7389082,1923978 7445566))
28355;POLYGON((1298860 7491065,1350646 7488280,1347520 7432525,1295928 7435359,1298860 7491065))
28356;POLYGON((680016 7510776,731466 7510088,730624 7454710,679362 7455409,680016 7510776))
28357;POLYGON((62580 7505612,114097 7506990,115502 7451559,64173 7450156,62580 7505612))
28358;POLYGON((-558281 7475335,-506293 7478844,-502577 7422927,-554366 7419359,-558281 7475335))
3113;POLYGON((230086 708215,281556 707527,280714 652127,229432 652827,230086 708215))
3111;POLYGON((3532216 4070777,3584950 4065217,3578824 4008536,3526387 4014064,3532216 4070777))
3107;POLYGON((3043137 2867594,3094262 2858019,3083838 2803058,3032967 2812585,3043137 2867594))
3308;POLYGON((10109588 5666958,10161714 5662958,10157279 5606912,10105421 5610891,10109588 5666958))
3112;POLYGON((2106085 -2742143,2156356 -2750622,2147125 -2804689,2097070 -2796245,2106085 -2742143))
3577;POLYGON((2307947 -2628846,2358116 -2637977,2348002 -2692937,2298048 -2683845,2307947 -2628846))
