4326;POLYGON((155.5 -22.75,156.0 -22.75,156.0 -23.25,155.5 -23.25,155.5 -22.75))
28348;POLYGON((6188940 6296786,6255910 6265386,6221444 6193707,6155214 6225421,6188940 6296786))
28349;POLYGON((5409717 6624991,5473013 6600772,5446409 6532718,5383679 6557224,5409717 6624991))
28350;POLYGON((4671090 6878278,4731248 6859592,4710706 6794774,4650989 6813709,4671090 6878278))
28351;POLYGON((3966730 7073219,4024268 7058888,4008498 6996834,3951312 7011373,3966730 7073219))
28352;POLYGON((3290557 7221628,3345971 7210816,3334056 7151032,3278931 7162012,3290557 7221628))
28353;POLYGON((2636797 7331849,2690556 7323967,2681850 7265965,2628336 7273974,2636797 7331849))
28354;POLYGON((1999988 7409663,2052536 7404312,2046599 7347621,1994267 7353062,1999988 7409663))
28355;POLYGON((1374952 7458930,1426711 7455849,1423256 7400019,1371695 7403152,1374952 7458930))
28356;POLYGON((756730 7481987,808107 7481033,806972 7425630,755785 7426601,756730 7481987))
28357;POLYGON((140499 7479904,191892 7481033,193027 7425630,141824 7424482,140499 7479904))
28358;POLYGON((-478520 7452585,-426711 7455849,-423256 7400019,-474866 7396701,-478520 7452585))
3113;POLYGON((306830 679416,358227 678461,357092 623036,305885 624007,306830 679416))
3111;POLYGON((3608167 4033987,3660707 4028029,3654141 3971453,3601898 3977377,3608167 4033987))
3107;POLYGON((3114531 2825666,3165461 2815761,3154662 2760908,3103986 2770763,3114531 2825666))
3308;POLYGON((10185484 5632837,10237446 5628474,10232612 5572501,10180918 5576841,10185484 5632837))
3112;POLYGON((2176808 -2781965,2226920 -2790725,2217369 -2844720,2167473 -2835997,2176808 -2781965))
3577;POLYGON((2378077 -2670081,2428084 -2679486,2417644 -2734405,2367852 -2725040,2378077 -2670081))
