4326;POLYGON((155.5 -17.0,156.0 -17.0,156.0 -17.5,155.5 -17.5,155.5 -17.0))
28348;POLYGON((6539502 7155424,6614493 7128978,6586360 7051103,6512019 7078078,6539502 7155424))
28349;POLYGON((5677605 7429100,5746937 7409081,5725631 7336996,5656783 7357446,5677605 7429100))
28350;POLYGON((4876166 7636733,4940955 7621524,4924762 7554125,4860339 7569679,4876166 7636733))
28351;POLYGON((4122992 7794347,4184175 7782826,4171898 7719166,4111000 7730961,4122992 7794347))
28352;POLYGON((3407801 7913063,3466173 7904450,3456985 7843716,3398842 7852539,3407801 7913063))
28353;POLYGON((2721800 8000529,2778045 7994294,2771379 7935780,2715325 7942171,2721800 8000529))
28354;POLYGON((2057328 8061930,2112049 8057716,2107525 8000799,2052969 8005120,2057328 8061930))
28355;POLYGON((1407547 8100658,1461291 8098239,1458666 8042355,1405073 8044836,1407547 8100658))
28356;POLYGON((766178 8118746,819451 8117998,818590 8062621,765461 8063388,766178 8118746))
28357;POLYGON((127255 8117113,180548 8117998,181409 8062621,128259 8061713,127255 8117113))
28358;POLYGON((-515096 8095677,-461291 8098239,-458666 8042355,-512319 8039727,-515096 8095677))
3113;POLYGON((316282 1316423,369576 1315674,368715 1260276,315565 1261043,316282 1316423))
3111;POLYGON((3681265 4694049,3737271 4687698,3730526 4629589,3674826 4635905,3681265 4694049))
3107;POLYGON((3236973 3463156,3290853 3452678,3279845 3396766,3226224 3407193,3236973 3463156))
3308;POLYGON((10238561 6283707,10293638 6279083,10288701 6221918,10233898 6226519,10238561 6283707))
3112;POLYGON((2284734 -2157288,2337330 -2166482,2327672 -2221087,2275293 -2211930,2284734 -2157288))
3577;POLYGON((2494972 -2041775,2547438 -2051642,2537124 -2105897,2484871 -2096070,2494972 -2041775))
