4326;POLYGON((155.25 -28.0,155.75 -28.0,155.75 -28.5,155.25 -28.5,155.25 -28.0))
28348;POLYGON((5784453 5591169,5843442 5557715,5805206 5491978,5746968 5525562,5784453 5591169))
28349;POLYGON((5089011 5944660,5146088 5918330,5115964 5854325,5059483 5880810,5089011 5944660))
28350;POLYGON((4416228 6222457,4471456 6201809,4447808 6139694,4393059 6160499,4416228 6222457))
28351;POLYGON((3764610 6439343,3818159 6423308,3799771 6363003,3746617 6379181,3764610 6439343))
28352;POLYGON((3131678 6606221,3183781 6594014,3169761 6535303,3117990 6547631,3131678 6606221))
28353;POLYGON((2514354 6731027,2565283 6722082,2554984 6664682,2504342 6673721,2514354 6731027))
28354;POLYGON((1909229 6819409,1959277 6813331,1952246 6756922,1902455 6763068,1909229 6819409))
28355;POLYGON((1312739 6875203,1362205 6871732,1358143 6815984,1308916 6819495,1312739 6875203))
28356;POLYGON((721257 6900757,770445 6899749,769185 6844324,720227 6845344,721257 6900757))
28357;POLYGON((131142 6897125,180355 6898538,181845 6843099,132862 6841669,131142 6897125))
28358;POLYGON((-461250 6864158,-411708 6868051,-407407 6812260,-456708 6808323,-461250 6864158))
3113;POLYGON((271344 97958,320550 96950,319290 41503,270313 42524,271344 97958))
3111;POLYGON((3518135 3447050,3567594 3441573,3561280 3385900,3512114 3391345,3518135 3447050))
3107;POLYGON((2980184 2256565,3028482 2247288,3017907 2192911,2969861 2202139,2980184 2256565))
3308;POLYGON((10113218 5050158,10162392 5046148,10157743 4990776,10108834 4994764,10113218 5050158))
3112;POLYGON((2054987 -3344384,2102862 -3352655,2093435 -3406581,2045775 -3398346,2054987 -3344384))
3577;POLYGON((2246594 -3243997,2294356 -3252883,2283988 -3308008,2236442 -3299162,2246594 -3243997))
