4326;POLYGON((155.5 -31.0,156.0 -31.0,156.0 -31.5,155.5 -31.5,155.5 -31.0))
28348;POLYGON((5582225 5188472,5636764 5154154,5596420 5091618,5542628 5125971,5582225 5188472))
28349;POLYGON((4934046 5553535,4987578 5526186,4955388 5464385,4902463 5491820,4934046 5553535))
28350;POLYGON((4299211 5843704,4351571 5822033,4326034 5761390,4274173 5783166,4299211 5843704))
28351;POLYGON((3678615 6072388,3729795 6055413,3709766 5996048,3659002 6013128,3678615 6072388))
28352;POLYGON((3071620 6249728,3121718 6236711,3106334 6178560,3056591 6191672,3071620 6249728))
28353;POLYGON((2476578 6383274,2525761 6373672,2514383 6316567,2465511 6326246,2476578 6383274))
28354;POLYGON((1891210 6478504,1939684 6471930,1931857 6415641,1883664 6422272,1891210 6478504))
28355;POLYGON((1312867 6539200,1360862 6535395,1356283 6479663,1308548 6483503,1312867 6539200))
28356;POLYGON((738700 6567714,786460 6566533,784952 6511083,737445 6512275,738700 6567714))
28357;POLYGON((165770 6565136,213539 6566533,215047 6511083,167530 6509673,165770 6565136))
28358;POLYGON((-408889 6531366,-360862 6535395,-356283 6479663,-404047 6475599,-408889 6531366))
3113;POLYGON((288794 -235213,336571 -236395,335063 -291867,287537 -290674,288794 -235213))
3111;POLYGON((3505963 3111095,3553657 3105686,3547236 3050357,3499832 3055732,3505963 3111095))
3107;POLYGON((2941700 1925833,2988468 1916738,2977785 1862472,2931268 1871518,2941700 1925833))
3308;POLYGON((10110745 4716326,10158322 4712331,10153553 4657119,10106241 4661091,10110745 4716326))
3112;POLYGON((2022955 -3672475,2069524 -3680616,2059962 -3734678,2013608 -3726574,2022955 -3672475))
3577;POLYGON((2208953 -3579120,2255403 -3587856,2244947 -3642862,2198711 -3634166,2208953 -3579120))
