4326;POLYGON((155.25 -25.0,155.75 -25.0,155.75 -25.5,155.25 -25.5,155.25 -25.0))
28348;POLYGON((6001951 5995989,6065437 5963666,6029386 5894628,5966646 5927183,6001951 5995989))
28349;POLYGON((5259176 6335380,5319775 6310238,5291709 6243985,5231690 6269356,5259176 6335380))
28350;POLYGON((4549003 6599278,4607037 6579749,4585218 6516140,4527642 6535877,4549003 6599278))
28351;POLYGON((3867277 6803564,3923109 6788512,3906274 6727249,3850812 6742480,3867277 6803564))
28352;POLYGON((3209521 6959709,3263530 6948318,3250769 6889028,3197067 6900567,3209521 6959709))
28353;POLYGON((2571149 7075911,2623718 7067599,2614385 7009883,2562079 7018308,2571149 7075911))
28354;POLYGON((1947593 7157907,1999100 7152275,1992748 7095727,1941474 7101438,1947593 7157907))
28355;POLYGON((1334369 7209547,1385184 7206337,1381522 7150556,1330922 7153812,1334369 7209547))
28356;POLYGON((727084 7233167,777570 7232235,776435 7176828,726156 7177773,727084 7233167))
28357;POLYGON((121413 7229811,171929 7231117,173272 7175693,122963 7174369,121413 7229811))
28358;POLYGON((-486948 7199332,-436043 7202932,-432164 7147103,-482852 7143451,-486948 7199332))
3113;POLYGON((277173 430498,327678 429566,326543 374137,276244 375083,277173 430498))
3111;POLYGON((3554432 3782861,3605654 3777189,3599287 3721045,3548360 3726685,3554432 3782861))
3107;POLYGON((3042262 2583860,3092074 2574292,3081455 2519683,3031895 2529202,3042262 2583860))
3308;POLYGON((10139597 5383482,10190366 5379342,10185692 5323675,10135190 5327793,10139597 5383482))
3112;POLYGON((2110248 -3020697,2159410 -3029190,2149983 -3083111,2101036 -3074655,2110248 -3020697))
3577;POLYGON((2307483 -2913119,2356540 -2922246,2346182 -2977318,2297341 -2968231,2307483 -2913119))
