4326;POLYGON((154.75 -43.75,155.25 -43.75,155.25 -44.25,154.75 -44.25,154.75 -43.75))
28348;POLYGON((4461437 3790396,4498728 3759514,4455798 3708454,4419101 3739121,4461437 3790396))
28349;POLYGON((4004049 4128191,4042757 4102282,4006683 4049132,3968519 4074910,4004049 4128191))
28350;POLYGON((3533620 4409307,3573169 4387914,3543336 4333516,3504281 4354834,3533620 4409307))
28351;POLYGON((3055759 4639020,3095764 4621721,3071601 4566634,3032044 4583893,3055759 4639020))
28352;POLYGON((2574123 4822037,2614341 4808467,2595347 4753045,2555540 4766598,2574123 4822037))
28353;POLYGON((2090936 4962339,2131226 4952196,2116987 4896646,2077077 4906785,2090936 4962339))
28354;POLYGON((1607404 5063089,1647695 5056142,1637890 5000572,1597957 5007520,1607404 5063089))
28355;POLYGON((1124033 5126616,1164304 5122702,1158709 5067150,1118781 5071066,1124033 5126616))
28356;POLYGON((640893 5154405,681149 5153433,679633 5097897,639714 5098870,640893 5154405))
28357;POLYGON((157818 5147109,198077 5149056,200606 5093517,160685 5091569,157818 5147109))
28358;POLYGON((-325406 5104556,-285128 5109468,-278496 5053910,-318427 5048997,-325406 5104556))
3113;POLYGON((190948 -1649074,231220 -1650046,229703 -1705604,189769 -1704630,190948 -1649074))
3111;POLYGON((3289416 1708347,3329746 1704095,3323731 1648442,3283693 1652663,3289416 1708347))
3107;POLYGON((2613119 541670,2653484 534111,2642917 478394,2602810 485906,2613119 541670))
3308;POLYGON((9934057 3305262,9974881 3302130,9970421 3245771,9929867 3248883,9934057 3305262))
3112;POLYGON((1718899 -5065770,1759927 -5072690,1750253 -5129353,1709450 -5122471,1718899 -5065770))
3577;POLYGON((1890373 -4948954,1931465 -4956433,1921786 -5009027,1880900 -5001585,1890373 -4948954))
