4326;POLYGON((155.0 -34.0,155.5 -34.0,155.5 -34.5,155.0 -34.5,155.0 -34.0))
28348;POLYGON((5290995 4854846,5341106 4821129,5300166 4761662,5250767 4795339,5290995 4854846))
28349;POLYGON((4690836 5215902,4740699 5188701,4707628 5129158,4658358 5156385,4690836 5215902))
28350;POLYGON((4095977 5505996,4145268 5484237,4118779 5425202,4069987 5447018,4095977 5505996))
28351;POLYGON((3509037 5736464,3557617 5719305,3536699 5661039,3488544 5678266,3509037 5736464))
28352;POLYGON((2930794 5916123,2978654 5902916,2962523 5845473,2915033 5858747,2930794 5916123))
28353;POLYGON((2360772 6051690,2407988 6041946,2396054 5985256,2349167 5995057,2360772 6051690))
28354;POLYGON((1797672 6148117,1844375 6141483,1836210 6085400,1789807 6092077,1797672 6148117))
28355;POLYGON((1239686 6208854,1286039 6205095,1281357 6149430,1235284 6153214,1239686 6208854))
28356;POLYGON((684709 6236040,730897 6235026,729534 6179565,683619 6180587,684709 6236040))
28357;POLYGON((130495 6230624,176706 6232318,178616 6176838,132679 6175133,130495 6230624))
28358;POLYGON((-425239 6192416,-378814 6196878,-373566 6141157,-419706 6136666,-425239 6192416))
3113;POLYGON((234781 -567016,280987 -568032,279623 -623514,233691 -622492,234781 -567016))
3111;POLYGON((3423255 2784414,3469235 2779444,3463124 2724263,3417434 2729202,3423255 2784414))
3107;POLYGON((2833791 1608454,2879091 1599862,2868647 1545485,2823599 1554029,2833791 1608454))
3308;POLYGON((10037717 4388628,10083726 4384987,10079221 4329751,10033477 4333371,10037717 4388628))
3112;POLYGON((1921446 -3990039,1966753 -3997774,1957352 -4052186,1912262 -4044488,1921446 -3990039))
3577;POLYGON((2102419 -3900503,2147613 -3908820,2137421 -3963601,2092442 -3955323,2102419 -3900503))
