4326;POLYGON((155.0 -14.5,155.5 -14.5,155.5 -15.0,155.0 -15.0,155.0 -14.5))
28348;POLYGON((6589769 7572250,6667235 7549279,6643022 7469587,6566129 7493164,6589769 7572250))
28349;POLYGON((5702860 7809181,5773986 7791900,5755766 7718757,5685062 7736517,5702860 7809181))
28350;POLYGON((4883053 7987898,4949178 7974841,4935407 7906855,4869599 7920287,4883053 7987898))
28351;POLYGON((4115949 8122861,4178164 8113019,4167777 8049062,4105807 8059196,4115949 8122861))
28352;POLYGON((3389728 8224010,3448936 8216691,3441202 8155836,3382190 8163377,3389728 8224010))
28353;POLYGON((2694524 8298118,2751487 8292852,2745910 8234320,2689111 8239747,2694524 8298118))
28354;POLYGON((2021916 8349731,2077290 8346208,2073543 8289323,2018311 8292955,2021916 8349731))
28355;POLYGON((1364501 8381791,1418873 8379817,1416748 8323979,1362505 8326015,1364501 8381791))
28356;POLYGON((715544 8396032,769458 8395502,768843 8340155,715053 8340702,715544 8396032))
28357;POLYGON((68678 8393200,122657 8394086,123519 8338695,69665 8337781,68678 8393200))
28358;POLYGON((-582377 8373148,-527807 8375496,-525422 8319523,-579861 8317102,-582377 8373148))
3113;POLYGON((265629 1593817,319563 1593287,318947 1537918,265136 1538465,265629 1593817))
3111;POLYGON((3656158 4993491,3713737 4987267,3707204 4928275,3649935 4934465,3656158 4993491))
3107;POLYGON((3235842 3755306,3291074 3744830,3280204 3688234,3225234 3698660,3235842 3755306))
3308;POLYGON((10205568 6576154,10262045 6571684,10257325 6513802,10201125 6518250,10205568 6576154))
3112;POLYGON((2278430 -1873645,2332154 -1882817,2322639 -1937893,2269134 -1928758,2278430 -1873645))
3577;POLYGON((2491688 -1761679,2545250 -1771536,2535227 -1825409,2481876 -1815591,2491688 -1761679))
