4326;POLYGON((155.5 -25.0,156.0 -25.0,156.0 -25.5,155.5 -25.5,155.5 -25.0))
28348;POLYGON((6033662 5979912,6097275 5947248,6060845 5878095,5997987 5910991,6033662 5979912))
28349;POLYGON((5289447 6322875,5350160 6297468,5321800 6231101,5261672 6256737,5289447 6322875))
28350;POLYGON((4577995 6589565,4636129 6569828,4614078 6506114,4556406 6526061,4577995 6589565))
28351;POLYGON((3895172 6796080,3951088 6780860,3934065 6719507,3878522 6734907,3895172 6796080))
28352;POLYGON((3236509 6954048,3290586 6942517,3277670 6883154,3223902 6894833,3236509 6954048))
28353;POLYGON((2597421 7071785,2650042 7063354,2640576 7005580,2588219 7014125,2597421 7071785))
28354;POLYGON((1973338 7155117,2024882 7149380,2018412 7092792,1967102 7098609,1973338 7155117))
28355;POLYGON((1359771 7207966,1410608 7204659,1406837 7148854,1356216 7152209,1359771 7207966))
28356;POLYGON((752326 7232724,802818 7231699,801579 7176284,751294 7177324,752326 7232724))
28357;POLYGON((146673 7230487,197181 7231699,198420 7176284,148120 7175055,146673 7230487))
28358;POLYGON((-461490 7201157,-410608 7204659,-406837 7148854,-457502 7145302,-461490 7201157))
3113;POLYGON((302424 430055,352936 429030,351697 373594,301392 374634,302424 430055))
3111;POLYGON((3580046 3780059,3631253 3774252,3624739 3718125,3573827 3723898,3580046 3780059))
3107;POLYGON((3067174 2579105,3116964 2569422,3106218 2514838,3056680 2524471,3067174 2579105))
3308;POLYGON((10164984 5381442,10215743 5377180,10210936 5321525,10160444 5325764,10164984 5381442))
3112;POLYGON((2134833 -3024919,2183978 -3033511,2174444 -3087413,2125514 -3078859,2134833 -3024919))
3577;POLYGON((2332016 -2917658,2381055 -2926881,2370589 -2981933,2321766 -2972751,2332016 -2917658))
