4326;POLYGON((154.75 -36.75,155.25 -36.75,155.25 -37.25,154.75 -37.25,154.75 -36.75))
28348;POLYGON((5044335 4549864,5090614 4516784,5049091 4459890,5003491 4492871,5044335 4549864))
28349;POLYGON((4486216 4906247,4532836 4879260,4498912 4821634,4452873 4848596,4486216 4906247))
28350;POLYGON((3927071 5195442,3973596 5173663,3946182 5116000,3900156 5137795,3927071 5195442))
28351;POLYGON((3370751 5426961,3416947 5409673,3395152 5352339,3349390 5369664,3370751 5426961))
28352;POLYGON((2819107 5608427,2864880 5595061,2847997 5538211,2802606 5551620,2819107 5608427))
28353;POLYGON((2272592 5745790,2317946 5735909,2305430 5679558,2260420 5689477,2272592 5745790))
28354;POLYGON((1730724 5843513,1775726 5836798,1767176 5780873,1722491 5787617,1730724 5843513))
28355;POLYGON((1192416 5904742,1237173 5900978,1232319 5845354,1187862 5849136,1192416 5904742))
28356;POLYGON((656223 5931432,700864 5930499,699552 5875021,655203 5875958,656223 5931432))
28357;POLYGON((120517 5924430,165182 5926299,167371 5870799,123000 5868921,120517 5924430))
28358;POLYGON((-416365 5883514,-371541 5888243,-365782 5832557,-410302 5827805,-416365 5883514))
3113;POLYGON((206284 -871743,250942 -872677,249630 -928177,205263 -927239,206284 -871743))
3111;POLYGON((3369052 2483198,3413450 2478517,3407488 2423358,3363379 2428008,3369052 2483198))
3107;POLYGON((2755692 1312832,2799625 1304605,2789270 1250012,2745590 1258192,2755692 1312832))
3308;POLYGON((9992096 4086150,10036657 4082731,10032274 4027348,9987978 4030747,9992096 4086150))
3112;POLYGON((1848713 -4286716,1892840 -4294159,1883473 -4349021,1839565 -4341615,1848713 -4286716))
3577;POLYGON((2025675 -4197194,2069708 -4205208,2059697 -4259606,2015877 -4251631,2025675 -4197194))
