4326;POLYGON((154.75 -32.5,155.25 -32.5,155.25 -33.0,154.75 -33.0,154.75 -32.5))
28348;POLYGON((5384299 5052923,5436554 5019471,5396603 4958505,5345066 4991960,5384299 5052923))
28349;POLYGON((4761055 5409892,4812671 5383080,4780611 5322485,4729586 5349355,4761055 5409892))
28350;POLYGON((4147193 5694994,4197937 5673664,4172400 5613919,4122148 5635331,4147193 5694994))
28351;POLYGON((3544365 5920345,3594171 5903605,3574101 5844883,3524711 5861710,3544365 5920345))
28352;POLYGON((2952567 6095220,3001483 6082391,2986075 6024680,2937517 6037588,2952567 6095220))
28353;POLYGON((2370686 6226589,2418838 6217168,2407492 6160341,2359657 6169827,2370686 6226589))
28354;POLYGON((1796904 6319532,1844462 6313159,1836749 6257026,1789478 6263446,1796904 6319532))
28355;POLYGON((1228972 6377551,1276135 6373990,1271769 6318323,1224875 6321913,1228972 6377551))
28356;POLYGON((664404 6402791,711386 6401910,710207 6346464,663488 6347352,664404 6402791))
28357;POLYGON((100602 6396172,147621 6397939,149588 6342462,102833 6340681,100602 6396172))
28358;POLYGON((-465055 6357454,-417782 6361934,-412599 6306173,-459596 6301659,-465055 6357454))
3113;POLYGON((214468 -400201,261468 -401082,260289 -456550,213551 -455661,214468 -400201))
3111;POLYGON((3417297 2952628,3464161 2947687,3458187 2892417,3411614 2897328,3417297 2952628))
3107;POLYGON((2841306 1775907,2887381 1767279,2877072 1712927,2831248 1721509,2841306 1775907))
3308;POLYGON((10027026 4556119,10073836 4552527,10069466 4497300,10022920 4500872,10027026 4556119))
3112;POLYGON((1925948 -3823201,1971919 -3830955,1962656 -3885209,1916902 -3877491,1925948 -3823201))
3577;POLYGON((2109478 -3731572,2155333 -3739918,2145220 -3794873,2099580 -3786566,2109478 -3731572))
