4326;POLYGON((155.25 -40.5,155.75 -40.5,155.75 -41.0,155.25 -41.0,155.25 -40.5))
28348;POLYGON((4776008 4100896,4817208 4068298,4774138 4014848,4733580 4047269,4776008 4100896))
28349;POLYGON((4274066 4455196,4316322 4428165,4280553 4373103,4238866 4400043,4274066 4455196))
28350;POLYGON((3763317 4747023,3806071 4724906,3776761 4669064,3734510 4691143,3763317 4747023))
28351;POLYGON((3249028 4983636,3291932 4965870,3268350 4909759,3225894 4927519,3249028 4983636))
28352;POLYGON((2734354 5171182,2777210 5157298,2758745 5101206,2716291 5115100,2734354 5171182))
28353;POLYGON((2220929 5314664,2263647 5304288,2249809 5248351,2207458 5258742,2220929 5314664))
28354;POLYGON((1709331 5417970,1751894 5410820,1742311 5355069,1700090 5362234,1709331 5417970))
28355;POLYGON((1199431 5483918,1241869 5479799,1236283 5424203,1194169 5428332,1199431 5483918))
28356;POLYGON((690658 5514313,733032 5513111,731291 5457599,689235 5458804,690658 5514313))
28357;POLYGON((182212 5509986,224591 5511669,226649 5456153,184587 5454465,182212 5509986))
28358;POLYGON((-326772 5470818,-284316 5475432,-278405 5419826,-320534 5415200,-326772 5470818))
3113;POLYGON((240733 -1289026,283123 -1290228,281381 -1345761,239309 -1344556,240733 -1289026))
3111;POLYGON((3368697 2064467,3410897 2059793,3404627 2004511,3362718 2009152,3368697 2064467))
3107;POLYGON((2721697 893750,2763691 885684,2752990 830658,2711251 838674,2721697 893750))
3308;POLYGON((10003694 3666205,10046245 3662735,10041563 3606970,9999279 3610418,10003694 3666205))
3112;POLYGON((1822163 -4708147,1864613 -4715481,1854884 -4771136,1812655 -4763840,1822163 -4708147))
3577;POLYGON((1995082 -4610734,2037496 -4618625,2027427 -4672166,1985222 -4664314,1995082 -4610734))
