4326;POLYGON((154.75 -18.0,155.25 -18.0,155.25 -18.5,154.75 -18.5,154.75 -18.0))
28348;POLYGON((6374312 7041278,6447265 7014730,6418895 6938619,6346590 6965648,6374312 7041278))
28349;POLYGON((5533669 7316533,5601435 7296365,5579873 7225547,5512591 7246111,5533669 7316533))
28350;POLYGON((4748636 7525995,4812210 7510636,4795780 7444147,4732575 7459827,4748636 7525995))
28351;POLYGON((4008256 7685268,4068487 7673622,4056019 7610611,3996077 7622512,4008256 7685268))
28352;POLYGON((3303144 7805212,3360762 7796518,3351442 7736238,3294058 7745129,3303144 7805212))
28353;POLYGON((2625154 7893315,2680798 7887052,2674068 7828845,2618621 7835253,2625154 7893315))
28354;POLYGON((1967096 7954658,2021335 7950477,2016821 7893751,1962755 7898030,1967096 7954658))
28355;POLYGON((1322479 7992550,1375832 7990232,1373299 7934446,1320103 7936819,1322479 7992550))
28356;POLYGON((685283 8008939,738240 8008368,737559 7953014,684753 7953599,685283 8008939))
28357;POLYGON((49747 8004647,102784 8005793,103921 7950378,51037 7949204,49747 8004647))
28358;POLYGON((-589830 7979459,-536236 7982380,-533224 7926407,-586656 7923417,-589830 7979459))
3113;POLYGON((235355 1206573,288333 1206002,287652 1150626,234825 1151211,235355 1206573))
3111;POLYGON((3585250 4586795,3640694 4580949,3634441 4523097,3579301 4528910,3585250 4586795))
3107;POLYGON((3135365 3366447,3188798 3356440,3178221 3300676,3125046 3310634,3135365 3366447))
3308;POLYGON((10147410 6175836,10201971 6171649,10197464 6114698,10143176 6118864,10147410 6175836))
3112;POLYGON((2187557 -2253209,2239771 -2262017,2230464 -2316533,2178466 -2307762,2187557 -2253209))
3577;POLYGON((2396625 -2136141,2448721 -2145622,2438699 -2200084,2386815 -2190641,2396625 -2136141))
