4326;POLYGON((155.75 -8.25,156.25 -8.25,156.25 -8.75,155.75 -8.75,155.75 -8.25))
28348;POLYGON((6949710 8571890,7034159 8557241,7018836 8471650,6934769 8487113,6949710 8571890))
28349;POLYGON((5991663 8721916,6067925 8711042,6056553 8634060,5980566 8645548,5991663 8721916))
28350;POLYGON((5119089 8833716,5189056 8825589,5180556 8755106,5110791 8763697,5119089 8833716))
28351;POLYGON((4312055 8917371,4377211 8911291,4370850 8845723,4305848 8852154,4312055 8917371))
28352;POLYGON((3554869 8979705,3616388 8975202,3611672 8913331,3550274 8918097,3554869 8979705))
28353;POLYGON((2834965 9025308,2893797 9022064,2890395 8962921,2831661 8966354,2834965 9025308))
28354;POLYGON((2142025 9057220,2198962 9055030,2196655 8997815,2139802 9000133,2142025 9057220))
28355;POLYGON((1467281 9077403,1523009 9076136,1521661 9020158,1466009 9021499,1467281 9077403))
28356;POLYGON((802972 9087020,858111 9086605,857646 9031242,802579 9031681,802972 9087020))
28357;POLYGON((141888 9086605,197027 9087020,197420 9031681,142353 9031242,141888 9086605))
28358;POLYGON((-523009 9076136,-467281 9077403,-466009 9021499,-521661 9020158,-523009 9076136))
3113;POLYGON((353090 2285074,408250 2284659,407786 2229275,352697 2229714,353090 2285074))
3111;POLYGON((3828046 5738274,3889534 5731138,3882222 5669555,3821058 5676654,3828046 5738274))
3107;POLYGON((3458764 4459878,3517255 4448363,3505579 4389773,3447360 4401235,3458764 4459878))
3308;POLYGON((10352213 7307080,10412186 7301900,10406852 7241815,10347166 7246970,10352213 7307080))
3112;POLYGON((2481019 -1189529,2537463 -1199512,2527342 -1256077,2471123 -1246134,2481019 -1189529))
3577;POLYGON((2696969 -1112158,2753071 -1122823,2742994 -1175271,2687097 -1164646,2696969 -1112158))
