4326;POLYGON((155.75 -35.5,156.25 -35.5,156.25 -36.0,155.75 -36.0,155.75 -35.5))
28348;POLYGON((5241712 4627192,5289647 4592760,5247103 4534872,5199881 4569217,5241712 4627192))
28349;POLYGON((4664870 4997333,4712970 4969353,4678350 4910886,4630852 4938855,4664870 4997333))
28350;POLYGON((4089040 5296772,4136882 5274242,4108968 5215906,4061638 5238467,4089040 5296772))
28351;POLYGON((3517911 5536198,3565275 5518318,3543089 5460476,3496165 5478405,3517911 5536198))
28352;POLYGON((2953122 5724084,2999933 5710224,2982704 5653011,2936278 5666925,2953122 5724084))
28353;POLYGON((2394892 5866992,2441174 5856671,2428311 5800082,2382372 5810451,2394892 5866992))
28354;POLYGON((1842489 5969840,1888329 5962705,1879398 5906643,1833869 5913815,1842489 5969840))
28355;POLYGON((1294571 6036112,1340100 6031924,1334801 5976241,1289566 5980452,1294571 6036112))
28356;POLYGON((749437 6068028,794804 6066648,792963 6011164,747880 6012553,749437 6068028))
28357;POLYGON((205195 6066648,250562 6068028,252119 6012553,207036 6011164,205195 6066648))
28358;POLYGON((-340100 6031924,-294571 6036112,-289566 5980452,-334801 5976241,-340100 6031924))
3113;POLYGON((299534 -735094,344919 -736475,343078 -791980,297977 -790591,299534 -735094))
3111;POLYGON((3473452 2611419,3518523 2606188,3511982 2551093,3467201 2556290,3473452 2611419))
3107;POLYGON((2870001 1432349,2914485 1423592,2903646 1369200,2859414 1377908,2870001 1432349))
3308;POLYGON((10092810 4217360,10137998 4213457,10133092 4158197,10088168 4162077,10092810 4217360))
3112;POLYGON((1960831 -4165096,2005441 -4172986,1995677 -4227558,1951284 -4219706,1960831 -4165096))
3577;POLYGON((2139336 -4077138,2183838 -4085598,2173363 -4140118,2129074 -4131699,2139336 -4077138))
