4326;POLYGON((156.0 -38.0,156.5 -38.0,156.5 -38.5,156.0 -38.5,156.0 -38.0))
28348;POLYGON((5053273 4325175,5097657 4291015,5054086 4235590,5010389 4269606,5053273 4325175))
28349;POLYGON((4515379 4694601,4560476 4666532,4524621 4609885,4480117 4637895,4515379 4694601))
28350;POLYGON((3972608 4996497,4017890 4973686,3988710 4916639,3943942 4939442,3972608 4996497))
28351;POLYGON((3429808 5239938,3474965 5221692,3451590 5164715,3406882 5182980,3429808 5239938))
28352;POLYGON((2889634 5432354,2934513 5418114,2916237 5361443,2871756 5375713,2889634 5432354))
28353;POLYGON((2353192 5579657,2397747 5568985,2384015 5512697,2339818 5523400,2353192 5579657))
28354;POLYGON((1820521 5686370,1864779 5678940,1855175 5623012,1811246 5630469,1820521 5686370))
28355;POLYGON((1290961 5755760,1334997 5751344,1329231 5695690,1285505 5700123,1290961 5755760))
28356;POLYGON((763421 5789936,807337 5788401,805235 5732898,761620 5734440,763421 5789936))
28357;POLYGON((236578 5789936,280489 5791235,281989 5735744,238379 5734440,236578 5789936))
28358;POLYGON((-290961 5755760,-246939 5759931,-241793 5704312,-285505 5700123,-290961 5755760))
3113;POLYGON((313524 -1013294,357457 -1014830,355354 -1070355,311722 -1068812,313524 -1013294))
3111;POLYGON((3464008 2333268,3507618 2328090,3500929 2272989,3457609 2278132,3464008 2333268))
3107;POLYGON((2838599 1155489,2881803 1146880,2870790 1092279,2827840 1100838,2838599 1155489))
3308;POLYGON((10091510 3938753,10135364 3934860,10130310 3879428,10086720 3883297,10091510 3938753))
3112;POLYGON((1934709 -4442844,1978214 -4450628,1968258 -4505638,1924972 -4497894,1934709 -4442844))
3577;POLYGON((2109906 -4353227,2153328 -4361570,2142832 -4415631,2099622 -4407329,2109906 -4353227))
