4326;POLYGON((156.0 -30.0,156.5 -30.0,156.5 -30.5,156.0 -30.5,156.0 -30.0))
28348;POLYGON((5716668 5280835,5772807 5245969,5732224 5182300,5676851 5217225,5716668 5280835))
28349;POLYGON((5051128 5650924,5105986 5623248,5073735 5560584,5019494 5588365,5051128 5650924))
28350;POLYGON((4401857 5944097,4455323 5922229,4429811 5860946,4376847 5882936,4401857 5944097))
28351;POLYGON((3769155 6174655,3821267 6157551,3801288 6097727,3749593 6114949,3769155 6174655))
28352;POLYGON((3151903 6353327,3202796 6340210,3187449 6281745,3136909 6294967,3151903 6353327))
28353;POLYGON((2548057 6488058,2597927 6478356,2586548 6421049,2536986 6430836,2548057 6488058))
28354;POLYGON((1955008 6584586,2004087 6577894,1996204 6521490,1947401 6528245,1955008 6584586))
28355;POLYGON((1369825 6646878,1418364 6642925,1413661 6587142,1365376 6591133,1369825 6646878))
28356;POLYGON((789409 6677424,837672 6676053,835963 6620596,787945 6621980,789409 6677424))
28357;POLYGON((210590 6677424,258842 6678582,260061 6623150,212054 6621980,210590 6677424))
28358;POLYGON((-369825 6646878,-321318 6650611,-317123 6594903,-365376 6591133,-369825 6646878))
3113;POLYGON((339522 -125461,387804 -126832,386094 -182311,338058 -180926,339522 -125461))
3111;POLYGON((3566517 3216483,3614764 3210755,3608041 3155367,3560084 3161060,3566517 3216483))
3107;POLYGON((3009838 2025287,3057066 2015876,3046129 1961647,2999152 1971008,3009838 2025287))
3308;POLYGON((10167863 4822804,10215948 4818535,10210912 4763313,10163091 4767558,10167863 4822804))
3112;POLYGON((2088630 -3572597,2135596 -3581001,2125831 -3634955,2079080 -3626590,2088630 -3572597))
3577;POLYGON((2276332 -3477765,2323178 -3486766,2312497 -3541781,2265865 -3532822,2276332 -3477765))
