4326;POLYGON((156.5 -27.5,157.0 -27.5,157.0 -28.0,156.5 -28.0,156.5 -27.5))
28348;POLYGON((5971281 5572763,6031454 5537737,5991604 5471103,5932221 5506267,5971281 5572763))
28349;POLYGON((5262714 5942464,5320811 5914949,5289474 5850153,5232000 5877833,5262714 5942464))
28350;POLYGON((4578666 6232648,4634767 6211082,4610181 6148299,4554578 6170032,4578666 6232648))
28351;POLYGON((3917464 6459289,3971752 6442519,3952611 6381672,3898730 6398595,3917464 6459289))
28352;POLYGON((3276459 6634150,3329181 6621329,3314526 6562198,3262143 6575150,3276459 6634150))
28353;POLYGON((2652413 6765793,2703854 6756311,2692991 6698601,2641841 6708187,2652413 6765793))
28354;POLYGON((2041768 6860329,2092233 6853755,2084672 6797137,2034465 6803787,2041768 6860329))
28355;POLYGON((1440824 6921951,1490624 6917999,1486036 6862133,1436474 6866131,1440824 6921951))
28356;POLYGON((845828 6953301,895275 6951805,893470 6896342,844249 6897857,845828 6953301))
28357;POLYGON((253023 6955694,302431 6956590,303332 6901185,254149 6900278,253023 6955694))
28358;POLYGON((-341346 6929227,-291664 6932554,-288019 6876860,-337468 6873494,-341346 6929227))
3113;POLYGON((395963 150523,445430 149026,443623 93542,394383 95057,395963 150523))
3111;POLYGON((3648487 3488560,3698162 3482398,3691109 3426744,3641727 3432870,3648487 3488560))
3107;POLYGON((3111805 2287285,3160244 2277399,3149035 2223119,3100847 2232954,3111805 2287285))
3308;POLYGON((10241165 5095068,10290553 5090445,10285238 5035093,10236116 5039691,10241165 5095068))
3112;POLYGON((2184358 -3311562,2232362 -3320348,2222401 -3374166,2174611 -3365419,2184358 -3311562))
3577;POLYGON((2376624 -3211497,2424512 -3220892,2413606 -3275915,2365933 -3266562,2376624 -3211497))
