4326;POLYGON((156.0 -11.25,156.5 -11.25,156.5 -11.75,156.0 -11.75,156.0 -11.25))
28348;POLYGON((6888733 8058481,6970959 8038899,6950469 7955061,6868744 7975383,6888733 8058481))
28349;POLYGON((5952995 8259545,6027668 8244937,6012383 8168990,5938073 8184165,5952995 8259545))
28350;POLYGON((5096550 8410064,5165354 8399100,5153879 8329209,5085344 8340609,5096550 8410064))
28351;POLYGON((4301529 8523135,4365803 8514903,4357183 8449657,4293114 8458222,4301529 8523135))
28352;POLYGON((3553654 8607686,3614474 8601567,3608061 8539853,3547403 8546223,3553654 8607686))
28353;POLYGON((2841333 8669758,2899581 8665335,2894937 8606249,2836821 8610856,2841333 8669758))
28354;POLYGON((2154919 8713382,2211340 8710380,2208175 8653167,2151868 8656295,2154919 8713382))
28355;POLYGON((1486134 8741174,1541377 8739419,1539509 8683420,1484368 8685250,1486134 8741174))
28356;POLYGON((827591 8754703,882248 8754097,881573 8698715,827013 8699346,827591 8754703))
28357;POLYGON((172408 8754703,227042 8755215,227524 8699879,172986 8699346,172408 8754703))
28358;POLYGON((-486134 8741174,-430961 8742831,-429297 8686976,-484368 8685250,-486134 8741174))
3113;POLYGON((377719 1952628,432397 1952022,431722 1896618,377140 1897249,377719 1952628))
3111;POLYGON((3816304 5368645,3875851 5361575,3868543 5301378,3809313 5308410,3816304 5368645))
3107;POLYGON((3419326 4105248,3476176 4093919,3464583 4036439,3407999 4047715,3419326 4105248))
3308;POLYGON((10351319 6946943,10409569 6941771,10404197 6882866,10346229 6888012,10351319 6946943))
3112;POLYGON((2449577 -1531854,2504659 -1541710,2494576 -1597428,2439715 -1587612,2449577 -1531854))
3577;POLYGON((2664835 -1434087,2719677 -1444624,2709360 -1497760,2654726 -1487263,2664835 -1434087))
