4326;POLYGON((156.25 -26.0,156.75 -26.0,156.75 -26.5,156.25 -26.5,156.25 -26.0))
28348;POLYGON((6055151 5792690,6117585 5758539,6079206 5690219,6017554 5724563,6055151 5792690))
28349;POLYGON((5322921 6151985,5382770 6125320,5352776 6059405,5293538 6086274,5322921 6151985))
28350;POLYGON((4620378 6432417,4677860 6411626,4654452 6348124,4597453 6369109,4620378 6432417))
28351;POLYGON((3944416 6650396,3999819 6634300,3981676 6573011,3926665 6589278,3944416 6650396))
28352;POLYGON((3291312 6817867,3344962 6805612,3331128 6746228,3277803 6758627,3291312 6817867))
28353;POLYGON((2657026 6943439,2709266 6934413,2699054 6876578,2647091 6885717,2657026 6943439))
28354;POLYGON((2037387 7033197,2088566 7026973,2081496 6970311,2030562 6976616,2037387 7033197))
28355;POLYGON((1428214 7091280,1478680 7087577,1474434 7031711,1424193 7035463,1428214 7091280))
28356;POLYGON((825360 7120268,875457 7118924,873850 7063478,823968 7064839,825360 7120268))
28357;POLYGON((224720 7121418,274789 7122377,275752 7066977,225898 7066005,224720 7121418))
28358;POLYGON((-377792 7094781,-327411 7098082,-323837 7042356,-373995 7039011,-377792 7094781))
3113;POLYGON((375487 317555,425603 316211,423995 260743,374094 262105,375487 317555))
3111;POLYGON((3643532 3659116,3694103 3652978,3687168 3597076,3636891 3603180,3643532 3659116))
3107;POLYGON((3120107 2455424,3169324 2445498,3158218 2391083,3109253 2400958,3120107 2455424))
3308;POLYGON((10231240 5263730,10281435 5259152,10276239 5203647,10226310 5208200,10231240 5263730))
3112;POLYGON((2189258 -3145636,2237922 -3154443,2228069 -3208272,2179619 -3199504,2189258 -3145636))
3577;POLYGON((2384411 -3041646,2432963 -3051073,2422168 -3106096,2373831 -3096711,2384411 -3041646))
