4326;POLYGON((155.75 -31.25,156.25 -31.25,156.25 -31.75,155.75 -31.75,155.75 -31.25))
28348;POLYGON((5589533 5140068,5643730 5105409,5602883 5043127,5549438 5077812,5589533 5140068))
28349;POLYGON((4944891 5509000,4998164 5481345,4965533 5419694,4912872 5447427,4944891 5509000))
28350;POLYGON((4312767 5802595,4364926 5780655,4339008 5720092,4287352 5742132,4312767 5802595))
28351;POLYGON((3694312 6034268,3745330 6017060,3724975 5957729,3674377 5975039,3694312 6034268))
28352;POLYGON((3089079 6214193,3139042 6200976,3123380 6142831,3073778 6156141,3089079 6214193))
28353;POLYGON((2495568 6349966,2544630 6340191,2533019 6283077,2484272 6292928,2495568 6349966))
28354;POLYGON((1911611 6447114,1959970 6440390,1951947 6384086,1903872 6390866,1911611 6447114))
28355;POLYGON((1334644 6509468,1382525 6505533,1377781 6449787,1330164 6453756,1334644 6509468))
28356;POLYGON((761891 6539429,809529 6538134,807884 6482676,760499 6483983,761891 6539429))
28357;POLYGON((190470 6538134,238108 6539429,239500 6483983,192115 6482676,190470 6538134))
28358;POLYGON((-382525 6505533,-334644 6509468,-330164 6453756,-377781 6449787,-382525 6505533))
3113;POLYGON((311993 -263510,359650 -264805,358004 -320285,310601 -318977,311993 -263510))
3111;POLYGON((3526675 3080743,3574210 3075226,3567645 3019934,3520401 3025418,3526675 3080743))
3107;POLYGON((2959811 1894167,3006432 1884989,2995623 1830748,2949253 1839877,2959811 1894167))
3308;POLYGON((10132218 4686743,10179652 4682647,10174752 4627451,10127582 4631525,10132218 4686743))
3112;POLYGON((2041517 -3703558,2087963 -3711772,2078290 -3765835,2032059 -3757658,2041517 -3703558))
3577;POLYGON((2227007 -3610982,2273333 -3619788,2262772 -3674758,2216661 -3665993,2227007 -3610982))
