4326;POLYGON((155.75 -17.5,156.25 -17.5,156.25 -18.0,155.75 -18.0,155.75 -17.5))
28348;POLYGON((6549126 7064669,6623722 7037377,6594625 6959755,6520700 6987561,6549126 7064669))
28349;POLYGON((5691156 7347280,5760211 7326595,5738149 7254626,5669592 7275733,5691156 7347280))
28350;POLYGON((4892509 7561947,4957097 7546214,4940309 7478851,4876099 7494924,4892509 7561947))
28351;POLYGON((4141417 7725098,4202445 7713164,4189702 7649495,4128967 7661699,4141417 7725098))
28352;POLYGON((3427888 7848156,3486132 7839221,3476579 7778456,3418572 7787600,3427888 7848156))
28353;POLYGON((2743334 7938999,2799463 7932515,2792515 7873962,2736584 7880602,2743334 7938999))
28354;POLYGON((2080235 8002980,2134842 7998578,2130106 7941624,2075670 7946133,2080235 8002980))
28355;POLYGON((1431862 8043614,1485484 8041060,1482708 7985148,1429241 7987765,1431862 8043614))
28356;POLYGON((792024 8063022,845162 8062185,844203 8006795,791213 8007653,792024 8063022))
28357;POLYGON((154837 8062185,207975 8063022,208786 8007653,155796 8006795,154837 8062185))
28358;POLYGON((-485484 8041060,-431862 8043614,-429241 7987765,-482708 7985148,-485484 8041060))
3113;POLYGON((342138 1260677,395297 1259839,394338 1204428,341326 1205287,342138 1260677))
3111;POLYGON((3702680 4632783,3758364 4626321,3751486 4568385,3696106 4574813,3702680 4632783))
3107;POLYGON((3253041 3402010,3306637 3391459,3295523 3335685,3242185 3346186,3253041 3402010))
3308;POLYGON((10261302 6224252,10316094 6219520,10311031 6162493,10256512 6167201,10261302 6224252))
3112;POLYGON((2301487 -2216483,2353847 -2225743,2344094 -2280254,2291951 -2271032,2301487 -2216483))
3577;POLYGON((2511002 -2100958,2563236 -2110887,2552801 -2165197,2500780 -2155308,2511002 -2100958))
