4326;POLYGON((156.5 -12.75,157.0 -12.75,157.0 -13.25,156.5 -13.25,156.5 -12.75))
28348;POLYGON((6907129 7788633,6988477 7766337,6965085 7683066,6884304 7706068,6907129 7788633))
28349;POLYGON((5980000 8017873,6054072 8001199,6036577 7925499,5962917 7942722,5980000 8017873))
28350;POLYGON((5129536 8189909,5197915 8177364,5184749 8107540,5116676 8120512,5129536 8189909))
28351;POLYGON((4338877 8319457,4402831 8310013,4392916 8244738,4329195 8254510,4338877 8319457))
28352;POLYGON((3594429 8416594,3654987 8409553,3647587 8347763,3587213 8355053,3594429 8416594))
28353;POLYGON((2885059 8488170,2943071 8483057,2937688 8423882,2879827 8429178,2885059 8488170))
28354;POLYGON((2201442 8538783,2257629 8535284,2253931 8477987,2197873 8481613,2201442 8538783))
28355;POLYGON((1535532 8571434,1590528 8569348,1588304 8513285,1533424 8515447,1535532 8571434))
28356;POLYGON((880135 8587945,934516 8587159,933644 8531743,879373 8532559,880135 8587945))
28357;POLYGON((228549 8589202,282862 8589673,283296 8534350,229093 8533862,228549 8589202))
28358;POLYGON((-425754 8575272,-370965 8577026,-369201 8521242,-423877 8519425,-425754 8575272))
3113;POLYGON((430284 1785805,484685 1785018,483813 1729581,429521 1730397,430284 1785805))
3111;POLYGON((3854005 5181609,3912569 5174343,3905023 5114800,3846772 5122026,3854005 5181609))
3107;POLYGON((3441496 3921967,3497497 3910538,3485737 3853591,3429999 3864966,3441496 3921967))
3308;POLYGON((10393502 6765583,10450883 6760212,10445280 6701851,10388178 6707196,10393502 6765583))
3112;POLYGON((2474474 -1708500,2528854 -1718453,2518614 -1773776,2464455 -1763863,2474474 -1708500))
3577;POLYGON((2688664 -1604356,2742839 -1614984,2732252 -1668397,2678285 -1657810,2688664 -1604356))
