4326;POLYGON((155.75 -33.25,156.25 -33.25,156.25 -33.75,155.75 -33.75,155.75 -33.25))
28348;POLYGON((5427740 4894153,5478951 4859481,5437212 4799315,5386738 4833956,5427740 4894153))
28349;POLYGON((4815269 5264926,4866098 5237023,4832465 5176889,4782244 5204827,4815269 5264926))
28350;POLYGON((4209613 5562272,4259750 5539981,4232847 5480470,4183219 5502828,4209613 5562272))
28351;POLYGON((3613235 5798362,3662554 5780781,3641307 5722149,3592418 5739807,3613235 5798362))
28352;POLYGON((3026744 5982609,3075250 5969048,3058832 5911339,3010697 5924975,3026744 5982609))
28353;POLYGON((2449494 6122159,2497277 6112098,2485065 6055227,2437610 6065352,2449494 6122159))
28354;POLYGON((1880019 6222279,1927224 6215342,1918766 6159150,1871858 6166135,1880019 6222279))
28355;POLYGON((1316344 6286658,1363149 6282593,1358141 6226876,1311613 6230970,1316344 6286658))
28356;POLYGON((756206 6317624,802807 6316285,801069 6260815,754735 6262165,756206 6317624))
28357;POLYGON((197192 6316285,243793 6317624,245264 6262165,198930 6260815,197192 6316285))
28358;POLYGON((-363149 6282593,-316344 6286658,-311613 6230970,-358141 6226876,-363149 6282593))
3113;POLYGON((306306 -485401,352925 -486740,351186 -542232,304835 -540882,306306 -485401))
3111;POLYGON((3501603 2859655,3547977 2854272,3541428 2799110,3495344 2804458,3501603 2859655))
3107;POLYGON((2917574 1676978,2963190 1667998,2952375 1613724,2907010 1622655,2917574 1676978))
3308;POLYGON((10113677 4465903,10160054 4461897,10155155 4406709,10109041 4410692,10113677 4465903))
3112;POLYGON((2003637 -3920237,2049221 -3928299,2039513 -3982561,1994145 -3974537,2003637 -3920237))
3577;POLYGON((2185665 -3830799,2231131 -3839442,2220602 -3894245,2175351 -3885642,2185665 -3830799))
