4326;POLYGON((156.25 -41.5,156.75 -41.5,156.75 -42.0,156.25 -42.0,156.25 -41.5))
28348;POLYGON((4770769 3929101,4810416 3895902,4765903 3843695,4726897 3876683,4770769 3929101))
28349;POLYGON((4285685 4291099,4326652 4263402,4289457 4209216,4249064 4236795,4285685 4291099))
28350;POLYGON((3788995 4591048,3830669 4568251,3800009 4512999,3758847 4535737,3788995 4591048))
28351;POLYGON((3286596 4835728,3328579 4817299,3303754 4761562,3262230 4779968,3286596 4835728))
28352;POLYGON((2782180 5031016,2824232 5016503,2804645 4960626,2763006 4975138,2782180 5031016))
28353;POLYGON((2277835 5181790,2319832 5170825,2304995 5114992,2263375 5125965,2277835 5181790))
28354;POLYGON((1774523 5291908,1816418 5284208,1805952 5228492,1764409 5236202,1774523 5291908))
28355;POLYGON((1272434 5364227,1314233 5359592,1307871 5303992,1266405 5308636,1272434 5364227))
28356;POLYGON((771271 5400634,813012 5398943,810589 5343417,769172 5345112,771271 5400634))
28357;POLYGON((270466 5402084,312202 5403291,313655 5347774,272242 5346564,270466 5402084))
28358;POLYGON((-230642 5368613,-188856 5372751,-183490 5317176,-224945 5313030,-230642 5368613))
3113;POLYGON((321377 -1402748,363135 -1404441,360710 -1459988,319277 -1458292,321377 -1402748))
3111;POLYGON((3439947 1944362,3481515 1939316,3474655 1884019,3433378 1889030,3439947 1944362))
3107;POLYGON((2783719 767387,2825126 759035,2813881 703936,2772728 712236,2783719 767387))
3308;POLYGON((10078875 3547502,10120857 3543674,10115628 3487803,10073913 3491607,10078875 3547502))
3112;POLYGON((1887108 -4834349,1929056 -4841941,1918834 -4897788,1877109 -4890237,1887108 -4834349))
3577;POLYGON((2059348 -4733550,2101282 -4741692,2090847 -4794878,2049121 -4786776,2059348 -4733550))
