4326;POLYGON((156.25 -13.5,156.75 -13.5,156.75 -14.0,156.25 -14.0,156.25 -13.5))
28348;POLYGON((6832608 7676417,6912772 7653350,6888528 7571126,6808947 7594865,6832608 7676417))
28349;POLYGON((5917625 7913844,5990815 7896557,5972643 7821567,5899879 7839380,5917625 7913844))
28350;POLYGON((5076269 8092354,5143982 8079326,5130284 8009987,5062888 8023425,5076269 8092354))
28351;POLYGON((4292541 8226954,4355984 8217139,4345657 8152193,4282457 8162327,4292541 8226954))
28352;POLYGON((3553456 8327943,3613615 8320623,3605906 8259055,3545939 8266617,3553456 8327943))
28353;POLYGON((2848313 8402331,2906008 8397020,2900405 8337989,2842868 8343477,2848313 8402331))
28354;POLYGON((2168089 8454828,2224020 8451205,2220183 8393995,2164388 8397740,2168089 8454828))
28355;POLYGON((1504957 8488510,1559741 8486370,1557453 8430352,1502791 8432565,1504957 8488510))
28356;POLYGON((851884 8505238,906085 8504464,905222 8449062,851137 8449862,851884 8505238))
28357;POLYGON((202291 8505901,256448 8506453,256965 8451118,202923 8450547,202291 8505901))
28358;POLYGON((-450243 8490534,-395595 8492441,-393671 8436629,-448199 8434657,-450243 8490534))
3113;POLYGON((402022 1703066,456244 1702291,455380 1646867,401274 1647668,402022 1703066))
3111;POLYGON((3814103 5095798,3872217 5088743,3864864 5029471,3807061 5036487,3814103 5095798))
3107;POLYGON((3396440 3842100,3452072 3830880,3440490 3774130,3385121 3785297,3396440 3842100))
3308;POLYGON((10357030 6680628,10414006 6675433,10408564 6617302,10351867 6622472,10357030 6680628))
3112;POLYGON((2432413 -1786638,2486482 -1796423,2476383 -1851604,2422533 -1841858,2432413 -1786638))
3577;POLYGON((2646142 -1679370,2700025 -1689832,2689512 -1743415,2635840 -1732994,2646142 -1679370))
