4326;POLYGON((156.5 -25.75,157.0 -25.75,157.0 -26.25,156.5 -26.25,156.5 -25.75))
28348;POLYGON((6105190 5810032,6168130 5775628,6129545 5706914,6067395 5741519,6105190 5810032))
28349;POLYGON((5367528 6171775,5427788 6144941,5397665 6078721,5338020 6105766,5367528 6171775))
28350;POLYGON((4660559 6453877,4718377 6432968,4694884 6369233,4637553 6390341,4660559 6453877))
28351;POLYGON((3980969 6673057,4036648 6656873,4018444 6595410,3963158 6611769,3980969 6673057))
28352;POLYGON((3324874 6841470,3378752 6829142,3364865 6769633,3311312 6782108,3324874 6841470))
28353;POLYGON((2688106 6967867,2740536 6958774,2730270 6900852,2678118 6910061,2688106 6967867))
28354;POLYGON((2066396 7058432,2117735 7052140,2110603 6995423,2059509 7001799,2066396 7058432))
28355;POLYGON((1455481 7117377,1506081 7113599,1501760 7057703,1451384 7061532,1455481 7117377))
28356;POLYGON((851146 7147338,901358 7145908,899658 7090452,849660 7091902,851146 7147338))
28357;POLYGON((249228 7149623,299397 7150480,300245 7095087,250289 7094219,249228 7149623))
28358;POLYGON((-354414 7124332,-303944 7127512,-300511 7071805,-350762 7068582,-354414 7124332))
3113;POLYGON((401283 344636,451515 343205,449814 287728,399796 289178,401283 344636))
3111;POLYGON((3672220 3684071,3722921 3677781,3715834 3621857,3665427 3628110,3672220 3684071))
3107;POLYGON((3150214 2477727,3199534 2467661,3188298 2413250,3139230 2423264,3150214 2477727))
3308;POLYGON((10258873 5289250,10309190 5284540,10303859 5229021,10253808 5233706,10258873 5289250))
3112;POLYGON((2218467 -3123089,2267221 -3132013,2257261 -3185824,2208721 -3176940,2218467 -3123089))
3577;POLYGON((2414034 -3018819,2462676 -3028362,2451775 -3083357,2403348 -3073856,2414034 -3018819))
