4326;POLYGON((156.0 -19.5,156.5 -19.5,156.5 -20.0,156.0 -20.0,156.0 -19.5))
28348;POLYGON((6467712 6744780,6539791 6715208,6507956 6639512,6436592 6669525,6467712 6744780))
28349;POLYGON((5635435 7051984,5702629 7029435,5678342 6958664,5611684 6981587,5635435 7051984))
28350;POLYGON((4855988 7286635,4919171 7269396,4900591 7202758,4837820 7220306,4855988 7286635))
28351;POLYGON((4119625 7465824,4179559 7452690,4165392 7389441,4105780 7402826,4119625 7465824))
28352;POLYGON((3417788 7601543,3475146 7591670,3464484 7531128,3407386 7541198,3417788 7601543))
28353;POLYGON((2742901 7702133,2798282 7694939,2790496 7636486,2735332 7643828,2742901 7702133))
28354;POLYGON((2088178 7773311,2142122 7768400,2136785 7711472,2083030 7716487,2088178 7773311))
28355;POLYGON((1447433 7818863,1500437 7815981,1497274 7760058,1444443 7763001,1447433 7818863))
28356;POLYGON((814907 7841093,867439 7840097,866294 7784688,813926 7785705,814907 7841093))
28357;POLYGON((185092 7841093,237605 7841935,238422 7786566,186073 7785705,185092 7841093))
28358;POLYGON((-447433 7818863,-394486 7821584,-391667 7765780,-444443 7763001,-447433 7818863))
3113;POLYGON((365030 1038661,417582 1037665,416436 982235,364048 983252,365030 1038661))
3111;POLYGON((3703725 4398668,3758179 4392203,3751219 4334865,3697066 4341295,3703725 4398668))
3107;POLYGON((3236030 3174211,3288573 3163740,3277413 3108406,3225126 3118826,3236030 3174211))
3308;POLYGON((10269057 5994476,10322749 5989709,10317592 5933155,10264171 5937897,10269057 5994476))
3112;POLYGON((2289164 -2438803,2340640 -2448013,2330825 -2502248,2279565 -2493076,2289164 -2438803))
3577;POLYGON((2495732 -2323636,2547094 -2333504,2536501 -2388061,2485352 -2378234,2495732 -2323636))
