4326;POLYGON((156.0 -17.0,156.5 -17.0,156.5 -17.5,156.0 -17.5,156.0 -17.0))
28348;POLYGON((6614493 7128978,6690014 7101904,6661212 7023490,6586360 7051103,6614493 7128978))
28349;POLYGON((5746937 7409081,5816695 7388595,5794894 7316073,5725631 7336996,5746937 7409081))
28350;POLYGON((4940955 7621524,5006084 7605964,4989517 7538212,4924762 7554125,4940955 7621524))
28351;POLYGON((4184175 7782826,4245626 7771030,4233059 7707092,4171898 7719166,4184175 7782826))
28352;POLYGON((3466173 7904450,3524751 7895619,3515330 7834669,3456985 7843716,3466173 7904450))
28353;POLYGON((2778045 7994294,2834443 7987876,2827584 7929202,2771379 7935780,2778045 7994294))
28354;POLYGON((2112049 8057716,2166877 8053344,2162185 7996316,2107525 8000799,2112049 8057716))
28355;POLYGON((1461291 8098239,1515096 8095677,1512319 8039727,1458666 8042355,1461291 8098239))
28356;POLYGON((819451 8117998,872744 8117113,871740 8061713,818590 8062621,819451 8117998))
28357;POLYGON((180548 8117998,233821 8118746,234538 8063388,181409 8062621,180548 8117998))
28358;POLYGON((-461291 8098239,-407547 8100658,-405073 8044836,-458666 8042355,-461291 8098239))
3113;POLYGON((369576 1315674,422890 1314789,421885 1259368,368715 1260276,369576 1315674))
3111;POLYGON((3737271 4687698,3793242 4681053,3786193 4622980,3730526 4629589,3737271 4687698))
3107;POLYGON((3290853 3452678,3344684 3441951,3333417 3386090,3279845 3396766,3290853 3452678))
3308;POLYGON((10293638 6279083,10348692 6274195,10343481 6217055,10288701 6221918,10293638 6279083))
3112;POLYGON((2337330 -2166482,2389888 -2175886,2380013 -2230452,2327672 -2221087,2337330 -2166482))
3577;POLYGON((2547438 -2051642,2599864 -2061715,2589338 -2115929,2537124 -2105897,2547438 -2051642))
