4326;POLYGON((155.75 -25.5,156.25 -25.5,156.25 -26.0,155.75 -26.0,155.75 -25.5))
28348;POLYGON((6029386 5894628,6092363 5861388,6055151 5792690,5992939 5826143,6029386 5894628))
28349;POLYGON((5291709 6243985,5351946 6218082,5322921 6151985,5263279 6178105,5291709 6243985))
28350;POLYGON((4585218 6516140,4642986 6495982,4620378 6432417,4563081 6452777,4585218 6516140))
28351;POLYGON((3906274 6727249,3961898 6711678,3944416 6650396,3889172 6666143,3906274 6727249))
28352;POLYGON((3250769 6889028,3304604 6877208,3291312 6817867,3237793 6829833,3250769 6889028))
28353;POLYGON((2614385 7009883,2666793 7001217,2657026 6943439,2604888 6952218,2614385 7009883))
28354;POLYGON((1992748 7095727,2044094 7089802,2037387 7033197,1986281 7039202,1992748 7095727))
28355;POLYGON((1381522 7150556,1432164 7147103,1428214 7091280,1377792 7094781,1381522 7150556))
28356;POLYGON((776435 7176828,826727 7175693,825360 7120268,775279 7121418,776435 7176828))
28357;POLYGON((173272 7175693,223564 7176828,224720 7121418,174639 7120268,173272 7175693))
28358;POLYGON((-432164 7147103,-381522 7150556,-377792 7094781,-428214 7091280,-432164 7147103))
3113;POLYGON((326543 374137,376855 373002,375487 317555,325386 318706,326543 374137))
3111;POLYGON((3599287 3721045,3650183 3715138,3643532 3659116,3592930 3664989,3599287 3721045))
3107;POLYGON((3081455 2519683,3130969 2509935,3120107 2455424,3070844 2465123,3081455 2519683))
3308;POLYGON((10185692 5323675,10236175 5319315,10231240 5263730,10181024 5268067,10185692 5323675))
3112;POLYGON((2149983 -3083111,2198897 -3091763,2189258 -3145636,2140559 -3137023,2149983 -3083111))
3577;POLYGON((2346182 -2977318,2394987 -2986596,2384411 -3041646,2335821 -3032409,2346182 -2977318))
