4326;POLYGON((155.75 -38.0,156.25 -38.0,156.25 -38.5,155.75 -38.5,155.75 -38.0))
28348;POLYGON((5031049 4342050,5075476 4308163,5032249 4252665,4988505 4286413,5031049 4342050))
28349;POLYGON((4492818 4708460,4537931 4680626,4502374 4623948,4457851 4651726,4492818 4708460))
28350;POLYGON((3949967 5007751,3995249 4985142,3966327 4928091,3921556 4950692,3949967 5007751))
28351;POLYGON((3407236 5248928,3452384 5230859,3429234 5173892,3384533 5191980,3407236 5248928))
28352;POLYGON((2867205 5439356,2912071 5425273,2893993 5368617,2849524 5382731,2867205 5439356))
28353;POLYGON((2330925 5584887,2375466 5574356,2361914 5518084,2317729 5528646,2330925 5584887))
28354;POLYGON((1798401 5689988,1842647 5682688,1833208 5626773,1789289 5634100,1798401 5689988))
28355;POLYGON((1268949 5757876,1312977 5753582,1307366 5697937,1263648 5702248,1268949 5757876))
28356;POLYGON((741465 5790615,785378 5789198,783427 5733699,739815 5735122,741465 5790615))
28357;POLYGON((214621 5789198,258534 5790615,260184 5735122,216572 5733699,214621 5789198))
28358;POLYGON((-312977 5753582,-268949 5757876,-263648 5702248,-307366 5697937,-312977 5753582))
3113;POLYGON((291559 -1012615,335490 -1014033,333538 -1069554,289908 -1068130,291559 -1012615))
3111;POLYGON((3442193 2335771,3485817 2330708,3479273 2275589,3435939 2280619,3442193 2335771))
3107;POLYGON((2816982 1159719,2860206 1151209,2849320 1096583,2806350 1105043,2816982 1159719))
3308;POLYGON((10069576 3940621,10113439 3936833,10108517 3881389,10064919 3885154,10069576 3940621))
3112;POLYGON((1912945 -4439017,1956465 -4446714,1946619 -4501744,1903317 -4494086,1912945 -4439017))
3577;POLYGON((2088183 -4349120,2131621 -4357377,2121231 -4411459,2078004 -4403242,2088183 -4349120))
