4326;POLYGON((156.25 -16.25,156.75 -16.25,156.75 -16.75,156.25 -16.75,156.25 -16.25))
28348;POLYGON((6693671 7233696,6770451 7207152,6742300 7127669,6666178 7154785,6693671 7233696))
28349;POLYGON((5813113 7507964,5883820 7487927,5862564 7414675,5792343 7435172,5813113 7507964))
28350;POLYGON((4997267 7715536,5063122 7700345,5046999 7632095,4981511 7647653,4997267 7715536))
28351;POLYGON((4232887 7872899,4294902 7861397,4282687 7797119,4220955 7808910,4232887 7872899))
28352;POLYGON((3508921 7991464,3567945 7982855,3558792 7921679,3499994 7930511,3508921 7991464))
28353;POLYGON((2816020 8079073,2872779 8072812,2866108 8013992,2809536 8020420,2816020 8079073))
28354;POLYGON((2146121 8141041,2201246 8136761,2196669 8079647,2141705 8084042,2146121 8141041))
28355;POLYGON((1492094 8180859,1546152 8178327,1543419 8122335,1489507 8124936,1492094 8180859))
28356;POLYGON((847445 8200651,900958 8199735,899927 8144325,846551 8145266,847445 8200651))
28357;POLYGON((206045 8201435,259518 8202088,260135 8146743,206801 8146071,206045 8201435))
28358;POLYGON((-438102 8183252,-384170 8185508,-381872 8129711,-435660 8127394,-438102 8183252))
3113;POLYGON((397580 1398359,451115 1397443,450083 1342011,396687 1342953,397580 1398359))
3111;POLYGON((3775642 4771851,3832055 4765003,3824823 4706707,3768716 4713517,3775642 4771851))
3107;POLYGON((3334524 3531399,3388719 3520469,3377287 3464456,3323352 3475334,3334524 3531399))
3308;POLYGON((10328800 6362646,10384254 6357589,10378888 6300265,10323709 6305297,10328800 6362646))
3112;POLYGON((2378290 -2089132,2431156 -2098700,2421151 -2153365,2368502 -2143837,2378290 -2089132))
3577;POLYGON((2589257 -1975448,2641981 -1985685,2631372 -2039760,2578860 -2029564,2589257 -1975448))
