4326;POLYGON((156.75 -15.75,157.25 -15.75,157.25 -16.25,156.75 -16.25,156.75 -15.75))
28348;POLYGON((6797924 7287154,6875937 7260573,6847801 7179969,6770451 7207152,6797924 7287154))
28349;POLYGON((5904534 7561511,5976186 7541487,5954983 7467421,5883820 7487927,5904534 7561511))
28350;POLYGON((5078815 7768805,5145399 7753643,5129340 7684801,5063122 7700345,5078815 7768805))
28351;POLYGON((4306779 7925804,4369362 7914331,4357202 7849623,4294902 7861397,4306779 7925804))
28352;POLYGON((3576839 8044107,3636308 8035512,3627190 7974028,3567945 7982855,3576839 8044107))
28353;POLYGON((2879257 8131672,2936364 8125403,2929701 8066370,2872779 8072812,2879257 8131672))
28354;POLYGON((2205689 8193893,2261087 8189579,2256485 8132327,2201246 8136761,2205689 8193893))
28355;POLYGON((1548805 8234324,1603073 8231726,1600278 8175656,1546152 8178327,1548805 8234324))
28356;POLYGON((901959 8255143,955634 8254124,954498 8198687,900958 8199735,901959 8255143))
28357;POLYGON((258918 8257432,312508 8257940,312974 8202611,259518 8202088,258918 8257432))
28358;POLYGON((-386401 8241308,-332388 8243369,-330297 8187627,-384170 8185508,-386401 8241308))
3113;POLYGON((452116 1452873,505811 1451854,504675 1396395,451115 1397443,452116 1452873))
3111;POLYGON((3839308 4823467,3895991 4816284,3888432 4757859,3832055 4765003,3839308 4823467))
3107;POLYGON((3400176 3576607,3454579 3565372,3442862 3509288,3388719 3520469,3400176 3576607))
3308;POLYGON((10389632 6415050,10445336 6409701,10439682 6352267,10384254 6357589,10389632 6415050))
3112;POLYGON((2441177 -2043951,2494222 -2053769,2483984 -2108478,2431156 -2098700,2441177 -2043951))
3577;POLYGON((2652574 -1931693,2705469 -1942178,2694665 -1996128,2641981 -1985685,2652574 -1931693))
