4326;POLYGON((157.5 -32.0,158.0 -32.0,158.0 -32.5,157.5 -32.5,157.5 -32.0))
28348;POLYGON((5715220 4922620,5768421 4885627,5724502 4824195,5672094 4861166,5715220 4922620))
28349;POLYGON((5080315 5317273,5132913 5287628,5097673 5226361,5045722 5256055,5080315 5317273))
28350;POLYGON((4454826 5632780,4506520 5609145,4478392 5548680,4427231 5572397,4454826 5632780))
28351;POLYGON((3841045 5883128,3891727 5864474,3869496 5805078,3819261 5823825,3841045 5883128))
28352;POLYGON((3239368 6079043,3289061 6064583,3271801 6006293,3222489 6020842,3239368 6079043))
28353;POLYGON((2648906 6228623,2697721 6217770,2684737 6160485,2636254 6171415,2648906 6228623))
28354;POLYGON((2067936 6337848,2116040 6330174,2106826 6273712,2059018 6281446,2067936 6337848))
28355;POLYGON((1494224 6410952,1541817 6406164,1536021 6350300,1488702 6355128,1494224 6410952))
28356;POLYGON((925242 6450703,972541 6448621,969949 6393106,922911 6395206,925242 6450703))
28357;POLYGON((358309 6458581,405542 6459127,406058 6403700,359084 6403149,358309 6458581))
28358;POLYGON((-209307 6434876,-161912 6438071,-158269 6382469,-205399 6379247,-209307 6434876))
3113;POLYGON((475407 -352270,522725 -354353,520132 -409890,473076 -407789,475407 -352270))
3111;POLYGON((3681981 2977555,3728972 2971224,3721400 2916118,3674699 2922410,3681981 2977555))
3107;POLYGON((3105640 1779931,3151731 1770079,3140044 1716016,3094203 1725815,3105640 1779931))
3308;POLYGON((10289807 4588716,10336771 4583866,10330948 4528771,10284248 4533594,10289807 4588716))
3112;POLYGON((2188612 -3814079,2234617 -3822878,2224179 -3876867,2178390 -3868109,2188612 -3814079))
3577;POLYGON((2372348 -3724881,2418227 -3734255,2406925 -3789022,2361261 -3779691,2372348 -3724881))
