4326;POLYGON((157.5 -40.25,158.0 -40.25,158.0 -40.75,157.5 -40.75,157.5 -40.25))
28348;POLYGON((4983076 3976817,5024022 3941841,4978006 3889068,4937737 3923829,4983076 3976817))
28349;POLYGON((4482545 4357559,4524783 4328465,4486445 4273708,4444805 4302687,4482545 4357559))
28350;POLYGON((3970986 4672363,4013869 4648450,3982311 4592690,3939956 4616552,3970986 4672363))
28351;POLYGON((3454590 4929067,3497702 4909723,3472136 4853573,3429491 4872903,3454590 4929067))
28352;POLYGON((2937162 5134364,2980261 5119077,2960020 5062892,2917340 5078186,2937162 5134364))
28353;POLYGON((2420783 5293774,2463747 5282128,2448292 5226086,2405706 5237748,2420783 5293774))
28354;POLYGON((1906320 5411653,1949113 5403329,1938024 5347490,1895579 5355830,1906320 5411653))
28355;POLYGON((1393814 5491251,1436457 5486020,1429431 5430366,1387116 5435610,1393814 5491251))
28356;POLYGON((882779 5534771,925327 5532486,922172 5476953,879941 5479244,882779 5534771))
28357;POLYGON((372426 5543415,414951 5544015,415580 5488513,373370 5487912,372426 5543415))
28358;POLYGON((-138157 5517423,-95578 5520923,-91147 5465359,-133405 5461849,-138157 5517423))
3113;POLYGON((432929 -1268560,475493 -1270845,472337 -1326400,430089 -1324108,432929 -1268560))
3111;POLYGON((3562030 2069258,3604252 2063570,3596680 2008469,3554748 2014118,3562030 2069258))
3107;POLYGON((2916154 883319,2958097 874353,2946261 819602,2904571 828513,2916154 883319))
3308;POLYGON((10197838 3676801,10240438 3672402,10234560 3616785,10192227 3621157,10197838 3676801))
3112;POLYGON((2018196 -4714771,2060618 -4722885,2049906 -4778292,2007704 -4770220,2018196 -4714771))
3577;POLYGON((2191109 -4620803,2233483 -4629462,2222459 -4682881,2180294 -4674266,2191109 -4620803))
