4326;POLYGON((157.0 -28.0,157.5 -28.0,157.5 -28.5,157.0 -28.5,157.0 -28.0))
28348;POLYGON((5991604 5471103,6051142 5435232,6010157 5369073,5951424 5405059,5991604 5471103))
28349;POLYGON((5289474 5850153,5347108 5821913,5314809 5757372,5257812 5785763,5289474 5850153))
28350;POLYGON((4610181 6148299,4665935 6126119,4640540 6063453,4585296 6085791,4610181 6148299))
28351;POLYGON((3952611 6381672,4006627 6364384,3986810 6303569,3933210 6321005,3952611 6381672))
28352;POLYGON((3314526 6562198,3367024 6548942,3351806 6489794,3299657 6503178,3314526 6562198))
28353;POLYGON((2692991 6698601,2744233 6688752,2732903 6631002,2681960 6640953,2692991 6698601))
28354;POLYGON((2084672 6797137,2134946 6790256,2126998 6733592,2076989 6740549,2084672 6797137))
28355;POLYGON((1486036 6862133,1535641 6857921,1530736 6802014,1481374 6806274,1486036 6862133))
28356;POLYGON((893470 6896342,942707 6894624,940640 6839140,891634 6840878,893470 6896342))
28357;POLYGON((303332 6901185,352506 6901891,353193 6846490,304248 6845777,303332 6901185))
28358;POLYGON((-288019 6876860,-238605 6880018,-235136 6824365,-284314 6821171,-288019 6876860))
3113;POLYGON((443623 93542,492880 91824,490812 36317,441787 38056,443623 93542))
3111;POLYGON((3691109 3426744,3740459 3420359,3733123 3364811,3684065 3371159,3691109 3426744))
3107;POLYGON((3149035 2223119,3197176 2213062,3185722 2158863,3137832 2168868,3149035 2223119))
3308;POLYGON((10285238 5035093,10334338 5030260,10328762 4974974,10279927 4979781,10285238 5035093))
3112;POLYGON((2222401 -3374166,2270156 -3383103,2259978 -3436892,2212438 -3427995,2222401 -3374166))
3577;POLYGON((2413606 -3275915,2461241 -3285454,2450120 -3340433,2402699 -3330936,2413606 -3275915))
