4326;POLYGON((157.25 -19.75,157.75 -19.75,157.75 -20.25,157.25 -20.25,157.25 -19.75))
28348;POLYGON((6632359 6631307,6705198 6599765,6671200 6523246,6599127 6555233,6632359 6631307))
28349;POLYGON((5791623 6958930,5859476 6934883,5833543 6863351,5766263 6887778,5791623 6958930))
28350;POLYGON((5004959 7209216,5068695 7190822,5048846 7123514,4985548 7142226,5004959 7209216))
28351;POLYGON((4262628 7400577,4323012 7386536,4307848 7322719,4247805 7337020,4262628 7400577))
28352;POLYGON((3556044 7545963,3613752 7535362,3602290 7474358,3544856 7485165,3556044 7545963))
28353;POLYGON((2877589 7654412,2933223 7646619,2924781 7587806,2869374 7595756,2877589 7654412))
28354;POLYGON((2220432 7732150,2274536 7726732,2268647 7669543,2214739 7675072,2220432 7732150))
28355;POLYGON((1578356 7783342,1631429 7780017,1627786 7723930,1574890 7727324,1578356 7783342))
28356;POLYGON((945587 7810591,998097 7809195,996521 7753718,944178 7755144,945587 7810591))
28357;POLYGON((316631 7815236,369030 7815700,369443 7760360,317209 7759886,316631 7815236))
28358;POLYGON((-313891 7797502,-261156 7799848,-258733 7744176,-311297 7741780,-313891 7797502))
3113;POLYGON((495761 1008148,548292 1006751,546714 951252,494351 952679,495761 1008148))
3111;POLYGON((3836087 4353312,3890301 4346152,3882598 4288979,3828684 4296099,3836087 4353312))
3107;POLYGON((3361520 3119939,3413810 3108889,3402020 3053734,3349985 3064731,3361520 3119939))
3308;POLYGON((10400460 5953806,10453956 5948411,10448127 5891975,10394902 5897343,10400460 5953806))
3112;POLYGON((2412713 -2489307,2463987 -2499008,2453638 -2553115,2402579 -2543455,2412713 -2489307))
3577;POLYGON((2618608 -2375923,2669765 -2386271,2658633 -2440752,2607690 -2430447,2618608 -2375923))
