4326;POLYGON((157.0 -14.25,157.5 -14.25,157.5 -14.75,157.0 -14.75,157.0 -14.25))
28348;POLYGON((6916007 7517936,6996249 7492974,6969959 7410473,6890347 7436100,6916007 7517936))
28349;POLYGON((5999801 7774987,6073106 7756263,6053382 7680943,5980538 7700191,5999801 7774987))
28350;POLYGON((5157030 7968447,5224860 7954320,5209974 7884649,5142487 7899187,5157030 7968447))
28351;POLYGON((4372016 8114526,4435556 8103863,4424314 8038612,4361037 8049595,4372016 8114526))
28352;POLYGON((3631974 8224382,3692196 8216406,3683779 8154573,3623764 8162795,3631974 8224382))
28353;POLYGON((2926323 8305639,2984040 8299821,2977890 8240574,2920342 8246573,2926323 8305639))
28354;POLYGON((2246121 8363442,2302028 8359429,2297771 8302055,2242009 8306195,2246121 8363442))
28355;POLYGON((1583604 8401173,1638312 8398737,1635707 8342611,1581129 8345124,1583604 8401173))
28356;POLYGON((931802 8420910,985870 8419920,984777 8364470,930832 8365491,931802 8420910))
28357;POLYGON((284215 8423697,338174 8424103,338536 8368786,284698 8368367,284215 8423697))
28358;POLYGON((-365474 8409680,-311098 8411502,-309261 8355783,-363511 8353903,-365474 8409680))
3113;POLYGON((481970 1618704,536060 1617715,534967 1562243,481000 1563264,481970 1618704))
3111;POLYGON((3890006 4996293,3947596 4988841,3939813 4929908,3882533 4937320,3890006 4996293))
3107;POLYGON((3462309 3740143,3517468 3728619,3505537 3672164,3450639 3683633,3462309 3740143))
3308;POLYGON((10434119 6585616,10490638 6580052,10484803 6522196,10428561 6527732,10434119 6585616))
3112;POLYGON((2498195 -1884098,2551876 -1894144,2541476 -1949111,2488014 -1939105,2498195 -1884098))
3577;POLYGON((2711017 -1775521,2764523 -1786236,2753667 -1839899,2700372 -1829227,2711017 -1775521))
