4326;POLYGON((156.75 -22.5,157.25 -22.5,157.25 -23.0,156.75 -23.0,156.75 -22.5))
28348;POLYGON((6374611 6253281,6442804 6220288,6406655 6147516,6339242 6180836,6374611 6253281))
28349;POLYGON((5582074 6597840,5646387 6572431,5618527 6503448,5554808 6529157,5582074 6597840))
28350;POLYGON((4832414 6863485,4893412 6843889,4871909 6778303,4811372 6798160,4832414 6863485))
28351;POLYGON((4118994 7068023,4177218 7052974,4160690 6990302,4102832 7005570,4118994 7068023))
28352;POLYGON((3435482 7224149,3491447 7212748,3478909 7152482,3423242 7164061,3435482 7224149))
28353;POLYGON((2775894 7340838,2830086 7332452,2820845 7274091,2766905 7282613,2775894 7340838))
28354;POLYGON((2134603 7424334,2187476 7418529,2181056 7361590,2128401 7367492,2134603 7424334))
28355;POLYGON((1506293 7478844,1558281 7475335,1554366 7419359,1502577 7422927,1506293 7478844))
28356;POLYGON((885902 7506990,937419 7505612,935826 7450156,884497 7451559,885902 7506990))
28357;POLYGON((268533 7510088,319983 7510776,320637 7455409,269375 7454710,268533 7510088))
28358;POLYGON((-350646 7488280,-298860 7491065,-295928 7435359,-347520 7432525,-350646 7488280))
3113;POLYGON((436053 704428,487590 703049,485996 647572,434647 648975,436053 704428))
3111;POLYGON((3742968 4046877,3795574 4040210,3788259 3983671,3735950 3990299,3742968 4046877))
3107;POLYGON((3247365 2827877,3298304 2817358,3286864 2762599,3236178 2773066,3247365 2827877))
3308;POLYGON((10317970 5649463,10370010 5644466,10364502 5588515,10312730 5593486,10317970 5649463))
3112;POLYGON((2306958 -2777259,2357087 -2786538,2346998 -2840450,2297083 -2831212,2306958 -2777259))
3577;POLYGON((2508403 -2666546,2558423 -2676461,2547450 -2731256,2497645 -2721384,2508403 -2666546))
