4326;POLYGON((157.5 -38.5,158.0 -38.5,158.0 -39.0,157.5 -39.0,157.5 -38.5))
28348;POLYGON((5141173 4165931,5184551 4130274,5138780 4075834,5096107 4111308,5141173 4165931))
28349;POLYGON((4613494 4552455,4657856 4523024,4620020 4466969,4576269 4496314,4613494 4552455))
28350;POLYGON((4078222 4869808,4122961 4845771,4092014 4789047,4047807 4813058,4078222 4869808))
28351;POLYGON((3541044 5127115,3585788 5107771,3560847 5050943,3516569 5070294,3541044 5127115))
28352;POLYGON((3005266 5331954,3049812 5316730,3030149 5260098,2986013 5275346,3005266 5331954))
28353;POLYGON((2472479 5490437,2516748 5478877,2501781 5422568,2457882 5434157,2472479 5490437))
28354;POLYGON((1943094 5607314,1987085 5599070,1976371 5543096,1932718 5551366,1943094 5607314))
28355;POLYGON((1416723 5686085,1460491 5680911,1453714 5625212,1410263 5630404,1416723 5686085))
28356;POLYGON((892481 5729100,936114 5726843,933073 5671314,889746 5673580,892481 5729100))
28357;POLYGON((369199 5737640,412801 5738232,413407 5682747,370109 5682153,369199 5737640))
28358;POLYGON((-154405 5711958,-110727 5715417,-106456 5659844,-149824 5656372,-154405 5711958))
3113;POLYGON((442635 -1074154,486284 -1076412,483242 -1131963,439898 -1129696,442635 -1074154))
3111;POLYGON((3587486 2262021,3630720 2256195,3623162 2201189,3580217 2206975,3587486 2262021))
3107;POLYGON((2956571 1074564,2999398 1065410,2987616 1010906,2945041 1020007,2956571 1074564))
3308;POLYGON((10217430 3871062,10260959 3866567,10255104 3811163,10211840 3815631,10217430 3871062))
3112;POLYGON((2054736 -4521645,2097927 -4529906,2087295 -4584900,2044323 -4576681,2054736 -4521645))
3577;POLYGON((2229153 -4432742,2272263 -4441550,2261154 -4495380,2218255 -4486615,2229153 -4432742))
