4326;POLYGON((156.75 -28.0,157.25 -28.0,157.25 -28.5,156.75 -28.5,156.75 -28.0))
28348;POLYGON((5961893 5488773,6021354 5453257,5980773 5387155,5922110 5422788,5961893 5488773))
28349;POLYGON((5260718 5864062,5318271 5836103,5286292 5771638,5229368 5799749,5260718 5864062))
28350;POLYGON((4582361 6159221,4638039 6137266,4612900 6074679,4557728 6096792,4582361 6159221))
28351;POLYGON((3925653 6390179,3979602 6373074,3959994 6312333,3906459 6329585,3925653 6390179))
28352;POLYGON((3288321 6568712,3340761 6555609,3325718 6496524,3273623 6509754,3288321 6568712))
28353;POLYGON((2667404 6703427,2718600 6693710,2707420 6636011,2656521 6645829,2667404 6703427))
28354;POLYGON((2059560 6800491,2109800 6793726,2101986 6737100,2052009 6743940,2059560 6800491))
28355;POLYGON((1461250 6864158,1510833 6860053,1506050 6804171,1456708 6808323,1461250 6864158))
28356;POLYGON((868857 6897125,918086 6895509,916135 6840035,867137 6841669,868857 6897125))
28357;POLYGON((278742 6900757,327920 6901563,328721 6846159,279772 6845344,278742 6900757))
28358;POLYGON((-312739 6875203,-263308 6878465,-259721 6822794,-308916 6819495,-312739 6875203))
3113;POLYGON((419001 94325,468249 92708,466297 37212,417280 38848,419001 94325))
3111;POLYGON((3666422 3429840,3715788 3423584,3708598 3368017,3659524 3374236,3666422 3429840))
3107;POLYGON((3124947 2228065,3173111 2218118,3161783 2163893,3113869 2173788,3124947 2228065))
3308;POLYGON((10260680 5037422,10309791 5032706,10304347 4977406,10255501 4982097,10260680 5037422))
3112;POLYGON((2198510 -3369769,2246283 -3378611,2236213 -3432420,2188654 -3423618,2198510 -3369769))
3577;POLYGON((2389774 -3271215,2437428 -3280661,2426414 -3335661,2378975 -3326258,2389774 -3271215))
