4326;POLYGON((157.5 -34.75,158.0 -34.75,158.0 -35.25,157.5 -35.25,157.5 -34.75))
28348;POLYGON((5475577 4591520,5524484 4554831,5479574 4496505,5431427 4533094,5475577 4591520))
28349;POLYGON((4887103 4985580,4936163 4955809,4899670 4896814,4851246 4926573,4887103 4985580))
28350;POLYGON((4300051 5304194,4348803 5280215,4319370 5221357,4271155 5245371,4300051 5304194))
28351;POLYGON((3718451 5559330,3766653 5540248,3743199 5481942,3695454 5501080,3718451 5559330))
28352;POLYGON((3144131 5760439,3191698 5745552,3173370 5687960,3126198 5702908,3144131 5760439))
28353;POLYGON((2577377 5914843,2624330 5903615,2610475 5846738,2563870 5858022,2577377 5914843))
28354;POLYGON((2017447 6028057,2063878 6020090,2054010 5963831,2007893 5971844,2017447 6028057))
28355;POLYGON((1462933 6104051,1508978 6099067,1502756 6043272,1457004 6048286,1462933 6104051))
28356;POLYGON((912026 6145446,957846 6143276,955060 6087755,909521 6089939,912026 6145446))
28357;POLYGON((362701 6153655,408470 6154225,409025 6098774,363534 6098201,362701 6153655))
28358;POLYGON((-187152 6128958,-141259 6132286,-137344 6076696,-182952 6073347,-187152 6128958))
3113;POLYGON((462187 -657646,508025 -659817,505237 -715360,459680 -713175,462187 -657646))
3111;POLYGON((3641972 2674598,3687372 2668481,3679818 2613502,3634706 2619580,3641972 2674598))
3107;POLYGON((3042704 1482129,3087417 1472571,3075709 1418411,3031247 1427915,3042704 1482129))
3308;POLYGON((10259228 4285507,10304740 4280807,10298913 4225671,10253664 4230343,10259228 4285507))
3112;POLYGON((2132258 -4111922,2177079 -4120495,2166578 -4174812,2121974 -4166281,2132258 -4111922))
3577;POLYGON((2311484 -4025753,2356186 -4034887,2344943 -4089364,2300455 -4080274,2311484 -4025753))
