4326;POLYGON((157.5 -30.0,158.0 -30.0,158.0 -30.5,157.5 -30.5,157.5 -30.0))
28348;POLYGON((5885372 5174200,5941792 5137271,5898821 5073461,5843212 5110431,5885372 5174200))
28349;POLYGON((5216040 5566263,5271235 5536934,5237068 5473968,5182523 5503395,5216040 5566263))
28350;POLYGON((4562604 5877165,4616420 5853954,4589349 5792309,4536062 5815640,4562604 5877165))
28351;POLYGON((3925819 6122246,3978260 6104033,3956993 6043848,3904988 6062182,3925819 6122246))
28352;POLYGON((3304867 6313048,3356048 6298994,3339614 6240205,3288800 6254368,3304867 6313048))
28353;POLYGON((2697898 6458148,2748002 6447636,2735682 6390061,2685895 6400664,2697898 6458148))
28354;POLYGON((2102415 6563791,2151668 6556377,2142947 6499773,2093976 6507256,2102415 6563791))
28355;POLYGON((1515551 6634355,1564201 6629736,1558725 6573825,1510334 6578489,1515551 6634355))
28356;POLYGON((934239 6672677,982546 6670670,980099 6615159,932039 6617186,934239 6672677))
28357;POLYGON((355320 6680267,403549 6680793,404037 6625383,356051 6624851,355320 6680267))
28358;POLYGON((-224397 6657422,-175979 6660502,-172539 6604891,-220706 6601781,-224397 6657422))
3113;POLYGON((484408 -130210,532734 -132217,530287 -187750,482207 -185722,484408 -130210))
3111;POLYGON((3711165 3198539,3759316 3192051,3751720 3136776,3703860 3143224,3711165 3198539))
3107;POLYGON((3151387 1996398,3198479 1986331,3186791 1932260,3139949 1942273,3151387 1996398))
3308;POLYGON((10312054 4809307,10360073 4804348,10354245 4749204,10306490 4754136,10312054 4809307))
3112;POLYGON((2229426 -3598368,2276289 -3607331,2265881 -3661165,2219233 -3652243,2229426 -3598368))
3577;POLYGON((2416765 -3505317,2463503 -3514867,2452176 -3569753,2405653 -3560247,2416765 -3505317))
