4326;POLYGON((157.5 -37.25,158.0 -37.25,158.0 -37.75,157.5 -37.75,157.5 -37.25))
28348;POLYGON((5253407 4304622,5298582 4268551,5253042 4212862,5208592 4248775,5253407 4304622))
28349;POLYGON((4705839 4694439,4751747 4664834,4714315 4607821,4669028 4637364,4705839 4694439))
28350;POLYGON((4153432 5012874,4199505 4988805,4169032 4931380,4123492 4955442,4153432 5012874))
28351;POLYGON((3601413 5269995,3647317 5250698,3622849 5193380,3577409 5212700,3601413 5269995))
28352;POLYGON((3052655 5474013,3098222 5458870,3078988 5401918,3033828 5417097,3052655 5474013))
28353;POLYGON((2508355 5631456,2553536 5619983,2538930 5563483,2494112 5574994,2508355 5631456))
28354;POLYGON((1968564 5747341,2013388 5739173,2002950 5683103,1958457 5691304,1968564 5747341))
28355;POLYGON((1432569 5825337,1477117 5820217,1470522 5764485,1426283 5769628,1432569 5825337))
28356;POLYGON((899188 5867893,943571 5865661,940613 5810135,896528 5812378,899188 5867893))
28357;POLYGON((366970 5876339,411314 5876925,411904 5821451,367854 5820863,366970 5876339))
28358;POLYGON((-165638 5850937,-121201 5854359,-117047 5798780,-161182 5795342,-165638 5850937))
3113;POLYGON((449343 -935307,493744 -937540,490785 -993088,446682 -990845,449343 -935307))
3111;POLYGON((3605651 2399567,3649607 2393644,3642053 2338674,3598386 2344557,3605651 2399567))
3107;POLYGON((2985342 1210703,3028799 1201414,3017048 1147053,2973842 1156288,2985342 1210703))
3308;POLYGON((10231385 4009431,10275576 4004868,10269733 3949581,10225806 3954117,10231385 4009431))
3112;POLYGON((2080683 -4384509,2124419 -4392874,2113837 -4447612,2070319 -4439288,2080683 -4384509))
3577;POLYGON((2256488 -4297615,2300126 -4306532,2288966 -4360612,2245539 -4351738,2256488 -4297615))
