4326;POLYGON((157.5 -18.0,158.0 -18.0,158.0 -18.5,157.5 -18.5,157.5 -18.0))
28348;POLYGON((6781642 6887342,6857353 6857173,6825120 6778282,6750153 6808974,6781642 6887342))
28349;POLYGON((5911332 7199704,5981341 7176842,5956905 7103725,5887447 7127020,5911332 7199704))
28350;POLYGON((5102279 7437034,5167661 7419632,5149051 7351271,5084086 7369027,5102279 7437034))
28351;POLYGON((4342685 7617714,4404351 7604478,4390187 7539971,4328843 7553491,4342685 7617714))
28352;POLYGON((3622487 7754577,3681219 7744607,3670538 7683162,3612064 7693355,3622487 7754577))
28353;POLYGON((2933010 7856516,2989484 7849191,2981624 7790111,2925361 7797604,2933010 7856516))
28354;POLYGON((2266659 7929618,2321475 7924517,2315982 7867182,2261349 7872401,2266659 7929618))
28355;POLYGON((1616652 7977941,1670349 7974790,1666930 7918638,1613396 7921863,1616652 7977941))
28356;POLYGON((976781 8004020,1029860 8002657,1028340 7947166,975414 7948562,976781 8004020))
28357;POLYGON((341191 8009171,394133 8009528,394435 7954202,341645 7953837,341191 8009171))
28358;POLYGON((-295821 7993653,-242543 7995747,-240403 7940092,-293524 7937948,-295821 7993653))
3113;POLYGON((526967 1201652,580067 1200288,578546 1144776,525599 1146172,526967 1201652))
3111;POLYGON((3889780 4551045,3945032 4543600,3937110 4485952,3882161 4493356,3889780 4551045))
3107;POLYGON((3428651 3308354,3481812 3296991,3469820 3241514,3416915 3252822,3428651 3308354))
3308;POLYGON((10447224 6149580,10501656 6143959,10495652 6087146,10441491 6092739,10447224 6149580))
3112;POLYGON((2474288 -2304218,2526297 -2314166,2515799 -2368465,2464006 -2358559,2474288 -2304218))
3577;POLYGON((2682680 -2190810,2734561 -2201411,2723369 -2255644,2671701 -2245087,2682680 -2190810))
