4326;POLYGON((157.5 -24.75,158.0 -24.75,158.0 -25.25,157.5 -25.25,157.5 -24.75))
28348;POLYGON((6308886 5880181,6373936 5844768,6334526 5774383,6270298 5810032,6308886 5880181))
28349;POLYGON((5548640 6251667,5610603 6224164,5579971 6156655,5518641 6184397,5548640 6251667))
28350;POLYGON((4823370 6540326,4882573 6518958,4858753 6454243,4800047 6475833,4823370 6540326))
28351;POLYGON((4128854 6764155,4185666 6747633,4167230 6685439,4110815 6702154,4128854 6764155))
28352;POLYGON((3460510 6936168,3515320 6923565,3501238 6863524,3446754 6876289,3460510 6936168))
28353;POLYGON((2813630 7065695,2866832 7056348,2856367 6998057,2803441 7007532,2813630 7065695))
28354;POLYGON((2183521 7159321,2235503 7152768,2228141 7095814,2176400 7102459,2183521 7159321))
28355;POLYGON((1565580 7221546,1616721 7217481,1612118 7161453,1561196 7165578,1565580 7221546))
28356;POLYGON((955314 7255237,1005984 7253475,1003932 7197974,953469 7199763,955314 7255237))
28357;POLYGON((348319 7261902,398883 7262364,399292 7206994,348932 7206525,348319 7261902))
28358;POLYGON((-259764 7241835,-208943 7244542,-206056 7188910,-256667 7186163,-259764 7241835))
3113;POLYGON((505491 452577,556181 450814,554129 395291,503646 397081,505491 452577))
3111;POLYGON((3788385 3783261,3839606 3776360,3831907 3720336,3780981 3727198,3788385 3783261))
3107;POLYGON((3271813 2566227,3321541 2555598,3309781 2501196,3260304 2511772,3271813 2566227))
3308;POLYGON((10370694 5390753,10421496 5385506,10415621 5329922,10365086 5335141,10370694 5390753))
3112;POLYGON((2336291 -3033560,2385400 -3042953,2375009 -3096703,2326114 -3087351,2336291 -3033560))
3577;POLYGON((2533502 -2928246,2582498 -2938257,2571174 -2993128,2522393 -2983160,2533502 -2928246))
