4326;POLYGON((157.5 -36.25,158.0 -36.25,158.0 -36.75,157.5 -36.75,157.5 -36.25))
28348;POLYGON((5342683 4417826,5389329 4381473,5344013 4324752,5298107 4360969,5342683 4417826))
28349;POLYGON((4778923 4809733,4826083 4780031,4789005 4722236,4742473 4751894,4778923 4809733))
28350;POLYGON((4212710 5128566,4259854 5104508,4229781 5046514,4183173 5070581,4212710 5128566))
28351;POLYGON((3648836 5385155,3695664 5365925,3671590 5308213,3625224 5327480,3648836 5385155))
28352;POLYGON((3089784 5588215,3136158 5573159,3117280 5515950,3071308 5531052,3089784 5588215))
28353;POLYGON((2536408 5744595,2582306 5733209,2567996 5676558,2522455 5687989,2536408 5744595))
28354;POLYGON((1988450 5859522,2033927 5851427,2023714 5795281,1978562 5803414,1988450 5859522))
28355;POLYGON((1444929 5936789,1490086 5931719,1483639 5875962,1438785 5881057,1444929 5936789))
28356;POLYGON((904416 5978920,949384 5976710,946494 5921186,901817 5923407,904416 5978920))
28357;POLYGON((365231 5987279,410156 5987858,410732 5932394,366095 5931811,365231 5987279))
28358;POLYGON((-174398 5962135,-129368 5965523,-125309 5909939,-170043 5906534,-174398 5962135))
3113;POLYGON((454574 -824237,499559 -826448,496668 -881993,451974 -879771,454574 -824237))
3111;POLYGON((3620178 2509570,3664712 2503570,3657160 2448608,3612915 2454570,3620178 2509570))
3107;POLYGON((3008311 1319390,3052271 1309993,3040540 1255726,2996831 1265069,3008311 1319390))
3308;POLYGON((10242531 4119948,10287251 4115329,10281416 4060116,10236960 4064707,10242531 4119948))
3112;POLYGON((2101360 -4275226,2145531 -4283675,2134984 -4338230,2091030 -4329823,2101360 -4275226))
3577;POLYGON((2278439 -4189103,2322502 -4198107,2311305 -4252362,2267455 -4243402,2278439 -4189103))
