4326;POLYGON((156.75 -39.5,157.25 -39.5,157.25 -40.0,156.75 -40.0,156.75 -39.5))
28348;POLYGON((4987750 4109084,5029917 4074601,4985026 4020826,4943537 4055122,4987750 4109084))
28349;POLYGON((4474056 4483543,4517294 4454991,4480066 4399531,4437422 4427991,4474056 4483543))
28350;POLYGON((3951653 4791781,3995364 4768415,3964853 4712185,3921664 4735516,3951653 4791781))
28351;POLYGON((3426195 5042019,3470005 5023204,3445400 4966758,3402049 4985572,3426195 5042019))
28352;POLYGON((2901038 5241164,2944739 5226375,2925364 5170021,2882072 5184826,2901038 5241164))
28353;POLYGON((2377889 5394832,2421389 5383648,2406701 5327524,2363572 5338729,2377889 5394832))
28354;POLYGON((1857302 5507398,1900588 5499501,1890174 5443635,1847229 5451552,1857302 5507398))
28355;POLYGON((1339062 5582081,1382174 5577245,1375739 5521595,1332949 5526445,1339062 5582081))
28356;POLYGON((822465 5621017,865475 5619104,862837 5563584,820138 5565503,822465 5621017))
28357;POLYGON((306537 5625318,349532 5626273,350616 5570776,307931 5569817,306537 5625318))
28358;POLYGON((-209794 5595106,-166725 5598956,-161887 5543372,-204639 5539510,-209794 5595106))
3113;POLYGON((372591 -1182279,415617 -1184193,412978 -1239736,370263 -1237816,372591 -1182279))
3111;POLYGON((3508906 2160109,3551605 2154698,3544474 2099587,3502064 2104961,3508906 2160109))
3107;POLYGON((2869936 978587,2912320 969835,2900888 915116,2858757 923816,2869936 978587))
3308;POLYGON((10141707 3766419,10184737 3762287,10179268 3706728,10136504 3710834,10141707 3766419))
3112;POLYGON((1969700 -4619882,2012501 -4627804,2002154 -4683089,1959574 -4675208,1969700 -4619882))
3577;POLYGON((2143283 -4527607,2186022 -4536079,2175274 -4589748,2132745 -4581317,2143283 -4527607))
