4326;POLYGON((157.0 -17.5,157.5 -17.5,157.5 -18.0,157.0 -18.0,157.0 -17.5))
28348;POLYGON((6736586 6995224,6812490 6966288,6781642 6887342,6706453 6916814,6736586 6995224))
28349;POLYGON((5864579 7294665,5934693 7272759,5911332 7199704,5841747 7222049,5864579 7294665))
28350;POLYGON((5054611 7521933,5120049 7505278,5102279 7437034,5037240 7454046,5054611 7521933))
28351;POLYGON((4294488 7694733,4356190 7682083,4342685 7617714,4281292 7630648,4294488 7694733))
28352;POLYGON((3573883 7825394,3632649 7815887,3622487 7754577,3563968 7764306,3573883 7825394))
28353;POLYGON((2883944 7922435,2940462 7915476,2933010 7856516,2876696 7863641,2883944 7922435))
28354;POLYGON((2216952 7991669,2271830 7986857,2266659 7929618,2211956 7934547,2216952 7991669))
28355;POLYGON((1566036 8036951,1619821 8034026,1616652 7977941,1563025 7980938,1566036 8036951))
28356;POLYGON((924912 8060665,978111 8059476,976781 8004020,923730 8005238,924912 8060665))
28357;POLYGON((287650 8064016,340749 8064504,341191 8009171,288239 8008672,287650 8064016))
28358;POLYGON((-351538 8047171,-298057 8049359,-295821 7993653,-349149 7991410,-351538 8047171))
3113;POLYGON((475078 1258319,528298 1257130,526967 1201652,473896 1202870,475078 1258319))
3111;POLYGON((3841824 4616078,3897418 4608885,3889780 4551045,3834490 4558199,3841824 4616078))
3107;POLYGON((3386939 3375166,3440410 3363995,3428651 3308354,3375438 3319472,3386939 3375166))
3308;POLYGON((10398237 6211930,10452969 6206542,10447224 6149580,10392765 6154941,10398237 6211930))
3112;POLYGON((2432317 -2240025,2484583 -2249807,2474288 -2304218,2422239 -2294477,2432317 -2240025))
3577;POLYGON((2641512 -2126165,2693646 -2136605,2682680 -2190810,2630759 -2180412,2641512 -2126165))
