4326;POLYGON((157.75 -21.5,158.25 -21.5,158.25 -22.0,157.75 -22.0,157.75 -21.5))
28348;POLYGON((6583731 6334645,6654250 6300895,6617507 6226169,6547797 6260291,6583731 6334645))
28349;POLYGON((5766615 6686280,5832763 6660401,5804570 6589952,5739033 6616166,5766615 6686280))
28350;POLYGON((4997488 6956378,5059944 6936481,5038252 6869800,4976265 6889986,4997488 6956378))
28351;POLYGON((4268529 7163892,4327921 7148632,4311271 7085152,4252247 7100654,4268529 7163892))
28352;POLYGON((3572523 7322278,3629431 7310703,3616786 7249854,3560176 7261623,3572523 7322278))
28353;POLYGON((2902829 7441013,2957785 7432457,2948421 7373689,2893713 7382395,2902829 7441013))
28354;POLYGON((2253320 7526686,2306816 7520689,2300231 7463485,2246949 7469590,2253320 7526686))
28355;POLYGON((1618301 7583749,1670799 7580008,1666661 7523882,1614357 7527692,1618301 7583749))
28356;POLYGON((992414 7615021,1044349 7613356,1042459 7557845,990706 7559541,992414 7615021))
28357;POLYGON((370518 7621996,422314 7622328,422582 7566983,370966 7566645,370518 7621996))
28358;POLYGON((-252424 7605002,-200349 7607346,-197909 7551723,-249800 7549336,-252424 7605002))
3113;POLYGON((542606 812501,594561 810835,592670 755303,540897 756999,542606 812501))
3111;POLYGON((3863416 4146612,3916544 4139312,3908603 4082622,3855773 4089882,3863416 4146612))
3107;POLYGON((3372629 2916236,3423976 2905136,3411997 2850336,3360904 2861381,3372629 2916236))
3308;POLYGON((10433602 5751324,10486129 5745773,10480067 5689705,10427809 5695228,10433602 5751324))
3112;POLYGON((2427807 -2688166,2478289 -2697926,2467757 -2751828,2417489 -2742109,2427807 -2688166))
3577;POLYGON((2630753 -2577196,2681122 -2587591,2669738 -2642212,2619583 -2631862,2630753 -2577196))
