4326;POLYGON((157.75 -10.0,158.25 -10.0,158.25 -10.5,157.75 -10.5,157.75 -10.0))
28348;POLYGON((7230470 8204058,7316569 8184772,7296409 8097097,7210811 8117227,7230470 8204058))
28349;POLYGON((6254564 8401573,6332179 8387257,6317215 8308527,6239961 8323484,6254564 8401573))
28350;POLYGON((5367546 8548809,5438594 8538101,5427401 8466176,5356618 8477373,5367546 8548809))
28351;POLYGON((4549178 8659161,4615167 8651129,4606769 8584393,4540979 8592797,4549178 8659161))
28352;POLYGON((3783458 8741756,3845588 8735767,3839322 8672970,3777347 8679240,3783458 8741756))
28353;POLYGON((3057555 8802765,3116795 8798394,3112214 8738541,3053099 8743119,3057555 8802765))
28354;POLYGON((2360946 8846318,2418103 8843282,2414912 8785554,2357860 8788735,2360946 8846318))
28355;POLYGON((1684743 8875116,1740509 8873234,1738516 8816931,1682843 8818904,1684743 8875116))
28356;POLYGON((1021143 8890829,1076139 8889994,1075232 8834492,1020323 8835367,1021143 8890829))
28357;POLYGON((362995 8894327,417801 8894494,417929 8839207,363210 8839032,362995 8894327))
28358;POLYGON((-296580 8885800,-241393 8886977,-240221 8831331,-295319 8830098,-296580 8885800))
3113;POLYGON((571346 2088807,626364 2087972,625456 2032448,570526 2033324,571346 2088807))
3111;POLYGON((4044919 5493723,4105120 5485451,4096631 5424853,4036749 5433081,4044919 5493723))
3107;POLYGON((3648867 4208547,3706192 4196155,3693576 4138442,3636518 4150776,3648867 4208547))
3308;POLYGON((10570353 7075523,10629216 7069302,10622808 7010031,10564229 7016222,10570353 7075523))
3112;POLYGON((2668892 -1427708,2724387 -1438437,2713465 -1494333,2658193 -1483647,2668892 -1427708))
3577;POLYGON((2883588 -1339814,2938798 -1351208,2927813 -1403915,2872810 -1392564,2883588 -1339814))
