4326;POLYGON((157.75 -14.5,158.25 -14.5,158.25 -15.0,157.75 -15.0,157.75 -14.5))
28348;POLYGON((7023404 7438779,7104307 7412545,7076657 7329294,6996416 7356204,7023404 7438779))
28349;POLYGON((6100048 7708899,6173896 7689226,6153156 7613272,6079793 7633479,6100048 7708899))
28350;POLYGON((5251455 7912166,5319723 7897322,5304070 7827126,5236163 7842390,5251455 7912166))
28351;POLYGON((4461802 8065713,4525687 8054500,4513857 7988822,4450247 8000364,4461802 8065713))
28352;POLYGON((3718173 8181355,3778657 8172949,3769780 8110777,3709512 8119435,3718173 8181355))
28353;POLYGON((3009874 8267176,3067779 8261015,3061263 8201508,3003535 8207856,3009874 8267176))
28354;POLYGON((2327882 8328648,2383907 8324357,2379354 8266795,2323479 8271219,2327882 8328648))
28355;POLYGON((1664372 8369388,1719133 8366723,1716284 8310476,1661656 8313225,1664372 8369388))
28356;POLYGON((1012344 8391648,1066402 8390464,1065103 8334959,1011171 8336180,1012344 8391648))
28357;POLYGON((365299 8396607,419183 8396842,419367 8341537,365606 8341294,365299 8396607))
28358;POLYGON((-283052 8384522,-228819 8386189,-227142 8330550,-281248 8328831,-283052 8384522))
3113;POLYGON((562544 1589431,616623 1588247,615324 1532720,561370 1533942,562544 1589431))
3111;POLYGON((3972405 4955523,4029780 4947639,4021546 4888860,3964479 4896702,3972405 4955523))
3107;POLYGON((3538993 3694530,3593941 3682652,3581633 3626350,3526946 3638172,3538993 3694530))
3308;POLYGON((10515899 6548229,10572239 6542274,10565997 6484536,10509933 6490462,10515899 6548229))
3112;POLYGON((2573445 -1926732,2626955 -1937078,2616237 -1991932,2562945 -1981629,2573445 -1926732))
3577;POLYGON((2785782 -1818481,2839119 -1829489,2827939 -1883133,2774812 -1872170,2785782 -1818481))
