4326;POLYGON((157.75 -22.25,158.25 -22.25,158.25 -22.75,157.75 -22.75,157.75 -22.25))
28348;POLYGON((6529636 6223349,6598940 6189048,6561422 6115293,6492934 6149935,6529636 6223349))
28349;POLYGON((5725073 6581264,5790303 6554888,5761433 6485082,5696822 6511771,5725073 6581264))
28350;POLYGON((4965512 6856891,5027262 6836564,5004997 6770303,4943724 6790903,4965512 6856891))
28351;POLYGON((4243989 7069098,4302827 7053479,4285703 6990266,4227242 7006116,4243989 7069098))
28352;POLYGON((3553910 7231334,3610369 7219469,3597347 7158783,3541192 7170834,3553910 7231334))
28353;POLYGON((2889084 7353108,2943665 7344328,2934010 7285652,2879684 7294577,2889084 7353108))
28354;POLYGON((2243713 7441053,2296886 7434895,2290091 7377736,2237139 7383999,2243713 7441053))
28355;POLYGON((1612353 7499666,1664558 7495823,1660286 7439712,1608280 7443622,1612353 7499666))
28356;POLYGON((989837 7531800,1041498 7530089,1039546 7474577,988073 7476318,989837 7531800))
28357;POLYGON((371193 7538969,422719 7539309,422996 7483959,371656 7483613,371193 7538969))
28358;POLYGON((-248466 7521504,-196670 7523912,-194150 7468292,-245756 7465841,-248466 7521504))
3113;POLYGON((540029 729248,591709 727536,589757 672002,538264 673744,540029 729248))
3111;POLYGON((3851957 4061560,3904638 4054321,3896721 3997806,3844337 4005004,3851957 4061560))
3107;POLYGON((3355047 2833983,3406014 2822965,3394059 2768279,3343346 2779242,3355047 2833983))
3308;POLYGON((10424916 5667214,10477040 5661705,10470993 5605767,10419137 5611248,10424916 5667214))
3112;POLYGON((2412333 -2769067,2462494 -2778764,2451972 -2832611,2402026 -2822955,2412333 -2769067))
3577;POLYGON((2613995 -2659212,2664043 -2669540,2652645 -2724227,2602811 -2713943,2613995 -2659212))
