4326;POLYGON((157.75 -41.0,158.25 -41.0,158.25 -41.5,157.75 -41.5,157.75 -41.0))
28348;POLYGON((4935029 3880242,4974886 3845337,4928455 3793366,4889266 3828039,4935029 3880242))
28349;POLYGON((4446567 4260980,4487866 4231836,4449037 4177685,4408333 4206699,4446567 4260980))
28350;POLYGON((3945430 4576878,3987499 4552845,3955432 4497523,3913890 4521492,3945430 4576878))
28351;POLYGON((3438085 4835275,3480488 4815776,3454431 4759926,3412498 4779401,3438085 4835275))
28352;POLYGON((2928604 5042535,2971076 5027080,2950387 4971086,2908336 4986541,2928604 5042535))
28353;POLYGON((2419314 5203964,2461715 5192152,2445864 5136219,2403847 5148041,2419314 5203964))
28354;POLYGON((1911304 5323792,1953579 5315311,1942155 5259523,1900234 5268017,1911304 5323792))
28355;POLYGON((1404816 5405200,1446970 5399824,1439672 5344185,1397852 5349571,1404816 5405200))
28356;POLYGON((899546 5450363,941619 5447949,938254 5392411,896504 5394831,899546 5450363))
28357;POLYGON((394871 5460490,436923 5460972,437402 5405464,395670 5404981,394871 5460490))
28358;POLYGON((-109962 5435851,-67868 5439242,-63532 5383685,-105301 5380287,-109962 5435851))
3113;POLYGON((449702 -1353000,491791 -1355416,488425 -1410975,446658 -1408554,449702 -1353000))
3111;POLYGON((3572002 1983747,3613775 1978007,3606051 1922869,3564568 1928569,3572002 1983747))
3107;POLYGON((2919560 796662,2961102 787681,2949112 732833,2907824 741758,2919560 796662))
3308;POLYGON((10210521 3591154,10252710 3586695,10246687 3530984,10204764 3535415,10210521 3591154))
3112;POLYGON((2023499 -4801998,2065575 -4810133,2054714 -4865716,2012860 -4857624,2023499 -4801998))
3577;POLYGON((2195931 -4705225,2237974 -4713901,2226887 -4767101,2185052 -4758467,2195931 -4705225))
