4326;POLYGON((157.75 -43.75,158.25 -43.75,158.25 -44.25,157.75 -44.25,157.75 -43.75))
28348;POLYGON((4682795 3598508,4719087 3564966,4672495 3515380,4636824 3548654,4682795 3598508))
28349;POLYGON((4234817 3966723,4272903 3938386,4233479 3886155,4195962 3914323,4234817 3966723))
28350;POLYGON((3770061 4275494,3809248 4251898,3776370 4198039,3737701 4221534,3770061 4275494))
28351;POLYGON((3295350 4530279,3335166 4510982,3308236 4456184,3268891 4475425,3295350 4530279))
28352;POLYGON((2815245 4736098,2855381 4720706,2833860 4665417,2794153 4680783,2815245 4736098))
28353;POLYGON((2332628 4897310,2372895 4885487,2356325 4829982,2316452 4841796,2332628 4897310))
28354;POLYGON((1849168 5017493,1889464 5008972,1877477 4953404,1837549 4961923,1849168 5017493))
28355;POLYGON((1365686 5099393,1405968 5093978,1398290 5038416,1358358 5043832,1365686 5099393))
28356;POLYGON((882441 5144918,922703 5142482,919158 5086940,879235 5089377,882441 5144918))
28357;POLYGON((399362 5155134,439617 5155620,440122 5100086,400203 5099599,399362 5155134))
28358;POLYGON((-83764 5130283,-43497 5133702,-38929 5078155,-78855 5074734,-83764 5130283))
3113;POLYGON((432591 -1658565,472868 -1661002,469321 -1716565,429383 -1714127,432591 -1658565))
3111;POLYGON((3531031 1679661,3571208 1674141,3563442 1618705,3523557 1624185,3531031 1679661))
3107;POLYGON((2854761 493516,2894901 484839,2882790 429438,2842907 438059,2854761 493516))
3308;POLYGON((10178753 3283538,10219471 3279235,10213394 3223028,10172946 3227303,10178753 3283538))
3112;POLYGON((1964638 -5109738,2005490 -5117636,1994467 -5174052,1953840 -5166198,1964638 -5109738))
3577;POLYGON((2136468 -4996236,2177373 -5004678,2166463 -5057030,2125763 -5048630,2136468 -4996236))
