4326;POLYGON((157.75 -19.5,158.25 -19.5,158.25 -20.0,157.75 -20.0,157.75 -19.5))
28348;POLYGON((6721976 6638253,6795663 6606215,6761178 6528930,6688272 6561429,6721976 6638253))
28349;POLYGON((5872257 6970798,5940781 6946405,5914511 6874280,5846570 6899067,5872257 6970798))
28350;POLYGON((5078467 7224572,5142737 7205929,5122647 7138164,5058821 7157136,5078467 7224572))
28351;POLYGON((4330471 7418504,4391279 7404274,4375934 7340109,4315471 7354607,4330471 7418504))
28352;POLYGON((3619386 7565900,3677431 7555147,3665822 7493882,3608053 7504848,3619386 7565900))
28353;POLYGON((2937371 7676045,2993271 7668118,2984698 7609116,2929027 7617205,2937371 7676045))
28354;POLYGON((2277429 7755335,2331740 7749790,2325723 7692473,2271609 7698134,2277429 7755335))
28355;POLYGON((1633218 7808064,1686447 7804609,1682671 7748445,1629619 7751973,1633218 7808064))
28356;POLYGON((998871 7836933,1051494 7835396,1049770 7779887,997314 7781456,998871 7836933))
28357;POLYGON((368827 7843369,421299 7843675,421544 7788343,369235 7788030,368827 7843369))
28358;POLYGON((-262345 7827686,-209572 7829849,-207347 7774221,-259952 7772012,-262345 7827686))
3113;POLYGON((549066 1034500,601709 1032962,599985 977431,547508 979001,549066 1034500))
3111;POLYGON((3894160 4374790,3948486 4367325,3940473 4310125,3886447 4317549,3894160 4374790))
3107;POLYGON((3419712 3136501,3472078 3125181,3460023 3070035,3407912 3081300,3419712 3136501))
3308;POLYGON((10456874 5976668,10510478 5971003,10504374 5914543,10451040 5920180,10456874 5976668))
3112;POLYGON((2469165 -2471934,2520508 -2481860,2509938 -2535953,2458811 -2526068,2469165 -2471934))
3577;POLYGON((2675326 -2359053,2726549 -2369624,2715209 -2424031,2664200 -2413504,2675326 -2359053))
