4326;POLYGON((157.75 -12.0,158.25 -12.0,158.25 -12.5,157.75 -12.5,157.75 -12.0))
28348;POLYGON((7146681 7859287,7230655 7836729,7207023 7750878,7123628 7774210,7146681 7859287))
28349;POLYGON((6192228 8090808,6268308 8073994,6250693 7996403,6175033 8013813,6192228 8090808))
28350;POLYGON((5320832 8264050,5390752 8251429,5377529 8180210,5307918 8193291,5320832 8264050))
28351;POLYGON((4514093 8394304,4579231 8384811,4569280 8318505,4504375 8328353,4514093 8394304))
28352;POLYGON((3757285 8492041,3818752 8484947,3811311 8422403,3750027 8429766,3757285 8492041))
28353;POLYGON((3038462 8564370,3097166 8559184,3091717 8499471,3033162 8504856,3038462 8564370))
28354;POLYGON((2347717 8616075,2404421 8612469,2400620 8554808,2344042 8558554,2347717 8616075))
28355;POLYGON((1676597 8650295,1731961 8648057,1729585 8591778,1674333 8594103,1676597 8650295))
28356;POLYGON((1017626 8668977,1072247 8667984,1071164 8612480,1016648 8613513,1017626 8668977))
28357;POLYGON((363916 8673137,418353 8673335,418507 8618040,364172 8617835,363916 8673137))
28358;POLYGON((-291172 8662997,-236366 8664397,-234969 8608753,-289668 8607300,-291172 8662997))
3113;POLYGON((567828 1866869,622470 1865875,621387 1810350,566849 1811383,567828 1866869))
3111;POLYGON((4012414 5252468,4071348 5244370,4062979 5184630,4004359 5192685,4012414 5252468))
3107;POLYGON((3599692 3978496,3655953 3966334,3643484 3909293,3587487 3921398,3599692 3978496))
3308;POLYGON((10545972 6839435,10603705 6833333,10597376 6774790,10539923 6780862,10545972 6839435))
3112;POLYGON((2626244 -1650683,2680853 -1661240,2670030 -1716631,2615641 -1706116,2626244 -1650683))
3577;POLYGON((2840336 -1551494,2894717 -1562717,2883640 -1615868,2829467 -1604688,2840336 -1551494))
