4326;POLYGON((157.75 -14.0,158.25 -14.0,158.25 -14.5,157.75 -14.5,157.75 -14.0))
28348;POLYGON((7049634 7521879,7131185 7496341,7104307 7412545,7023404 7438779,7049634 7521879))
28349;POLYGON((6119708 7784651,6194028 7765524,6173896 7689226,6100048 7708899,6119708 7784651))
28350;POLYGON((5266282 7982150,5334901 7967734,5319723 7897322,5251455 7912166,5266282 7982150))
28351;POLYGON((4472996 8131191,4537148 8120311,4525687 8054500,4461802 8065713,4472996 8131191))
28352;POLYGON((3726556 8243350,3787250 8235200,3778657 8172949,3718173 8181355,3726556 8243350))
28353;POLYGON((3016008 8326537,3074083 8320567,3067779 8261015,3009874 8267176,3016008 8326537))
28354;POLYGON((2332140 8386097,2388311 8381940,2383907 8324357,2327882 8328648,2332140 8386097))
28355;POLYGON((1666997 8425558,1721888 8422976,1719133 8366723,1664372 8369388,1666997 8425558))
28356;POLYGON((1013479 8447115,1067657 8445969,1066402 8390464,1012344 8391648,1013479 8447115))
28357;POLYGON((365002 8451917,419004 8452145,419183 8396842,365299 8396607,365002 8451917))
28358;POLYGON((-284796 8440214,-230440 8441829,-228819 8386189,-283052 8384522,-284796 8440214))
3113;POLYGON((563679 1644920,617879 1643773,616623 1588247,562544 1589431,563679 1644920))
3111;POLYGON((3980355 5014527,4038040 5006601,4029780 4947639,3972405 4955523,3980355 5014527))
3107;POLYGON((3551070 3751028,3606278 3739093,3593941 3682652,3538993 3694530,3551070 3751028))
3308;POLYGON((10521880 6606148,10578497 6600164,10572239 6542274,10515899 6548229,10521880 6606148))
3112;POLYGON((2583963 -1871737,2637693 -1882125,2626955 -1937078,2573445 -1926732,2583963 -1871737))
3577;POLYGON((2796733 -1764886,2850280 -1775937,2839119 -1829489,2785782 -1818481,2796733 -1764886))
